0 23.3333
1 24.0001
2 24.5207
3 24.1533
4 22.5421
5 23.4674
6 24.1559
7 24.4945
8 23.9271
9 22.9666
10 22.0484
11 22.0702
12 22.5837
13 23.3098
14 23.3932
15 23.1570
16 23.0473
17 22.7594
18 23.7745
19 22.7438
20 22.7100
21 22.1867
22 23.2632
23 24.3510
24 23.2790
25 22.2260
26 23.8653
27 25.4358
28 25.4943
29 23.5329
30 23.1685
31 23.5521
32 24.3133
33 24.5526
34 24.8569
35 23.9336
36 24.1886
37 24.3791
38 23.2920
39 23.6395
40 23.7648
41 23.1092
42 23.0007
43 22.6954
44 23.8246
45 24.5138
46 22.8333
47 22.4874
48 23.6559
49 24.7102
50 24.5469
51 24.6836
52 23.7202
53 23.9524
54 24.6153
55 24.3158
56 24.0429
57 22.7025
58 21.9684
59 23.9583
60 24.2482
61 21.8813
62 21.9110
63 23.7832
64 23.9875
65 22.3371
66 21.8947
67 24.3351
68 25.4848
69 25.2646
70 23.5489
71 25.1259
72 25.6291
73 25.3385
74 24.2168
75 23.4479
76 23.5344
77 23.4649
78 22.6844
79 22.4812
80 25.4189
81 25.4115
82 25.5143
83 25.2165
84 25.9404
85 24.9784
86 25.3387
87 23.7542
88 24.3684
89 24.9637
90 23.8672
91 23.9429
92 24.7128
93 26.0069
94 25.6258
95 24.6433
96 22.7309
97 23.7695
98 23.2772
99 21.7018
100 21.8607
101 23.5218
102 25.5969
103 25.3418
104 26.1870
105 25.3835
106 25.2340
107 24.9941
108 24.7328
109 25.0123
110 25.1404
111 25.4741
112 24.8204
113 23.2717
114 23.2011
115 22.2713
116 24.4730
117 25.4664
118 24.3069
119 25.7236
120 25.7993
121 26.2281
122 25.8125
123 24.7621
124 24.2862
125 25.0149
126 25.7709
127 24.7265
128 22.6019
129 23.5972
130 24.0796
131 25.7774
132 26.5088
133 25.2273
134 23.5514
135 24.5900
136 25.5801
137 26.0538
138 26.0309
139 26.8334
140 23.7967
141 22.9153
142 24.1651
143 24.2456
144 25.3803
145 23.2229
146 22.6393
147 22.1985
148 22.7988
149 23.9314
150 25.9456
151 25.5631
152 25.3140
153 25.3844
154 23.5263
155 24.5444
156 25.1998
157 26.5645
158 28.1966
159 27.1182
160 24.6119
161 24.9061
162 26.2505
163 26.9342
164 26.1169
165 25.5175
166 25.8336
167 26.0723
168 26.8976
169 27.6395
170 26.7729
171 26.2672
172 26.1451
173 24.7448
174 26.1405
175 28.0902
176 28.6667
177 27.4288
178 27.5417
179 28.4118
180 28.9039
181 28.2950
182 28.6100
183 28.8231
184 30.8325
185 32.8661
186 33.7561
187 35.9211
188 37.8576
189 39.6429
190 40.9477
191 41.3339
192 45.5536
193 48.8686
194 52.1002
195 55.3521
196 56.9378
197 58.1013
198 59.2456
199 62.9587
200 65.4282
201 66.7336
202 67.2430
203 67.9143
204 69.0751
205 69.8910
206 69.4292
207 69.3427
208 68.7571
209 68.8333
210 68.2833
211 66.8276
212 65.7202
213 65.1093
214 64.4287
215 63.3330
216 61.8842
217 58.7758
218 56.9849
219 55.0352
220 53.5439
221 51.0985
222 48.9968
223 47.1687
224 44.8322
225 40.7968
226 38.6252
227 36.9888
228 36.4573
229 35.2978
230 33.6327
231 35.2632
232 32.9617
233 32.0808
234 30.2289
235 28.7729
236 29.3474
237 28.5623
238 26.9883
239 26.3618
240 25.2666
241 24.8140
242 24.7544
243 28.5624
244 28.9091
245 26.3191
246 23.0983
247 24.9449
248 25.5331
249 26.7842
250 24.9232
251 23.6688
252 24.3420
253 25.2807
254 25.4037
255 25.2632
256 26.1917
257 24.8069
258 24.2381
259 24.8828
260 24.5320
261 26.3256
262 25.0625
263 23.2911
264 23.7368
265 23.7410
266 24.4904
267 26.0836
268 26.2023
269 25.5646
270 26.7405
271 25.6204
272 25.1627
273 23.8064
274 20.9319
275 22.7544
276 25.1666
277 24.4211
278 22.6469
279 23.1716
280 26.0067
281 27.2619
282 25.0679
283 25.0924
284 24.6697
285 25.4931
286 24.6667
287 23.8694
288 24.3619
289 24.6720
290 23.3100
291 23.5439
292 23.7773
293 24.9616
294 25.2004
295 24.3865
296 25.0280
297 26.0263
298 25.6625
299 25.5509
300 25.6242
301 25.4358
302 25.7664
303 25.8164
304 25.9063
305 25.5309
306 25.8304
307 26.8399
308 27.6667
309 27.0992
310 26.3096
311 26.2527
312 25.9642
313 25.0647
314 25.1398
315 25.9759
316 21.7168
317 23.2047
318 25.1074
319 24.0877
320 26.3787
321 25.6068
322 24.6822
323 26.5537
324 24.4640
325 22.9793
326 24.5299
327 24.4673
328 24.7477
329 23.7893
330 24.3509
331 24.5840
332 23.6945
333 24.2930
334 24.6369
335 24.2644
336 22.9640
337 22.4822
338 22.8682
339 23.1527
340 23.6240
341 24.3772
342 24.9366
343 24.4770
344 23.8534
345 25.2748
346 24.9482
347 24.4983
348 23.5150
349 24.3009
350 23.9172
351 24.3002
352 24.4035
353 23.9397
354 23.4121
355 23.2131
356 23.2887
357 21.5939
358 23.7864
359 23.3233
360 23.8492
361 22.8650
362 24.2352
363 22.7456
364 24.8768
365 25.5485
366 24.6877
367 23.1029
368 25.1679
369 25.9766
370 26.3557
371 22.8413
372 23.2339
373 26.0913
374 26.3158
375 24.6034
376 23.2726
377 23.5761
378 23.3183
379 24.4686
380 25.9421
381 25.5390
382 24.0444
383 22.1303
384 23.9501
385 24.4561
386 24.3732
387 23.8491
388 23.8981
389 22.7949
390 24.3562
391 22.7246
392 22.8670
393 25.8446
394 25.9313
395 25.5142
396 24.2456
397 25.1064
398 23.8469
399 23.3072
400 21.9700
401 21.0541
402 22.8565
403 23.3175
404 24.4985
405 24.8957
406 25.3741
407 26.0351
408 25.0722
409 24.4009
410 24.5165
411 26.7602
412 24.5771
413 22.5415
414 22.3275
415 23.6610
416 24.6327
417 25.0059
418 24.6667
