0 23.3333
1 25.1650
2 21.6715
3 21.2786
4 21.5597
5 23.1140
6 22.9533
7 23.6292
8 21.7068
9 23.8089
10 21.6926
11 22.6274
12 24.8607
13 23.2778
14 21.5478
15 21.8636
16 22.8079
17 21.3102
18 21.6841
19 21.7013
20 22.7827
21 22.1893
22 22.4671
23 22.3499
24 21.5649
25 21.4235
26 20.4732
27 21.0340
28 21.9551
29 20.2802
30 21.5914
31 23.0679
32 21.7406
33 22.4786
34 22.2754
35 20.6575
36 21.4185
37 23.3060
38 23.6836
39 23.4522
40 23.6927
41 23.7857
42 23.0757
43 22.1008
44 23.2402
45 22.6312
46 21.5743
47 21.3880
48 20.8075
49 20.5326
50 20.8089
51 21.3797
52 21.8016
53 20.9530
54 21.4194
55 22.6452
56 22.9676
57 23.7310
58 24.1095
59 23.3035
60 22.7053
61 22.1196
62 20.5522
63 21.3528
64 21.1625
65 21.4811
66 21.7587
67 22.4034
68 22.2869
69 22.7107
70 23.4595
71 22.6199
72 22.2963
73 22.0092
74 23.4457
75 22.8031
76 23.7236
77 24.0483
78 24.4762
79 24.6783
80 23.6993
81 22.5593
82 21.0578
83 22.6435
84 22.7443
85 23.1183
86 22.2397
87 21.4186
88 23.8607
89 25.4580
90 24.4917
91 23.2852
92 24.6713
93 24.0808
94 23.3103
95 23.5994
96 22.9085
97 22.0655
98 22.7727
99 22.0436
100 23.2180
101 24.1201
102 23.8446
103 23.0631
104 22.7820
105 22.9385
106 21.3224
107 23.1649
108 23.0126
109 23.1229
110 26.0767
111 26.2600
112 23.4269
113 23.3300
114 23.4754
115 26.7779
116 26.7480
117 26.3559
118 27.9359
119 27.6634
120 24.6265
121 24.5631
122 26.2320
123 27.5365
124 29.3113
125 29.6081
126 31.2653
127 32.5042
128 33.0113
129 34.6787
130 35.9440
131 39.0180
132 43.2075
133 46.3912
134 49.6635
135 54.7170
136 58.5531
137 62.1709
138 65.6481
139 68.3775
140 71.1646
141 75.4641
142 77.4911
143 77.9126
144 80.1947
145 81.5648
146 82.2413
147 82.9360
148 83.3491
149 83.8925
150 83.7328
151 83.2061
152 82.8069
153 82.2916
154 82.1280
155 83.0442
156 83.2063
157 82.0909
158 80.7453
159 80.4960
160 80.3318
161 79.5994
162 77.2308
163 74.5794
164 73.9976
165 71.7251
166 68.0589
167 64.4951
168 61.0309
169 58.6010
170 54.5140
171 50.6461
172 48.3642
173 44.8948
174 41.5040
175 39.6258
176 38.1844
177 36.0526
178 34.2052
179 32.0243
180 30.4651
181 30.0726
182 28.5031
183 27.1461
184 24.2263
185 23.9698
186 25.1448
187 26.8969
188 26.4930
189 26.0865
190 26.7044
191 26.1353
192 23.8131
193 23.0147
194 23.4544
195 24.1528
196 23.5182
197 23.8528
198 23.7864
199 22.7827
200 22.5442
201 22.3286
202 24.0862
203 24.5331
204 23.4198
205 23.3256
206 21.7045
207 21.1577
208 23.4070
209 24.5954
210 21.6285
211 21.7741
212 21.3560
213 24.6454
214 23.4290
215 23.4042
216 20.8991
217 22.3930
218 23.9500
219 21.4826
220 23.5257
221 21.3533
222 19.7346
223 21.2487
224 23.3810
225 23.1913
226 22.0022
227 22.5900
228 22.4878
229 23.3964
230 21.2387
231 20.4302
232 21.4956
233 21.1638
234 21.7949
235 22.7650
236 23.0357
237 21.2578
238 21.3692
239 23.2431
240 23.5683
241 24.2269
242 22.6415
243 22.5088
244 22.7314
245 22.9955
246 22.6530
247 21.7116
248 20.8255
249 20.6791
250 22.3018
251 22.6543
252 22.9642
253 23.8309
254 23.7865
255 23.4771
256 23.4013
257 22.8007
258 23.1994
259 23.5136
260 21.3150
261 20.1226
262 22.0435
263 23.9207
264 23.1449
265 21.1451
266 20.6516
267 21.0449
268 21.1546
269 22.2019
270 22.8504
271 22.7403
272 23.1946
273 24.2490
274 23.8423
275 20.7590
276 19.6925
277 21.8547
278 24.9197
279 24.7225
280 23.4050
281 22.6927
282 23.4492
283 24.2548
284 24.6494
285 23.7772
286 23.3149
287 22.2275
288 23.2363
289 23.7070
290 20.2110
291 18.5471
292 19.6441
293 21.8804
294 22.1325
295 22.8306
296 21.7120
297 23.2306
298 24.0108
299 21.0597
300 23.8882
301 22.9757
302 23.3533
303 23.1521
304 23.8989
305 24.0754
306 23.1801
307 22.6109
308 23.3873
309 21.0078
310 19.7119
311 19.8682
312 19.7216
313 21.5172
314 24.4398
315 20.9514
316 20.6555
317 19.0000
