0 20.6667
1 21.9434
2 19.3803
3 20.6546
4 22.4561
5 23.4612
6 20.6667
7 20.6667
8 21.6528
9 23.0914
10 23.1647
11 23.1318
12 21.2512
13 20.8476
14 21.6197
15 20.4255
16 21.7150
17 22.5813
18 24.5108
19 23.1558
20 22.8680
21 21.0337
22 19.7642
23 20.6666
24 21.3411
25 22.8100
26 24.3998
27 23.8619
28 23.1707
29 21.1316
30 21.7063
31 23.5546
32 22.1952
33 22.7454
34 22.5784
35 21.3286
36 20.3503
37 20.3590
38 20.8619
39 21.5097
40 20.7731
41 20.8035
42 22.9902
43 24.2280
44 23.8515
45 23.0466
46 22.9474
47 24.6358
48 24.3249
49 25.0765
50 22.8367
51 22.3918
52 23.0323
53 22.2605
54 23.6370
55 22.8497
56 21.7542
57 21.8028
58 21.7565
59 21.3534
60 22.1628
61 20.9217
62 21.0009
63 21.4716
64 22.8617
65 23.2401
66 22.0050
67 21.6321
68 21.7215
69 20.2048
70 20.5763
71 19.4557
72 19.4933
73 18.9287
74 21.7018
75 22.2600
76 20.5187
77 19.8741
78 20.7858
79 21.5181
80 20.7688
81 22.2573
82 22.8510
83 22.7896
84 23.4859
85 21.0991
86 21.8935
87 22.6319
88 23.2996
89 25.1027
90 23.1274
91 20.5392
92 21.4975
93 21.8578
94 23.1682
95 21.8600
96 20.9982
97 22.3357
98 21.5780
99 21.3769
100 23.1173
101 24.5101
102 24.4176
103 24.0567
104 22.0499
105 22.0928
106 23.2837
107 23.8717
108 23.8818
109 24.8751
110 24.0314
111 23.9505
112 24.0936
113 23.9990
114 27.2249
115 25.8191
116 23.3039
117 23.1671
118 25.2332
119 25.5807
120 24.8545
121 24.5983
122 25.0192
123 26.2399
124 25.8372
125 24.8062
126 27.4157
127 26.6221
128 25.2263
129 27.3930
130 30.3730
131 32.1136
132 31.3655
133 30.6430
134 29.5858
135 33.0430
136 36.4161
137 37.9195
138 40.5292
139 46.8876
140 50.7706
141 53.1090
142 57.4089
143 62.1801
144 64.8846
145 67.7898
146 70.0445
147 72.3455
148 74.9130
149 78.4093
150 79.6653
151 80.7186
152 82.4241
153 83.1001
154 83.0000
155 83.0622
156 83.4635
157 82.4143
158 81.8189
159 82.5804
160 83.1080
161 84.0557
162 85.3725
163 84.7328
164 83.2524
165 82.5924
166 81.1602
167 78.9995
168 78.5530
169 77.0499
170 74.3033
171 71.2485
172 68.5768
173 64.5412
174 58.9477
175 55.7041
176 53.0812
177 46.6788
178 41.2621
179 38.4035
180 36.4090
181 34.0737
182 32.8015
183 31.8737
184 31.5804
185 30.6234
186 27.5544
187 24.7897
188 28.5821
189 28.3713
190 28.0888
191 26.3188
192 24.7750
193 24.2245
194 26.5347
195 26.7119
196 25.7857
197 24.7999
198 23.4755
199 26.8974
200 27.5769
201 26.1053
202 25.0489
203 21.3684
204 19.9378
205 22.8773
206 22.9558
207 21.9051
208 21.9040
209 22.8323
210 22.7137
211 22.8205
212 24.1090
213 23.5499
214 23.7198
215 22.4158
216 24.6875
217 26.9138
218 26.6040
219 23.0476
220 22.4458
221 21.3887
222 19.5002
223 24.3742
224 24.4708
225 23.6744
226 22.4773
227 21.3174
228 23.2229
229 22.3525
230 21.2497
231 21.5588
232 22.1014
233 21.5120
234 21.6334
235 23.3163
236 23.0440
237 22.9500
238 23.1937
239 24.3109
240 23.4341
241 19.8553
242 22.1609
243 23.1698
244 23.6009
245 23.8231
246 22.7538
247 21.3333
