0 23.0000
1 23.3818
2 23.0041
3 20.5503
4 19.7515
5 21.2532
6 22.0651
7 22.2484
8 25.0309
9 22.7405
10 21.4646
11 20.8091
12 20.2395
13 23.0944
14 22.4394
15 20.7491
16 19.8437
17 20.5365
18 23.7499
19 23.1975
20 23.6509
21 22.3393
22 21.9479
23 22.5087
24 22.9021
25 20.9209
26 20.7774
27 21.5626
28 22.5038
29 22.7734
30 23.6615
31 22.5142
32 22.8291
33 22.8630
34 21.4476
35 24.3665
36 25.1788
37 22.8285
38 21.6746
39 21.5866
40 22.0169
41 23.0722
42 23.3291
43 21.9279
44 24.1280
45 25.2496
46 24.0317
47 23.2480
48 24.5159
49 22.8578
50 20.5581
51 22.5920
52 22.9373
53 21.2368
54 23.8113
55 24.4861
56 22.3504
57 22.1712
58 22.1541
59 23.4519
60 24.5005
61 23.2487
62 22.2630
63 23.7615
64 23.8515
65 24.1595
66 26.7195
67 25.9226
68 24.7411
69 25.6780
70 27.7984
71 26.8372
72 26.2675
73 27.1750
74 26.9818
75 27.5463
76 27.4472
77 27.1703
78 29.0016
79 30.8499
80 32.4070
81 34.4850
82 35.4949
83 35.0205
84 36.1379
85 40.5089
86 44.8094
87 48.3567
88 53.4014
89 57.7830
90 60.8794
91 65.0527
92 68.6335
93 71.1851
94 75.3760
95 77.9484
96 78.3257
97 80.1271
98 81.7326
99 82.4483
100 83.0625
101 83.4485
102 83.9525
103 83.7921
104 83.2407
105 82.8768
106 82.3350
107 82.1451
108 82.9842
109 83.3016
110 82.3531
111 81.3663
112 81.0764
113 80.7563
114 79.8563
115 77.5954
116 74.6517
117 73.8228
118 70.9832
119 66.6819
120 63.6934
121 60.4799
122 57.8099
123 53.5213
124 49.0316
125 46.5039
126 43.3262
127 39.5540
128 37.2970
129 35.0838
130 33.6999
131 31.2168
132 29.3053
133 28.0188
134 26.2932
135 25.9936
136 27.5620
137 27.2930
138 26.4042
139 26.8701
140 27.7780
141 27.8212
142 27.7724
143 27.2091
144 24.4875
145 23.9624
146 24.4214
147 22.5836
148 23.4138
149 23.7403
150 22.9977
151 23.5326
152 21.9150
153 21.8911
154 25.1691
155 24.6843
156 23.9582
157 22.5323
158 22.7377
159 22.1566
160 22.9057
161 22.9510
162 22.5258
163 24.0904
164 23.0868
165 22.3951
166 22.1632
167 23.6366
168 24.3861
169 22.4330
170 21.7300
171 23.1933
172 22.5445
173 22.5632
174 19.8104
175 21.2687
176 20.9542
177 21.6614
178 21.8014
179 22.3626
180 21.9934
181 20.9234
182 21.4947
183 22.9535
184 22.8243
185 21.7444
186 19.7756
187 19.3944
188 21.9654
189 21.8736
190 21.7615
191 22.1180
192 23.3077
193 23.5022
194 22.1846
195 21.2428
196 22.1864
197 23.3220
198 22.6845
199 22.7391
200 23.9009
201 24.2085
202 25.1833
203 24.4597
204 20.7955
205 18.2009
206 20.7354
207 19.7936
208 21.1774
209 21.0501
210 23.0796
211 24.0000
