0 22.0000
1 22.7113
2 23.0781
3 22.7503
4 24.5105
5 25.3333
6 22.8996
7 19.1172
8 20.7113
9 22.9177
10 24.0000
11 23.8856
12 21.6695
13 21.9861
14 24.4114
15 24.0000
16 24.3096
17 23.3333
18 22.8354
19 23.6820
20 24.0028
21 25.0181
22 24.3333
23 24.5384
24 21.8689
25 23.2483
26 22.5370
27 21.9038
28 22.3333
29 24.1520
30 25.4979
31 24.1353
32 23.7141
33 23.3333
34 21.7183
35 20.6904
36 23.5342
37 22.8563
38 21.5146
39 21.6527
40 21.0084
41 21.3989
42 22.8647
43 22.8661
44 22.0000
45 23.9177
46 22.8201
47 25.4045
48 25.0056
49 22.0600
50 23.5035
51 24.0000
52 24.2901
53 20.9679
54 21.6025
55 21.6932
56 23.3752
57 23.6360
58 22.6179
59 23.3250
60 22.9958
61 21.3054
62 22.0126
63 23.9456
64 22.7141
65 21.8717
66 24.9303
67 24.2120
68 24.1953
69 25.1032
70 24.5997
71 20.9372
72 23.1199
73 24.6681
74 25.0000
75 25.2483
76 24.6667
77 25.3333
78 25.5649
79 24.5704
80 24.6611
81 24.0223
82 24.2943
83 26.0181
84 25.1451
85 25.1032
86 26.5607
87 26.9121
88 26.7029
89 25.8159
90 27.0000
91 28.1743
92 27.8466
93 29.1102
94 29.1381
95 30.4100
96 33.1088
97 34.6234
98 35.9331
99 35.7615
100 41.6736
101 45.5635
102 48.3333
103 54.3333
104 57.7406
105 61.3431
106 66.2580
107 69.8605
108 72.8717
109 78.0990
110 78.1743
111 78.8577
112 81.5411
113 82.4059
114 83.3947
115 83.3835
116 84.0000
117 84.3333
118 83.3333
119 82.9944
120 82.6778
121 82.0167
122 82.3333
123 83.6276
124 83.0000
125 82.0920
126 81.8117
127 81.5411
128 80.1911
129 79.1213
130 76.6081
131 74.4742
132 72.3333
133 67.6667
134 65.7573
135 61.4073
136 58.6318
137 55.7071
138 50.0237
139 47.4561
140 45.3138
141 38.8536
142 36.2036
143 33.7490
144 33.9568
145 32.0934
146 28.5509
147 28.8201
148 29.5230
149 28.8563
150 26.8020
151 27.1757
152 27.6374
153 25.0404
154 25.6151
155 25.1548
156 25.4812
157 26.0460
158 24.7852
159 23.3222
160 23.7852
161 23.8801
162 23.8968
163 24.4854
164 23.8368
165 24.5230
166 23.8145
167 22.4784
168 23.6667
169 22.0195
170 22.1311
171 22.2985
172 22.9289
173 23.4923
174 25.1283
175 24.6192
176 24.5579
177 21.7043
178 25.5969
179 24.3264
180 24.9791
181 27.0098
182 25.0153
183 21.7908
184 21.2538
185 20.2245
186 22.0000
187 23.2469
188 23.7239
189 23.0544
190 22.5467
191 22.5300
192 23.3821
193 24.1799
194 22.9177
195 21.2971
196 21.7071
197 18.9637
198 19.0195
199 21.8870
200 19.9540
201 21.1213
202 21.2692
203 23.7992
204 21.6667
205 23.3333
206 23.2190
207 23.0237
208 22.8271
209 20.6667
210 22.4951
211 23.2608
212 23.5160
213 25.7252
214 25.6667
215 22.9317
216 22.1534
217 20.4393
218 23.8647
219 24.7741
220 22.8340
221 23.1646
222 23.1409
223 24.3515
224 21.4184
225 22.5105
226 23.0432
227 23.5342
228 22.3417
229 22.0014
230 22.6485
231 22.4226
232 23.4114
233 24.5983
234 24.5551
235 23.0000
236 22.5997
237 19.7448
238 21.0167
239 23.0000
