0 24.0000
1 23.3816
2 23.6739
3 24.4561
4 26.1676
5 26.7966
6 25.0304
7 22.7881
8 22.7725
9 25.0470
10 24.3935
11 24.6998
12 25.4432
13 26.3844
14 23.7219
15 24.7622
16 23.4600
17 24.7155
18 25.0460
19 24.5730
20 25.2241
21 25.4124
22 25.6513
23 25.4979
24 23.8440
25 21.3504
26 22.1189
27 24.3869
28 25.2914
29 24.6363
30 23.9815
31 25.1616
32 25.0784
33 24.1965
34 23.8889
35 24.6709
36 24.4264
37 24.7954
38 25.1042
39 24.5974
40 21.2983
41 21.2156
42 24.5022
43 26.5172
44 26.6075
45 25.9044
46 25.2390
47 24.8051
48 23.2642
49 24.3278
50 23.3715
51 24.2784
52 25.2603
53 24.4184
54 24.2316
55 25.9176
56 24.8821
57 24.3135
58 26.3906
59 25.5016
60 25.1617
61 26.3523
62 23.1227
63 24.5743
64 24.9644
65 25.6539
66 26.7076
67 26.0694
68 24.5354
69 23.7687
70 23.4475
71 23.8489
72 23.9851
73 24.6384
74 25.4289
75 27.2826
76 26.2861
77 25.8112
78 25.6006
79 25.2198
80 25.8951
81 25.7699
82 26.6550
83 26.4310
84 27.2985
85 26.7708
86 22.1991
87 23.8614
88 25.1278
89 26.2717
90 26.7445
91 28.5918
92 27.6380
93 25.9029
94 25.9792
95 25.6995
96 27.9139
97 27.9025
98 30.7222
99 29.2756
100 29.1128
101 30.6035
102 31.0210
103 31.6101
104 34.1825
105 34.4470
106 32.9490
107 36.0681
108 36.9313
109 37.1835
110 39.7344
111 41.0368
112 42.6257
113 44.5138
114 46.4599
115 48.6442
116 50.8216
117 53.2490
118 54.8856
119 57.2583
120 60.3307
121 61.9728
122 62.4434
123 64.0222
124 65.4730
125 66.8096
126 67.4760
127 67.8521
128 68.1203
129 68.6245
130 69.3934
131 69.2119
132 68.4546
133 67.6738
134 67.4216
135 65.6501
136 63.5465
137 62.6877
138 61.8547
139 60.0211
140 57.7219
141 55.8990
142 53.6050
143 52.3712
144 50.2469
145 47.2154
146 47.0078
147 44.4057
148 40.9382
149 38.8223
150 37.5098
151 36.3333
152 34.0267
153 32.6795
154 33.8548
155 32.8181
156 30.0449
157 30.2624
158 31.5370
159 29.9586
160 29.2701
161 28.1036
162 27.1501
163 27.3558
164 26.8273
165 26.2099
166 26.5597
167 25.9275
168 24.7430
169 27.1261
170 26.8317
171 26.4492
172 24.4848
173 26.4140
174 24.8932
175 23.2362
176 22.7371
177 24.7959
178 26.3541
179 27.5520
180 27.1168
181 26.2623
182 24.4720
183 25.6645
184 26.0022
185 24.6206
186 23.6926
187 24.4005
188 25.5497
189 26.5012
190 26.1124
191 24.7589
192 25.6504
193 25.0609
194 25.6578
195 26.6679
196 25.6017
197 25.0600
198 24.8047
199 25.0655
200 26.1325
201 26.3145
202 24.9832
203 23.6124
204 26.3862
205 26.1007
206 23.7657
207 24.1095
208 24.8374
209 23.6705
210 24.8708
211 26.0433
212 25.0465
213 24.2425
214 24.6630
215 24.3298
216 20.6146
217 23.8137
218 22.7386
219 24.5499
220 24.2036
221 23.2704
222 22.4290
223 22.4307
224 24.7290
225 24.8278
226 23.0204
227 20.9659
228 19.1081
229 24.0000
230 23.5049
231 22.7458
232 24.0121
233 25.0716
234 25.4628
235 24.0035
236 24.0966
237 24.4481
238 23.3374
239 20.6111
240 23.3239
241 23.7660
242 25.0334
243 23.7265
244 24.1333
245 24.9952
246 25.3042
247 25.4555
248 24.2249
249 23.6875
250 23.9608
251 22.0105
252 22.5880
253 22.3443
254 24.3184
255 24.0364
256 23.7753
257 25.1552
258 23.5813
259 23.2043
260 24.6690
261 25.1479
262 23.8410
263 23.6104
264 23.5252
265 24.3051
266 24.4191
267 22.2290
268 22.6036
269 24.4533
270 23.8687
271 23.3846
272 23.6022
273 24.6037
274 24.5694
275 24.5129
276 23.8942
277 25.2940
278 25.6999
279 24.3733
280 23.3309
281 22.5934
282 21.3277
283 22.6052
284 23.6195
285 22.4552
286 22.1499
287 23.8872
288 23.0064
289 23.3330
290 23.2065
291 22.9471
292 23.5857
293 22.7713
294 21.4300
295 22.0908
296 22.3123
297 20.7730
298 22.5911
299 22.5322
300 21.2035
301 22.3976
302 24.0000
