0 22.6667
1 23.8964
2 26.0335
3 24.6573
4 24.8899
5 25.2864
6 23.8798
7 23.5292
8 24.5624
9 24.8143
10 23.7270
11 25.5730
12 25.7906
13 25.1789
14 24.8264
15 24.5545
16 24.7458
17 23.6396
18 22.9559
19 24.6907
20 23.0157
21 24.1994
22 25.7527
23 25.0950
24 23.0081
25 23.0837
26 24.6166
27 23.0289
28 23.1558
29 26.3524
30 25.6306
31 24.3537
32 22.4746
33 22.2332
34 23.6037
35 24.8783
36 23.4947
37 24.2355
38 25.8015
39 27.0454
40 26.0616
41 24.1083
42 23.2796
43 24.2712
44 25.3245
45 24.6394
46 24.6282
47 25.6711
48 25.3766
49 25.2109
50 25.1246
51 25.4166
52 26.8314
53 26.1865
54 24.3573
55 25.6765
56 24.2391
57 23.0092
58 22.4869
59 22.4330
60 23.5523
61 24.3379
62 24.0353
63 23.4556
64 26.3489
65 24.2136
66 24.4314
67 24.1272
68 24.4077
69 23.8783
70 22.8659
71 23.3593
72 24.9598
73 25.1970
74 24.5901
75 24.2602
76 24.8781
77 24.7951
78 24.3190
79 25.3383
80 25.5213
81 24.7656
82 24.9553
83 24.3771
84 25.1141
85 24.9080
86 25.4460
87 25.1175
88 24.7022
89 23.0449
90 24.9205
91 24.2919
92 23.9344
93 24.3536
94 24.5646
95 25.8246
96 26.0722
97 25.4828
98 25.8961
99 26.4786
100 26.9163
101 25.7666
102 24.5204
103 24.9714
104 25.9225
105 25.1992
106 24.1592
107 24.0405
108 24.3045
109 25.7434
110 25.2974
111 24.1773
112 23.5376
113 23.9967
114 24.5337
115 25.8643
116 26.0988
117 25.2748
118 23.8182
119 23.2724
120 25.2165
121 26.9796
122 26.7749
123 25.4627
124 23.7783
125 24.7460
126 26.1571
127 25.3107
128 24.1499
129 25.1810
130 25.3650
131 25.4224
132 26.3289
133 28.7636
134 32.0488
135 32.5997
136 31.9393
137 32.3645
138 35.0139
139 37.1995
140 36.2476
141 36.7283
142 36.7541
143 37.4805
144 40.4666
145 41.0424
146 42.5339
147 44.5953
148 46.1017
149 48.3492
150 50.6936
151 53.1968
152 54.7202
153 56.9418
154 60.0591
155 61.7251
156 62.4131
157 63.7902
158 65.6950
159 67.1363
160 67.1289
161 66.9106
162 68.1726
163 68.6159
164 68.9909
165 68.9603
166 68.1088
167 67.0774
168 66.9835
169 67.2660
170 65.5229
171 63.5789
172 62.0647
173 60.9568
174 58.8986
175 57.5821
176 55.1717
177 52.4752
178 51.0721
179 49.0667
180 46.1647
181 46.6979
182 45.2290
183 40.6399
184 38.1774
185 38.6196
186 37.4909
187 34.1018
188 29.9124
189 29.9346
190 30.6657
191 31.1371
192 31.5787
193 29.4645
194 27.8269
195 26.5747
196 26.8153
197 26.9893
198 24.8695
199 25.9881
200 27.0412
201 26.4924
202 25.4241
203 26.1849
204 25.7808
205 24.2058
206 24.1397
207 24.0318
208 25.2853
209 25.6150
210 26.3791
211 25.9825
212 25.4866
213 25.6445
214 25.5687
215 25.8768
216 25.4194
217 25.8676
218 24.7375
219 24.6958
220 24.5047
221 23.6584
222 24.3868
223 25.9021
224 24.7619
225 24.2499
226 25.3767
227 25.8457
228 25.2198
229 24.9283
230 23.5055
231 23.5430
232 24.5645
233 21.9024
234 25.3191
235 24.7640
236 25.5596
237 23.9563
238 23.0629
239 23.5700
240 25.0223
241 23.9461
242 22.8952
243 24.8560
244 24.6859
245 24.2728
246 22.6321
247 22.1016
248 22.2313
249 23.3681
250 24.3841
251 23.8365
252 24.3396
253 24.0818
254 24.7151
255 25.3462
256 24.6738
257 24.9229
258 25.1600
259 26.3422
260 25.5038
261 24.6640
262 23.7428
263 22.3802
264 23.2614
265 24.4337
266 24.7627
267 24.9674
268 24.0694
269 23.1706
270 25.6505
271 24.2817
272 24.6632
273 21.9488
274 23.5766
275 24.5666
276 24.5956
277 23.8015
278 24.4373
279 23.6989
280 23.0229
281 24.4021
282 22.9254
283 23.6505
284 24.4536
285 24.6260
286 23.6481
287 20.2004
288 22.0796
289 24.0195
290 24.1950
291 24.5163
292 22.8084
293 23.4651
294 22.9102
295 22.8443
296 25.3505
297 25.9689
298 24.7115
299 24.1181
300 24.8784
301 24.7504
302 23.8811
303 22.5701
304 21.9741
305 23.2728
306 23.7291
307 24.1560
308 24.0471
309 23.6025
310 22.3063
311 24.7491
312 24.7730
313 24.1971
314 22.7384
315 24.3909
316 22.8965
317 23.0424
318 22.7024
319 23.9074
320 25.4919
321 25.3219
322 23.9735
323 23.3223
324 24.5300
325 26.1543
326 25.5733
327 25.9516
328 25.5573
329 23.7480
330 23.8293
331 23.8430
332 24.3165
333 24.3168
334 22.8700
335 23.0774
336 23.8424
337 24.9160
338 24.8167
339 24.9619
340 24.5052
341 25.1705
342 25.6307
343 25.6093
344 25.3770
345 23.5952
346 22.3490
347 23.2324
348 23.1970
349 21.1849
350 21.1657
351 21.3940
352 22.9946
353 23.5234
354 25.0776
355 25.1157
356 25.8681
357 25.3127
358 24.2991
359 24.9330
360 24.9957
361 23.3333
