0 25.0000
1 23.5556
2 22.1747
3 21.3005
4 23.0707
5 24.9028
6 23.2174
7 20.6939
8 22.9523
9 22.0131
10 24.1985
11 24.9284
12 23.8639
13 22.9778
14 24.5827
15 25.7514
16 22.4065
17 19.5017
18 19.2355
19 21.7156
20 22.4116
21 23.7887
22 23.6172
23 23.3310
24 24.0760
25 24.3203
26 22.2804
27 24.2532
28 25.2143
29 24.8727
30 24.2189
31 22.4188
32 22.4400
33 22.1473
34 24.8740
35 25.3268
36 23.4999
37 23.2222
38 24.0338
39 24.5045
40 24.4341
41 25.6503
42 24.8556
43 23.5967
44 22.9550
45 24.5676
46 24.1958
47 23.7981
48 25.1256
49 24.4320
50 22.3194
51 21.2856
52 23.6317
53 24.3487
54 24.3156
55 23.5193
56 24.1970
57 22.7782
58 23.2541
59 23.3739
60 22.4441
61 23.8511
62 24.6132
63 24.1025
64 25.1648
65 24.9459
66 24.5651
67 24.9789
68 23.9841
69 24.3139
70 24.3907
71 24.0244
72 24.6591
73 23.9628
74 22.8889
75 23.8293
76 24.2903
77 25.5816
78 25.6506
79 23.9415
80 24.0954
81 23.9834
82 23.7038
83 24.1471
84 25.0217
85 24.4193
86 24.1602
87 24.6075
88 24.9226
89 23.3859
90 22.9793
91 24.1304
92 24.9578
93 25.0100
94 25.3565
95 24.3979
96 26.1824
97 25.4489
98 25.2293
99 23.0039
100 23.5359
101 23.8478
102 23.7548
103 23.6155
104 24.9354
105 24.4680
106 25.1064
107 26.5718
108 25.6803
109 25.2633
110 25.4985
111 25.6667
112 25.8104
113 25.6857
114 27.2432
115 27.2132
116 28.1141
117 27.7577
118 26.2354
119 25.6805
120 27.3801
121 26.9218
122 26.8386
123 25.4548
124 25.1775
125 25.6265
126 26.2890
127 25.8776
128 28.6309
129 29.6981
130 30.2561
131 26.8470
132 26.5254
133 29.4347
134 30.9943
135 32.4254
136 33.8865
137 34.9911
138 38.2783
139 41.2036
140 41.6630
141 41.3173
142 45.6255
143 49.4429
144 52.2143
145 55.5277
146 57.1832
147 58.1171
148 60.0000
149 63.7947
150 65.8644
151 66.9361
152 67.3245
153 68.2927
154 69.4341
155 70.1113
156 69.5995
157 68.8368
158 68.6033
159 68.8841
160 67.7383
161 65.8606
162 65.2851
163 64.7624
164 63.9782
165 62.4054
166 60.6907
167 59.1926
168 56.4991
169 53.8097
170 51.2541
171 49.8977
172 47.6656
173 44.9309
174 40.7453
175 38.7115
176 37.4507
177 36.7022
178 34.1760
179 32.9649
180 31.5196
181 31.2923
182 29.3888
183 29.6440
184 28.3467
185 28.4444
186 28.6085
187 27.8554
188 26.6721
189 25.7935
190 26.2958
191 27.9342
192 29.2583
193 27.5616
194 26.1808
195 26.4424
196 26.1164
197 24.7516
198 24.9077
199 23.5315
200 26.1171
201 25.8337
202 24.9273
203 23.9477
204 25.5790
205 24.6143
206 23.8961
207 24.5503
208 25.4131
209 25.5829
210 25.1405
211 26.1731
212 25.4535
213 26.1510
214 24.3135
215 23.3156
216 26.3392
217 27.4117
218 24.6230
219 22.6365
220 24.8718
221 25.8332
222 25.6667
223 26.4095
224 26.7938
225 25.4383
226 24.5810
227 22.9550
228 22.4497
229 24.1966
230 24.4126
231 23.9245
232 25.5197
233 25.8991
234 24.3467
235 26.6439
236 25.3285
237 25.2613
238 25.0217
239 25.1471
240 24.8819
241 25.7994
242 24.2025
243 22.9766
244 25.0101
245 25.1593
246 23.7650
247 21.7452
248 23.4252
249 23.9496
250 24.7677
251 25.6835
252 25.0392
253 25.5168
254 24.9472
255 24.3470
256 22.4597
257 26.0661
258 25.7923
259 25.0000
260 22.1464
261 22.2323
262 24.8706
263 26.3506
264 25.5795
265 25.5867
266 25.2807
267 24.8456
268 22.8458
269 22.3844
270 24.7149
271 25.9303
272 26.1539
273 25.6301
274 25.0739
275 25.2470
276 25.5693
277 25.4384
278 26.0090
279 25.8539
280 25.3581
281 25.2632
282 24.2946
283 24.3402
284 24.0131
285 22.8145
286 23.4211
287 24.1482
288 24.5849
289 22.5883
290 23.3818
291 23.3455
292 23.8731
293 25.2030
294 24.4390
295 23.6694
296 24.3333
297 24.4341
298 22.9825
299 26.1207
300 25.6404
301 26.3216
302 26.0882
303 23.3711
304 23.6085
305 26.1407
306 25.4463
307 24.6612
308 24.8598
309 24.9671
310 23.5646
311 21.1922
312 22.9791
313 23.0084
314 23.5968
315 25.3796
316 26.0309
317 25.3746
318 26.3521
319 24.6736
320 24.8506
321 26.8378
322 25.8049
323 22.1250
324 22.4271
325 23.2504
326 23.3652
327 23.6063
328 24.5528
329 25.4245
330 23.9854
331 22.6392
332 22.8207
333 25.0000
