0 22.0000
1 21.7695
2 21.8223
3 22.9155
4 23.6146
5 22.5856
6 21.4813
7 20.4457
8 21.9954
9 22.0960
10 21.6902
11 22.0276
12 22.3438
13 22.5174
14 22.0135
15 22.1722
16 22.3796
17 22.6152
18 22.7969
19 21.2199
20 21.2975
21 23.1725
22 22.0262
23 22.7899
24 23.5139
25 23.2121
26 23.9797
27 24.3317
28 23.0284
29 21.4070
30 24.0569
31 23.7256
32 22.1852
33 21.6480
34 22.5680
35 22.5901
36 20.2917
37 20.9573
38 21.8791
39 23.2591
40 24.3218
41 23.1731
42 22.8589
43 23.6145
44 22.9821
45 21.6908
46 22.4650
47 24.1347
48 24.8611
49 23.9609
50 23.1515
51 22.3829
52 21.9676
53 21.3373
54 21.3763
55 23.2386
56 22.4769
57 22.3485
58 22.9815
59 24.3888
60 24.1962
61 21.6838
62 21.2904
63 22.2227
64 21.2222
65 21.3501
66 22.5043
67 20.7237
68 23.4329
69 24.2857
70 23.5765
71 23.2780
72 21.0000
73 20.9601
74 22.5107
75 23.2814
76 22.6615
77 24.0867
78 23.6528
79 22.8156
80 23.5648
81 24.2952
82 23.7713
83 22.9932
84 22.4427
85 22.7357
86 22.6374
87 21.1405
88 20.8657
89 23.2030
90 21.5990
91 22.3830
92 24.8912
93 24.1909
94 22.5505
95 21.6974
96 21.0000
97 21.3229
98 21.5729
99 20.8932
100 21.4392
101 22.6288
102 24.8832
103 24.7880
104 24.1574
105 24.3993
106 25.3514
107 25.5466
108 26.0729
109 26.0368
110 25.7189
111 26.5356
112 26.0185
113 26.1040
114 26.1467
115 26.8885
116 27.9705
117 27.1846
118 28.6141
119 30.6387
120 30.7153
121 32.6234
122 32.0713
123 32.5221
124 34.1684
125 37.3240
126 40.3060
127 43.4375
128 46.6667
129 48.7354
130 52.0774
131 55.6286
132 58.5156
133 60.6469
134 66.6933
135 69.3548
136 71.7384
137 75.8985
138 77.2222
139 77.7250
140 80.3565
141 81.4074
142 81.5658
143 82.7031
144 82.8333
145 82.9006
146 83.6606
147 83.6573
148 83.4531
149 82.7327
150 82.1137
151 82.7083
152 83.4606
153 82.4893
154 81.1130
155 80.3019
156 80.4358
157 79.4988
158 78.7794
159 75.4265
160 74.3333
161 72.3487
162 69.4870
163 66.6042
164 61.6591
165 59.7569
166 56.1756
167 52.3714
168 49.9028
169 47.0182
170 43.0923
171 40.4658
172 38.0121
173 35.1320
174 33.8077
175 32.4583
176 29.8611
177 29.6474
178 30.2251
179 29.8508
180 28.7240
181 26.9879
182 25.3174
183 25.9919
184 25.5139
185 24.5192
186 23.7179
187 25.8126
188 26.1840
189 23.0508
190 23.3080
191 24.8400
192 25.6667
193 24.2890
194 21.5655
195 22.9348
196 23.1181
197 22.6052
198 21.6875
199 23.4832
200 22.0208
201 21.5575
202 23.0544
203 22.8662
204 23.0608
205 24.5710
206 25.6512
207 23.8232
208 21.6574
209 21.0543
210 21.9227
211 23.6481
212 23.8328
213 22.9404
214 21.7986
215 21.3249
216 22.2708
217 20.9823
218 22.1418
219 22.1904
220 21.4149
221 21.4918
222 22.1415
223 21.6539
224 23.2963
225 23.2819
226 23.1367
227 23.8728
228 23.1719
229 23.5764
230 23.9604
231 20.4526
232 19.3843
233 22.3264
234 24.3529
235 23.9549
236 23.2124
237 22.4642
238 22.5987
239 23.1380
240 24.1389
241 23.3386
242 22.1630
243 23.2812
244 24.3466
245 23.3174
246 22.3633
247 21.7320
248 20.6574
249 22.3952
250 23.3766
251 23.1440
252 21.7292
253 22.2802
254 22.3475
255 24.6542
256 21.2593
257 21.9246
258 21.8945
259 24.5224
260 24.4653
261 23.1260
262 23.1460
263 23.6670
264 24.6806
265 23.3117
266 21.4429
267 22.6100
268 22.7986
269 22.5312
270 22.4557
271 21.3852
272 21.4537
273 21.9749
274 22.5347
275 22.9165
276 22.2569
277 22.3224
278 22.1914
279 21.4479
280 20.9144
281 21.1036
282 21.4423
283 22.7551
284 23.0214
285 22.6020
286 21.3073
287 24.2733
288 25.0000
