0 25.0000
1 23.7021
2 22.7744
3 23.9845
4 24.3457
5 22.8199
6 22.6667
7 23.3635
8 23.9651
9 23.8773
10 22.8569
11 22.8509
12 22.9730
13 24.5412
14 24.8823
15 23.8793
16 22.2341
17 23.3019
18 22.9597
19 21.6471
20 21.4342
21 25.5563
22 24.4374
23 23.8793
24 25.5697
25 26.3467
26 25.2963
27 24.6994
28 24.6120
29 22.8809
30 23.2481
31 25.0842
32 24.4948
33 22.4005
34 24.9363
35 26.0892
36 26.2112
37 25.4273
38 23.7843
39 23.6717
40 24.8493
41 25.9892
42 25.6456
43 24.1933
44 23.4441
45 24.3529
46 25.7187
47 25.5007
48 25.1122
49 24.1922
50 23.6233
51 23.5152
52 24.5339
53 25.8338
54 26.9185
55 27.1897
56 26.1819
57 25.3633
58 24.4382
59 23.6218
60 24.1654
61 24.7172
62 24.7695
63 24.3013
64 24.9532
65 24.1380
66 25.1347
67 25.3148
68 26.0148
69 24.8328
70 23.3265
71 22.2077
72 23.6534
73 25.2881
74 25.7317
75 23.9439
76 24.2238
77 25.7240
78 26.2445
79 26.9233
80 25.7665
81 22.9405
82 22.9098
83 25.2370
84 25.8536
85 24.2078
86 25.3713
87 24.6527
88 24.1747
89 25.3405
90 24.6535
91 23.1280
92 24.2136
93 24.9799
94 24.6020
95 23.4775
96 24.5051
97 25.5169
98 25.3499
99 24.8826
100 23.9889
101 25.8754
102 26.1930
103 25.8153
104 25.4025
105 24.8346
106 22.6422
107 22.5201
108 24.3868
109 24.3764
110 25.9732
111 24.1284
112 21.1226
113 25.3383
114 25.7543
115 25.4624
116 26.6565
117 27.4397
118 26.7226
119 25.2345
120 27.0756
121 27.8892
122 28.1661
123 28.3102
124 29.0582
125 27.9711
126 28.4827
127 28.6069
128 29.4918
129 29.4813
130 29.9165
131 30.0749
132 31.5036
133 32.5236
134 33.4945
135 33.6431
136 34.1440
137 36.2793
138 36.9769
139 38.4206
140 39.3314
141 39.9088
142 41.0899
143 41.7904
144 44.9447
145 46.2521
146 47.5263
147 48.3553
148 51.3406
149 53.3504
150 54.3067
151 55.5296
152 58.7336
153 60.6870
154 62.0959
155 62.8866
156 64.1062
157 64.9882
158 66.6747
159 67.2320
160 66.7134
161 67.8904
162 68.5963
163 68.6672
164 68.2013
165 67.8639
166 68.0694
167 67.1855
168 66.0246
169 64.8349
170 64.2881
171 63.5409
172 62.4230
173 61.3513
174 59.9688
175 58.4736
176 56.6202
177 54.9976
178 53.6557
179 52.6869
180 49.0634
181 47.1968
182 45.6589
183 44.3004
184 43.6802
185 41.0086
186 39.0215
187 36.5928
188 35.5905
189 35.2391
190 34.2757
191 31.1961
192 31.5078
193 30.2939
194 29.6387
195 31.0041
196 28.7853
197 28.3574
198 29.7659
199 29.5643
200 29.4163
201 27.5225
202 26.6020
203 25.7439
204 25.7636
205 27.0937
206 26.5129
207 26.9140
208 25.0847
209 25.0738
210 25.0938
211 23.5427
212 24.8964
213 25.3905
214 25.2993
215 25.1919
216 25.4544
217 24.5337
218 23.6329
219 24.3855
220 22.8554
221 22.8809
222 23.7834
223 24.1031
224 25.1046
225 25.0242
226 25.3917
227 24.6270
228 25.8201
229 25.7872
230 24.6457
231 22.8034
232 21.7711
233 23.9762
234 23.8472
235 24.8861
236 24.1962
237 24.7099
238 24.3546
239 24.9302
240 25.6406
241 26.8538
242 26.0206
243 26.5579
244 25.3270
245 24.0772
246 21.9596
247 23.9412
248 23.3983
249 22.9309
250 22.9608
251 23.9804
252 25.3990
253 25.0654
254 24.5181
255 23.8624
256 22.8067
257 23.2812
258 24.0189
259 24.7066
260 25.7089
261 24.3725
262 23.3051
263 22.1219
264 24.4384
265 22.6235
266 22.3183
267 24.3211
268 24.2035
269 24.2353
270 23.6633
271 25.5553
272 25.8052
273 26.0432
274 26.8262
275 25.5973
276 24.5451
277 23.9159
278 23.8431
279 23.4138
280 24.2443
281 23.0638
282 21.5121
283 20.6636
284 21.8395
285 22.5213
286 23.1073
287 24.0238
288 23.4702
289 24.3001
290 23.3796
291 22.2343
292 23.4090
293 24.5467
294 25.0499
295 23.7402
296 24.5212
297 24.0827
298 24.6979
299 23.3643
300 26.0997
301 24.3383
302 23.7202
303 23.2227
304 21.7716
305 22.9708
306 24.0462
307 23.9098
308 23.2143
309 24.5864
310 23.8556
311 23.5666
312 23.2694
313 23.9521
314 24.2975
315 24.6299
316 24.3556
317 22.8643
318 24.8550
319 26.8889
320 24.3324
321 24.9563
322 24.7121
323 24.6667
