0 25.667
1 25.411
2 23.578
3 24.547
4 23.645
5 23.482
6 23.939
7 23.353
8 23.964
9 25.155
10 25.088
11 24.873
12 23.809
13 22.091
14 23.845
15 24.622
16 25.233
17 25.534
18 25.469
19 22.331
20 24.648
21 24.346
22 25.465
23 23.329
24 22.176
25 22.367
26 21.739
27 23.215
28 23.345
29 22.669
30 23.917
31 24.959
32 25.297
33 23.759
34 23.877
35 24.743
36 23.911
37 22.895
38 23.759
39 22.591
40 23.062
41 23.809
42 24.906
43 25.132
44 23.994
45 23.944
46 25.096
47 25.433
48 24.499
49 25.074
50 23.778
51 23.142
52 23.483
53 21.869
54 22.875
55 24.375
56 22.863
57 22.516
58 24.335
59 21.886
60 19.504
61 21.652
62 23.938
63 24.816
64 23.742
65 22.834
66 23.943
67 23.498
68 22.631
69 22.907
70 24.215
71 23.530
72 23.273
73 24.094
74 23.984
75 22.986
76 22.051
77 22.031
78 24.289
79 24.836
80 22.801
81 23.062
82 24.022
83 24.341
84 24.837
85 25.095
86 25.492
87 23.714
88 24.017
89 25.441
90 25.508
91 24.451
92 24.529
93 24.136
94 23.135
95 23.250
96 23.292
97 22.634
98 23.437
99 23.671
100 24.791
101 25.501
102 23.145
103 21.631
104 22.130
105 23.885
106 25.181
107 23.082
108 24.268
109 25.446
110 23.789
111 23.626
112 24.379
113 25.217
114 25.499
115 25.553
116 24.187
117 23.872
118 24.590
119 25.423
120 25.844
121 25.701
122 24.756
123 24.947
124 26.252
125 27.011
126 26.268
127 25.671
128 26.017
129 26.324
130 26.862
131 26.255
132 25.769
133 24.576
134 23.017
135 23.000
136 24.273
137 25.901
138 26.149
139 25.975
140 25.672
141 23.796
142 23.257
143 23.527
144 23.363
145 25.416
146 26.265
147 25.496
148 25.845
149 27.386
150 27.694
151 26.753
152 25.390
153 24.743
154 25.217
155 25.460
156 24.939
157 25.316
158 25.303
159 25.371
160 26.684
161 26.543
162 26.153
163 25.919
164 25.238
165 26.007
166 26.734
167 26.178
168 24.203
169 23.443
170 23.720
171 24.371
172 25.086
173 26.493
174 27.602
175 27.738
176 27.925
177 26.279
178 26.415
179 27.800
180 27.895
181 26.134
182 27.512
183 25.857
184 25.076
185 26.848
186 27.324
187 27.762
188 28.358
189 29.307
190 29.708
191 28.872
192 30.174
193 30.142
194 30.468
195 31.824
196 31.698
197 33.418
198 34.478
199 33.900
200 34.766
201 34.369
202 33.084
203 31.938
204 33.812
205 35.147
206 34.589
207 34.587
208 34.196
209 34.176
210 35.444
211 35.171
212 37.106
213 38.259
214 37.880
215 37.934
216 38.456
217 39.971
218 42.171
219 43.738
220 46.572
221 50.295
222 52.521
223 55.951
224 60.061
225 62.123
226 64.279
227 67.413
228 68.436
229 70.453
230 75.421
231 78.965
232 86.152
233 100.188
234 109.052
235 121.085
236 140.674
237 146.447
238 152.208
239 162.838
240 167.433
241 170.000
242 170.000
243 170.000
244 170.000
245 170.000
246 170.000
247 170.000
248 170.000
249 170.000
250 170.000
251 170.000
252 170.000
253 170.000
254 170.000
255 170.000
256 170.000
257 170.000
258 170.000
259 170.000
260 170.000
261 170.000
262 170.000
263 170.000
264 170.000
265 170.000
266 170.000
267 170.000
268 170.000
269 170.000
270 170.000
271 170.000
272 170.000
273 170.000
274 170.000
275 170.000
276 170.000
277 164.563
278 158.628
279 152.856
280 141.540
281 133.046
282 120.964
283 100.917
284 93.249
285 86.403
286 76.995
287 73.087
288 70.187
289 66.438
290 63.938
291 62.068
292 58.157
293 55.823
294 51.917
295 49.279
296 47.799
297 46.222
298 45.411
299 44.164
300 42.472
301 40.909
302 39.734
303 37.804
304 36.062
305 35.777
306 34.700
307 33.772
308 33.117
309 32.002
310 32.729
311 31.842
312 32.759
313 32.307
314 31.839
315 33.161
316 32.715
317 33.025
318 31.702
319 32.337
320 30.570
321 29.097
322 29.994
323 29.829
324 30.430
325 30.914
326 29.385
327 27.850
328 27.955
329 28.741
330 28.866
331 28.681
332 28.257
333 27.096
334 26.753
335 26.733
336 25.511
337 25.524
338 26.568
339 26.894
340 27.186
341 26.681
342 27.604
343 29.085
344 30.293
345 28.278
346 27.635
347 26.269
348 26.946
349 27.352
350 27.132
351 27.488
352 27.489
353 27.608
354 28.262
355 28.215
356 27.974
357 28.148
358 28.057
359 26.244
360 25.509
361 27.470
362 28.056
363 26.895
364 26.772
365 26.459
366 25.018
367 24.792
368 25.742
369 25.396
370 24.885
371 25.812
372 24.932
373 24.540
374 25.423
375 23.900
376 23.292
377 25.033
378 25.660
379 25.394
380 25.973
381 25.866
382 26.293
383 26.588
384 26.047
385 25.319
386 24.698
387 25.061
388 25.464
389 24.462
390 23.237
391 23.777
392 24.439
393 24.994
394 25.502
395 25.262
396 24.966
397 24.682
398 24.421
399 23.917
400 23.987
401 24.234
402 24.157
403 23.428
404 23.806
405 24.710
406 24.625
407 25.213
408 24.857
409 23.358
410 23.674
411 23.994
412 22.010
413 21.879
414 24.012
415 24.737
416 25.362
417 24.387
418 23.876
419 24.700
420 25.856
421 25.316
422 23.890
423 24.350
424 25.448
425 24.526
426 22.880
427 22.313
428 23.684
429 24.845
430 23.950
431 24.645
432 24.863
433 24.816
434 26.559
435 26.976
436 25.608
437 24.177
438 23.653
439 22.613
440 24.586
441 26.713
442 25.824
443 23.762
444 24.610
445 24.011
446 24.833
447 24.889
448 24.067
449 25.207
450 24.397
451 24.320
452 24.442
453 22.940
454 21.687
455 24.478
456 24.553
457 23.657
458 24.933
459 24.574
460 22.988
461 24.493
462 24.578
463 23.742
464 21.823
465 22.988
466 24.988
467 22.998
468 24.229
469 23.535
470 23.234
471 23.519
472 23.288
473 23.810
474 23.430
475 23.725
476 23.306
477 23.635
478 22.187
479 21.478
480 22.410
481 22.653
482 22.939
483 23.535
484 22.995
485 21.286
486 22.414
487 24.351
488 26.132
489 25.725
490 24.892
491 24.934
492 24.523
493 24.026
494 23.982
495 23.255
496 23.806
497 23.987
498 22.961
499 24.246
500 23.941
501 24.645
502 22.910
503 24.269
504 24.855
505 22.816
506 22.626
507 23.807
508 24.268
509 22.399
510 22.100
511 22.144
512 22.769
513 24.098
514 23.851
515 24.174
516 19.840
517 24.667
