0 26.333
1 26.812
2 23.372
3 22.677
4 23.358
5 24.206
6 25.363
7 26.526
8 26.232
9 25.570
10 26.454
11 24.670
12 25.182
13 23.833
14 24.436
15 25.087
16 23.409
17 24.205
18 24.254
19 24.025
20 24.274
21 24.080
22 24.215
23 23.549
24 23.963
25 23.399
26 22.039
27 23.295
28 22.770
29 23.117
30 25.017
31 25.768
32 24.238
33 24.455
34 25.110
35 24.101
36 23.591
37 24.598
38 25.558
39 24.157
40 24.496
41 24.229
42 23.124
43 22.486
44 23.542
45 24.826
46 24.945
47 23.752
48 26.214
49 24.335
50 22.728
51 24.138
52 22.879
53 24.320
54 25.426
55 23.508
56 22.527
57 23.606
58 23.279
59 24.092
60 21.271
61 21.239
62 23.177
63 25.747
64 24.531
65 23.122
66 24.427
67 25.415
68 24.987
69 23.177
70 20.437
71 23.024
72 23.181
73 22.349
74 24.674
75 24.620
76 24.074
77 24.045
78 23.689
79 23.143
80 23.998
81 24.707
82 23.353
83 24.424
84 24.988
85 26.128
86 24.822
87 22.590
88 20.643
89 22.269
90 24.687
91 24.377
92 23.753
93 24.893
94 23.615
95 22.574
96 24.437
97 25.562
98 23.338
99 24.180
100 24.457
101 23.715
102 24.275
103 24.431
104 23.581
105 23.185
106 21.099
107 23.247
108 23.786
109 24.491
110 25.743
111 26.500
112 24.555
113 25.718
114 25.625
115 24.523
116 25.981
117 25.040
118 24.897
119 25.426
120 25.634
121 23.502
122 24.882
123 25.260
124 23.674
125 22.914
126 22.084
127 23.406
128 22.909
129 22.186
130 24.633
131 28.048
132 25.378
133 25.772
134 24.211
135 23.316
136 26.155
137 27.545
138 26.689
139 25.069
140 24.678
141 23.751
142 22.548
143 24.280
144 25.363
145 24.100
146 23.662
147 25.299
148 25.860
149 26.584
150 28.840
151 27.002
152 25.569
153 26.082
154 27.362
155 29.691
156 32.044
157 28.840
158 27.034
159 27.321
160 29.051
161 28.429
162 27.571
163 27.471
164 27.234
165 28.585
166 30.968
167 30.966
168 30.832
169 30.364
170 31.899
171 32.265
172 31.600
173 32.036
174 31.054
175 31.619
176 34.672
177 33.767
178 33.257
179 31.122
180 32.221
181 34.759
182 31.899
183 33.206
184 34.969
185 35.732
186 37.168
187 36.893
188 37.637
189 38.383
190 39.125
191 40.689
192 43.105
193 44.765
194 47.186
195 51.052
196 53.386
197 55.502
198 58.479
199 61.202
200 62.965
201 64.830
202 67.596
203 70.229
204 74.378
205 82.968
206 89.162
207 97.612
208 116.629
209 132.102
210 140.812
211 149.005
212 157.367
213 163.705
214 169.666
215 170.000
216 170.000
217 170.000
218 170.000
219 170.000
220 170.000
221 170.000
222 170.000
223 170.000
224 170.000
225 170.000
226 170.000
227 170.000
228 170.000
229 170.000
230 170.000
231 170.000
232 170.000
233 170.000
234 170.000
235 170.000
236 170.000
237 170.000
238 170.000
239 170.000
240 170.000
241 170.000
242 170.000
243 170.000
244 170.000
245 170.000
246 170.000
247 170.000
248 170.000
249 170.000
250 170.000
251 169.892
252 168.636
253 158.891
254 151.307
255 144.600
256 129.212
257 115.849
258 104.608
259 92.013
260 81.514
261 76.428
262 72.102
263 70.044
264 69.629
265 68.578
266 63.900
267 61.220
268 57.177
269 52.949
270 49.294
271 45.820
272 43.353
273 41.611
274 39.341
275 38.262
276 38.176
277 37.168
278 35.887
279 35.537
280 35.199
281 34.608
282 33.357
283 33.477
284 32.545
285 32.797
286 31.411
287 30.836
288 33.759
289 33.497
290 33.904
291 34.254
292 33.294
293 31.467
294 30.024
295 30.330
296 29.622
297 30.049
298 29.419
299 29.663
300 28.442
301 29.106
302 29.182
303 28.821
304 26.637
305 28.144
306 27.587
307 27.249
308 27.096
309 28.239
310 27.748
311 27.091
312 26.732
313 26.322
314 26.869
315 26.752
316 25.281
317 24.047
318 25.142
319 25.736
320 24.645
321 26.506
322 26.233
323 24.673
324 24.364
325 24.019
326 25.418
327 23.603
328 26.769
329 26.638
330 27.285
331 27.012
332 26.807
333 26.241
334 24.194
335 25.898
336 26.084
337 26.471
338 28.826
339 25.898
340 23.042
341 24.536
342 26.139
343 27.173
344 25.688
345 24.506
346 24.640
347 26.214
348 26.614
349 26.228
350 24.420
351 26.258
352 25.510
353 24.120
354 23.789
355 24.027
356 25.120
357 26.038
358 25.619
359 25.001
360 24.947
361 24.677
362 25.656
363 24.777
364 25.022
365 25.086
366 25.322
367 25.821
368 27.198
369 27.158
370 25.117
371 24.798
372 26.034
373 25.882
374 25.054
375 24.745
376 23.192
377 22.806
378 21.835
379 22.078
380 23.470
381 25.650
382 25.151
383 23.602
384 22.676
385 22.544
386 20.988
387 22.515
388 22.175
389 24.077
390 24.667
391 25.204
392 25.383
393 24.138
394 22.024
395 21.157
396 18.561
397 22.716
398 25.148
399 25.672
400 24.357
401 24.262
402 23.639
403 23.271
404 23.696
405 24.770
406 24.401
407 24.621
408 25.237
409 24.355
410 24.880
411 25.823
412 24.830
413 24.032
414 24.693
415 25.098
416 24.778
417 23.929
418 24.316
419 23.440
420 21.412
421 25.203
422 25.287
423 24.203
424 25.400
425 24.543
426 25.270
427 25.436
428 24.574
429 24.298
430 24.035
431 22.733
432 20.545
433 23.996
434 23.218
435 23.513
436 23.336
437 23.659
438 23.397
439 21.823
440 22.400
441 23.627
442 24.881
443 24.952
444 25.318
445 24.214
446 24.242
447 23.780
448 24.172
449 24.246
450 24.486
451 25.392
452 24.889
453 25.282
454 26.092
455 24.278
456 24.024
457 25.503
458 25.021
459 24.123
460 23.251
461 22.679
462 22.238
463 23.348
464 23.512
465 22.995
466 24.152
467 23.794
468 23.206
469 23.333
