0 21.000
1 23.153
2 24.399
3 22.939
4 23.758
5 25.583
6 24.372
7 22.871
8 23.449
9 23.500
10 24.267
11 23.635
12 24.281
13 23.782
14 23.410
15 24.311
16 25.595
17 25.211
18 24.282
19 25.073
20 25.017
21 25.619
22 25.006
23 24.020
24 24.636
25 23.760
26 22.758
27 22.293
28 24.157
29 24.970
30 24.140
31 22.550
32 22.862
33 22.822
34 23.560
35 24.243
36 22.061
37 23.292
38 24.310
39 26.041
40 24.713
41 24.121
42 23.279
43 23.801
44 22.317
45 22.751
46 22.694
47 22.869
48 23.031
49 23.870
50 24.255
51 23.547
52 23.344
53 22.904
54 21.528
55 23.939
56 23.548
57 22.649
58 23.081
59 22.037
60 22.739
61 22.973
62 22.432
63 24.165
64 24.356
65 22.333
66 22.872
67 23.500
68 21.615
69 22.476
70 23.920
71 22.735
72 22.009
73 22.426
74 22.855
75 24.157
76 24.028
77 23.733
78 24.543
79 24.380
80 24.099
81 23.330
82 22.312
83 23.836
84 25.360
85 26.040
86 26.930
87 23.013
88 22.561
89 22.611
90 23.398
91 23.422
92 23.992
93 23.911
94 25.007
95 25.928
96 24.594
97 24.812
98 25.182
99 23.342
100 22.934
101 22.238
102 24.189
103 24.769
104 26.401
105 24.891
106 24.081
107 26.495
108 24.459
109 23.713
110 21.513
111 22.920
112 23.855
113 24.905
114 22.549
115 24.508
116 21.825
117 24.043
118 26.547
119 25.104
120 24.805
121 24.957
122 26.396
123 26.153
124 24.832
125 25.394
126 25.472
127 24.908
128 23.597
129 23.705
130 24.869
131 25.292
132 25.927
133 23.427
134 23.208
135 24.009
136 25.043
137 24.472
138 24.779
139 26.154
140 24.081
141 23.392
142 24.008
143 24.691
144 23.892
145 22.618
146 22.523
147 22.995
148 24.134
149 24.996
150 24.848
151 25.978
152 25.032
153 25.004
154 25.451
155 24.616
156 25.898
157 24.997
158 25.544
159 24.418
160 25.205
161 25.795
162 27.286
163 25.904
164 25.556
165 25.712
166 28.159
167 27.452
168 25.961
169 25.546
170 24.620
171 26.513
172 25.584
173 25.418
174 26.747
175 27.416
176 25.861
177 25.415
178 24.979
179 24.950
180 25.604
181 25.195
182 24.763
183 25.231
184 24.833
185 26.127
186 25.531
187 26.210
188 26.957
189 26.895
190 26.646
191 25.508
192 26.596
193 26.778
194 26.342
195 26.429
196 26.778
197 25.016
198 23.510
199 25.010
200 25.558
201 27.841
202 27.204
203 26.616
204 26.388
205 24.601
206 26.303
207 26.187
208 27.200
209 28.322
210 26.375
211 27.747
212 29.113
213 29.041
214 27.380
215 25.153
216 26.336
217 29.046
218 28.985
219 27.926
220 30.147
221 31.818
222 30.398
223 26.756
224 28.455
225 30.036
226 31.745
227 31.157
228 30.821
229 28.954
230 28.122
231 32.699
232 32.168
233 32.579
234 33.797
235 35.505
236 34.124
237 33.816
238 32.759
239 32.174
240 33.945
241 33.572
242 33.982
243 35.184
244 35.892
245 35.771
246 37.283
247 38.589
248 39.396
249 40.680
250 43.474
251 46.333
252 48.787
253 50.490
254 53.654
255 56.831
256 59.266
257 60.528
258 61.492
259 64.615
260 67.893
261 71.309
262 75.848
263 88.171
264 102.158
265 114.746
266 132.358
267 141.754
268 150.083
269 157.315
270 165.550
271 169.133
272 170.000
273 170.000
274 170.000
275 170.000
276 170.000
277 170.000
278 170.000
279 170.000
280 170.000
281 170.000
282 170.000
283 170.000
284 170.000
285 170.000
286 170.000
287 170.000
288 170.000
289 170.000
290 170.000
291 170.000
292 170.000
293 170.000
294 170.000
295 170.000
296 170.000
297 170.000
298 170.000
299 170.000
300 170.000
301 170.000
302 170.000
303 170.000
304 170.000
305 170.000
306 170.000
307 170.000
308 170.000
309 169.610
310 164.294
311 158.629
312 153.169
313 145.400
314 130.808
315 118.627
316 107.242
317 95.320
318 80.380
319 74.231
320 69.973
321 65.519
322 62.937
323 60.869
324 59.269
325 57.176
326 54.657
327 52.688
328 50.566
329 48.322
330 45.034
331 43.538
332 42.277
333 41.376
334 40.752
335 39.594
336 38.418
337 36.723
338 38.112
339 35.692
340 36.000
341 34.456
342 34.901
343 32.536
344 31.682
345 35.070
346 33.925
347 32.832
348 32.316
349 32.108
350 34.137
351 32.357
352 30.331
353 31.745
354 34.175
355 31.439
356 30.726
357 32.322
358 30.970
359 29.195
360 27.653
361 28.567
362 28.536
363 31.606
364 31.021
365 27.223
366 28.503
367 27.949
368 27.231
369 27.713
370 28.429
371 25.933
372 26.656
373 27.028
374 27.445
375 28.277
376 29.209
377 25.212
378 25.759
379 27.171
380 27.287
381 27.480
382 27.342
383 26.426
384 24.022
385 25.972
386 27.667
387 26.996
388 25.577
389 25.040
390 27.485
391 27.417
392 26.472
393 25.959
394 27.238
395 26.833
396 26.539
397 26.059
398 26.857
399 27.072
400 26.951
401 28.254
402 26.408
403 25.669
404 26.082
405 28.195
406 28.466
407 28.033
408 25.515
409 24.972
410 24.455
411 25.187
412 25.372
413 27.576
414 25.977
415 26.150
416 26.113
417 25.135
418 25.141
419 24.683
420 24.785
421 23.082
422 23.009
423 23.345
424 22.781
425 21.414
426 23.685
427 24.348
428 24.685
429 24.158
430 24.970
431 25.633
432 25.628
433 25.119
434 25.404
435 23.715
436 23.299
437 25.617
438 25.411
439 26.244
440 25.338
441 24.998
442 26.072
443 25.714
444 25.376
445 24.412
446 23.642
447 23.415
448 23.956
449 22.790
450 23.622
451 24.586
452 23.829
453 24.538
454 25.782
455 25.817
456 25.817
457 24.510
458 23.298
459 23.367
460 23.647
461 20.349
462 22.657
463 26.039
464 26.115
465 23.875
466 24.730
467 26.622
468 25.034
469 23.757
470 24.295
471 24.583
472 25.618
473 25.618
474 26.145
475 24.981
476 22.991
477 23.423
478 23.170
479 22.849
480 26.595
481 25.901
482 24.297
483 23.090
484 23.952
485 23.665
486 22.638
487 23.110
488 23.380
489 22.112
490 20.400
491 22.507
492 23.887
493 20.565
494 22.011
495 25.882
496 22.947
497 22.939
498 23.942
499 23.500
500 22.391
501 21.768
502 21.661
503 21.843
504 22.880
505 21.867
506 23.856
507 25.771
508 24.731
509 24.715
510 23.983
511 23.092
512 24.172
513 24.423
514 23.964
515 24.344
516 24.221
517 23.868
518 23.808
519 23.320
520 21.450
521 23.837
522 25.393
523 24.526
524 23.275
525 22.215
526 23.190
527 22.463
528 22.333
529 21.993
530 22.878
531 24.084
532 23.773
533 23.765
534 23.214
535 22.862
536 23.174
537 21.942
538 22.725
539 23.122
540 22.286
541 24.435
542 24.146
543 23.757
544 23.901
545 22.244
546 21.851
547 24.560
548 24.429
549 23.686
550 21.837
551 22.613
552 24.397
553 22.759
554 22.047
555 23.729
556 23.927
557 23.859
558 23.225
559 23.616
560 24.908
561 24.237
562 22.664
563 22.422
564 24.833
565 23.907
566 23.598
567 23.392
568 24.048
569 24.373
570 25.102
571 23.424
572 22.754
573 24.037
574 24.448
575 25.462
576 26.585
577 25.378
578 23.889
579 24.667
