0 23.667
1 24.091
2 23.568
3 22.831
4 22.553
5 23.422
6 24.428
7 23.364
8 24.895
9 25.078
10 24.711
11 24.023
12 21.249
13 22.318
14 23.654
15 22.774
16 22.495
17 23.597
18 22.722
19 21.298
20 21.825
21 24.060
22 24.038
23 22.859
24 23.736
25 24.831
26 23.497
27 24.479
28 23.271
29 24.085
30 23.546
31 23.578
32 23.825
33 23.887
34 24.831
35 24.541
36 23.611
37 24.237
38 22.794
39 23.072
40 23.670
41 23.050
42 23.237
43 23.581
44 23.383
45 23.155
46 20.891
47 21.701
48 21.425
49 23.130
50 24.315
51 24.233
52 24.504
53 23.932
54 22.888
55 22.517
56 23.739
57 22.944
58 25.072
59 24.978
60 24.867
61 24.855
62 23.520
63 24.433
64 24.530
65 23.290
66 24.055
67 23.441
68 25.234
69 23.861
70 24.266
71 25.222
72 24.984
73 24.560
74 23.424
75 22.653
76 24.549
77 26.229
78 25.798
79 25.281
80 23.727
81 23.358
82 23.770
83 21.924
84 23.401
85 24.394
86 23.321
87 24.375
88 24.578
89 25.776
90 25.485
91 24.159
92 24.788
93 24.671
94 22.347
95 23.063
96 23.414
97 23.675
98 25.114
99 24.087
100 22.796
101 25.413
102 25.464
103 24.465
104 21.814
105 22.666
106 24.361
107 25.338
108 23.597
109 24.456
110 25.657
111 23.784
112 22.763
113 23.947
114 25.740
115 24.550
116 24.950
117 24.700
118 25.260
119 24.233
120 23.914
121 25.084
122 25.994
123 25.985
124 25.258
125 24.392
126 25.008
127 25.413
128 25.515
129 24.079
130 25.920
131 27.100
132 26.729
133 26.131
134 25.575
135 25.902
136 26.579
137 28.214
138 27.399
139 25.710
140 23.393
141 27.033
142 27.451
143 25.684
144 26.067
145 26.240
146 27.846
147 25.971
148 26.640
149 26.575
150 28.194
151 25.147
152 25.803
153 26.256
154 24.290
155 26.634
156 25.902
157 26.713
158 27.481
159 26.461
160 25.844
161 27.781
162 27.846
163 25.224
164 24.704
165 26.323
166 28.039
167 28.934
168 29.389
169 30.154
170 25.981
171 24.902
172 26.635
173 26.991
174 28.033
175 27.635
176 27.144
177 26.093
178 27.367
179 28.121
180 26.434
181 26.723
182 26.622
183 26.596
184 26.609
185 28.019
186 30.828
187 31.300
188 29.711
189 30.639
190 31.926
191 30.058
192 30.759
193 32.607
194 32.170
195 30.265
196 30.837
197 30.605
198 33.113
199 32.636
200 31.697
201 30.978
202 32.713
203 32.771
204 32.696
205 32.219
206 32.832
207 32.542
208 31.358
209 35.437
210 37.532
211 37.319
212 35.959
213 36.324
214 37.440
215 38.098
216 40.083
217 40.393
218 41.945
219 42.965
220 44.160
221 46.350
222 49.342
223 51.975
224 54.640
225 56.765
226 58.928
227 60.429
228 62.754
229 65.149
230 67.984
231 72.872
232 78.821
233 90.646
234 103.905
235 115.225
236 127.275
237 141.765
238 150.695
239 156.973
240 162.369
241 168.365
242 170.000
243 170.000
244 170.000
245 170.000
246 170.000
247 170.000
248 170.000
249 170.000
250 170.000
251 170.000
252 170.000
253 170.000
254 170.000
255 170.000
256 170.000
257 170.000
258 170.000
259 170.000
260 170.000
261 170.000
262 170.000
263 170.000
264 170.000
265 170.000
266 170.000
267 170.000
268 170.000
269 170.000
270 170.000
271 170.000
272 170.000
273 170.000
274 170.000
275 170.000
276 170.000
277 170.000
278 170.000
279 169.713
280 166.970
281 159.910
282 151.199
283 143.741
284 135.766
285 122.542
286 103.947
287 90.062
288 82.546
289 75.413
290 67.344
291 64.117
292 63.163
293 62.013
294 58.699
295 56.029
296 54.458
297 52.050
298 47.934
299 44.119
300 42.701
301 41.032
302 41.600
303 39.397
304 37.387
305 36.370
306 34.955
307 36.666
308 36.750
309 35.339
310 33.854
311 34.465
312 32.754
313 31.473
314 30.658
315 29.527
316 31.911
317 31.201
318 30.916
319 30.765
320 32.495
321 32.093
322 30.709
323 28.806
324 28.486
325 29.581
326 30.093
327 26.310
328 24.750
329 27.441
330 27.504
331 29.108
332 30.095
333 30.790
334 29.121
335 26.389
336 26.998
337 27.502
338 26.614
339 24.936
340 26.511
341 25.862
342 25.502
343 26.318
344 26.303
345 27.803
346 27.752
347 27.443
348 26.021
349 26.472
350 26.385
351 26.270
352 25.467
353 26.006
354 26.775
355 25.805
356 25.328
357 23.587
358 23.578
359 24.770
360 26.971
361 27.124
362 26.274
363 24.477
364 25.568
365 25.006
366 24.513
367 24.748
368 25.485
369 24.225
370 25.729
371 26.713
372 27.350
373 28.139
374 23.999
375 24.072
376 24.721
377 26.854
378 25.303
379 24.310
380 25.846
381 26.145
382 25.371
383 25.524
384 26.606
385 27.082
386 27.503
387 27.675
388 24.715
389 23.544
390 23.767
391 24.561
392 25.867
393 24.533
394 25.252
395 25.217
396 24.486
397 26.180
398 25.113
399 25.172
400 24.305
401 24.274
402 24.181
403 26.059
404 25.620
405 25.384
406 27.009
407 26.756
408 24.347
409 24.608
410 24.667
411 25.116
412 25.878
413 25.092
414 24.133
415 25.053
416 23.975
417 24.190
418 24.832
419 23.349
420 23.465
421 24.715
422 25.588
423 25.557
424 25.755
425 26.311
426 25.491
427 23.697
428 24.265
429 25.374
430 26.955
431 25.561
432 24.137
433 24.085
434 24.602
435 24.334
436 24.888
437 25.886
438 26.467
439 25.023
440 24.749
441 24.485
442 23.364
443 23.513
444 25.015
445 23.816
446 24.494
447 25.325
448 25.878
449 24.577
450 24.825
451 24.035
452 24.756
453 23.181
454 22.857
455 25.531
456 23.042
457 24.521
458 26.499
459 25.145
460 23.786
461 23.998
462 24.384
463 23.373
464 23.621
465 23.726
466 23.549
467 23.727
468 25.633
469 26.688
470 24.444
471 23.037
472 23.764
473 22.531
474 23.046
475 23.238
476 22.938
477 22.271
478 21.875
479 22.242
480 22.330
481 22.058
482 22.918
483 23.467
484 22.673
485 22.431
486 22.576
487 21.726
488 22.749
489 21.802
490 21.144
491 23.045
492 24.059
493 23.652
494 24.722
495 25.773
496 26.118
497 26.563
498 22.870
499 23.755
500 24.746
501 24.190
502 22.202
503 22.258
504 25.259
505 24.954
506 23.809
507 23.465
508 23.121
509 24.204
510 23.324
511 21.043
512 23.579
513 24.826
514 24.143
515 24.441
516 24.461
517 23.416
518 24.079
519 25.513
520 25.141
521 24.289
522 24.581
523 23.667
