0 22.667
1 22.969
2 24.569
3 23.380
4 21.673
5 22.362
6 21.512
7 21.451
8 21.477
9 20.625
10 23.430
11 25.516
12 23.642
13 19.736
14 20.751
15 22.181
16 23.086
17 22.239
18 22.578
19 24.765
20 23.025
21 22.741
22 23.409
23 23.207
24 22.863
25 23.539
26 22.924
27 20.761
28 21.441
29 21.832
30 23.067
31 23.242
32 23.791
33 22.922
34 23.101
35 23.901
36 25.199
37 24.408
38 23.191
39 21.930
40 19.981
41 21.626
42 22.144
43 24.317
44 24.267
45 22.690
46 23.532
47 24.485
48 23.516
49 22.276
50 21.938
51 22.624
52 23.425
53 23.952
54 23.510
55 22.639
56 22.970
57 22.740
58 21.808
59 20.617
60 21.759
61 23.665
62 25.240
63 25.181
64 26.095
65 25.232
66 24.615
67 22.719
68 23.725
69 23.470
70 22.045
71 21.241
72 23.659
73 24.651
74 24.299
75 24.983
76 24.681
77 24.590
78 22.864
79 21.332
80 22.517
81 23.428
82 24.835
83 22.575
84 23.679
85 23.349
86 22.251
87 22.366
88 22.770
89 23.496
90 25.408
91 25.701
92 24.555
93 24.337
94 24.346
95 24.286
96 22.927
97 23.689
98 25.065
99 24.108
100 24.574
101 26.753
102 23.950
103 22.346
104 24.552
105 25.933
106 24.389
107 23.152
108 22.331
109 21.859
110 24.202
111 25.419
112 25.365
113 24.403
114 22.186
115 23.054
116 22.364
117 22.595
118 23.264
119 22.241
120 21.648
121 24.576
122 25.258
123 24.882
124 23.626
125 24.337
126 24.577
127 23.870
128 21.048
129 22.547
130 23.034
131 23.722
132 23.144
133 23.832
134 24.426
135 24.214
136 25.330
137 24.697
138 25.054
139 24.766
140 24.500
141 24.952
142 25.067
143 23.448
144 23.207
145 23.734
146 25.507
147 25.012
148 22.229
149 22.967
150 24.198
151 24.158
152 23.049
153 22.763
154 24.313
155 24.971
156 25.712
157 26.072
158 25.022
159 22.453
160 23.442
161 26.294
162 26.216
163 24.605
164 26.120
165 26.671
166 25.256
167 24.004
168 22.626
169 23.027
170 24.446
171 25.513
172 25.635
173 25.256
174 25.521
175 26.460
176 25.985
177 25.233
178 24.782
179 25.377
180 25.615
181 26.170
182 27.687
183 24.638
184 23.848
185 24.234
186 24.245
187 23.421
188 24.408
189 25.307
190 25.786
191 25.788
192 25.667
193 27.087
194 27.114
195 25.866
196 26.481
197 27.593
198 25.736
199 26.767
200 27.201
201 25.332
202 25.808
203 26.696
204 25.504
205 26.501
206 27.127
207 26.833
208 26.346
209 28.285
210 27.999
211 27.452
212 25.853
213 26.357
214 27.654
215 28.055
216 28.880
217 29.452
218 30.127
219 28.599
220 26.229
221 25.207
222 27.878
223 27.621
224 28.773
225 28.598
226 28.950
227 29.008
228 29.556
229 28.373
230 25.650
231 23.912
232 25.926
233 27.427
234 27.748
235 27.723
236 27.455
237 27.653
238 31.565
239 32.875
240 32.018
241 31.542
242 31.338
243 31.322
244 31.956
245 31.909
246 32.671
247 32.938
248 33.448
249 31.393
250 32.803
251 31.509
252 30.022
253 32.226
254 32.854
255 32.886
256 33.076
257 32.752
258 32.361
259 34.370
260 34.964
261 36.068
262 37.151
263 36.396
264 37.091
265 35.196
266 36.805
267 39.061
268 39.223
269 39.851
270 41.030
271 41.377
272 42.333
273 43.395
274 44.300
275 45.121
276 46.874
277 48.648
278 49.235
279 52.418
280 54.700
281 55.869
282 58.003
283 60.772
284 62.054
285 63.540
286 67.887
287 72.231
288 77.021
289 85.190
290 97.769
291 108.979
292 120.617
293 137.706
294 146.225
295 151.575
296 159.009
297 167.896
298 170.000
299 170.000
300 170.000
301 170.000
302 170.000
303 170.000
304 170.000
305 170.000
306 170.000
307 170.000
308 170.000
309 170.000
310 170.000
311 170.000
312 170.000
313 170.000
314 170.000
315 170.000
316 170.000
317 170.000
318 170.000
319 170.000
320 170.000
321 170.000
322 170.000
323 170.000
324 170.000
325 170.000
326 170.000
327 170.000
328 170.000
329 170.000
330 170.000
331 170.000
332 170.000
333 170.000
334 170.000
335 169.132
336 165.316
337 158.065
338 151.206
339 141.493
340 132.750
341 115.431
342 99.912
343 88.203
344 79.517
345 70.949
346 66.823
347 64.952
348 62.749
349 61.341
350 60.013
351 58.480
352 55.803
353 53.669
354 51.103
355 47.177
356 44.678
357 43.019
358 41.597
359 39.496
360 38.798
361 38.667
362 38.123
363 37.334
364 35.796
365 34.605
366 36.193
367 36.005
368 36.060
369 33.714
370 34.061
371 33.195
372 31.302
373 31.317
374 32.136
375 32.572
376 31.735
377 32.520
378 32.601
379 32.161
380 30.392
381 32.026
382 30.631
383 30.407
384 31.227
385 32.202
386 30.253
387 29.167
388 29.639
389 30.535
390 30.565
391 29.614
392 29.014
393 28.575
394 26.739
395 28.570
396 30.496
397 30.179
398 28.664
399 28.641
400 27.953
401 27.697
402 27.511
403 28.539
404 26.873
405 24.046
406 26.627
407 27.875
408 25.875
409 25.944
410 26.360
411 27.584
412 26.619
413 26.295
414 25.357
415 26.307
416 27.587
417 26.787
418 26.831
419 26.550
420 26.505
421 26.164
422 25.460
423 25.646
424 25.743
425 26.095
426 25.065
427 27.921
428 26.299
429 23.612
430 24.363
431 27.184
432 26.938
433 24.764
434 24.730
435 25.553
436 27.084
437 27.239
438 26.292
439 24.222
440 25.333
441 25.183
442 26.235
443 24.147
444 24.434
445 26.701
446 27.477
447 27.498
448 24.132
449 25.784
450 25.653
451 24.256
452 24.666
453 24.955
454 23.774
455 25.585
456 26.006
457 25.933
458 25.715
459 27.402
460 27.262
461 24.776
462 24.669
463 25.931
464 25.192
465 25.414
466 27.083
467 26.006
468 27.573
469 23.780
470 24.546
471 25.011
472 24.865
473 25.541
474 26.950
475 25.013
476 25.307
477 26.699
478 27.130
479 26.227
480 25.746
481 26.457
482 26.628
483 24.077
484 22.733
485 24.374
486 26.621
487 25.666
488 25.413
489 25.020
490 26.398
491 27.035
492 26.553
493 25.299
494 23.638
495 23.382
496 22.137
497 25.656
498 26.104
499 24.539
500 23.242
501 23.337
502 22.320
503 23.706
504 24.611
505 23.474
506 24.817
507 25.421
508 23.455
509 24.234
510 24.269
511 23.195
512 23.385
513 23.116
514 23.007
515 24.278
516 23.186
517 23.031
518 23.035
519 23.198
520 23.735
521 23.560
522 22.615
523 23.823
524 24.331
525 23.446
526 24.056
527 23.345
528 22.476
529 22.096
530 22.707
531 23.427
532 24.419
533 24.742
534 23.945
535 23.480
536 25.484
537 25.121
538 24.301
539 22.736
540 21.583
541 22.810
542 26.243
543 24.520
544 23.925
545 23.665
546 23.088
547 22.271
548 22.621
549 24.955
550 24.001
551 23.678
552 23.071
553 22.627
554 24.272
555 26.460
556 25.064
557 23.162
558 22.194
559 23.434
560 24.668
561 24.183
562 23.621
563 22.614
564 22.282
565 22.675
566 22.911
567 21.827
568 20.484
569 22.099
570 21.261
571 21.700
572 23.396
573 24.721
574 24.272
575 20.844
576 22.342
577 23.606
578 23.554
579 23.537
580 24.721
581 24.963
582 24.120
583 23.165
584 22.965
585 23.344
586 24.003
587 25.090
588 24.856
589 20.965
590 22.161
591 24.679
592 23.812
593 20.472
594 20.444
595 22.051
596 21.714
597 21.577
598 23.900
599 25.074
600 23.729
601 23.495
602 24.012
603 23.037
604 25.144
605 24.855
606 23.172
607 23.963
608 26.125
609 24.716
610 25.414
611 23.785
612 23.654
613 24.647
614 25.069
615 23.621
616 23.845
617 21.918
618 23.694
619 23.089
620 23.435
621 23.134
622 22.081
623 21.965
624 23.060
625 24.083
626 24.531
627 25.590
628 24.784
629 24.068
630 24.472
631 24.117
632 24.088
633 24.119
634 23.209
635 22.017
636 22.577
637 23.000
