0.00000 29.333
0.01042 31.847
0.02083 30.972
0.03125 28.728
0.04167 28.152
0.05208 28.690
0.06250 29.001
0.07292 28.610
0.08333 27.525
0.09375 27.895
0.10417 31.029
0.11458 31.961
0.12500 31.462
0.13542 32.199
0.14583 34.359
0.15625 31.264
0.16667 29.113
0.17708 27.966
0.18750 28.531
0.19792 29.399
0.20833 31.445
0.21875 29.870
0.22917 29.338
0.23958 29.262
0.25000 30.905
0.26042 30.402
0.27083 29.972
0.28125 29.572
0.29167 29.616
0.30208 25.463
0.31250 27.949
0.32292 30.923
0.33333 29.475
0.34375 28.935
0.35417 28.372
0.36458 26.676
0.37500 31.214
0.38542 33.584
0.39583 29.893
0.40625 29.663
0.41667 29.903
0.42708 29.476
0.43750 30.955
0.44792 31.516
0.45833 30.341
0.46875 29.355
0.47917 28.867
0.48958 29.626
0.50000 30.310
0.51042 30.996
0.52083 28.128
0.53125 29.015
0.54167 29.357
0.55208 29.159
0.56250 30.084
0.57292 31.266
0.58333 29.735
0.59375 30.587
0.60417 30.266
0.61458 29.696
0.62500 30.320
0.63542 30.215
0.64583 29.834
0.65625 29.694
0.66667 29.416
0.67708 29.943
0.68750 30.257
0.69792 29.331
0.70833 29.895
0.71875 32.304
0.72917 32.045
0.73958 32.179
0.75000 34.582
0.76042 32.873
0.77083 32.683
0.78125 32.707
0.79167 31.736
0.80208 29.994
0.81250 30.479
0.82292 32.214
0.83333 33.443
0.84375 33.690
0.85417 32.981
0.86458 32.538
0.87500 31.245
0.88542 32.101
0.89583 31.115
0.90625 32.633
0.91667 32.503
0.92708 32.262
0.93750 32.200
0.94792 34.682
0.95833 34.201
0.96875 32.088
0.97917 32.771
0.98958 35.390
1.00000 33.666
1.01042 33.761
1.02083 34.996
1.03125 34.708
1.04167 35.463
1.05208 36.486
1.06250 34.955
1.07292 31.870
1.08333 32.081
1.09375 31.726
1.10417 33.509
1.11458 36.281
1.12500 34.231
1.13542 32.978
1.14583 34.744
1.15625 36.746
1.16667 36.604
1.17708 36.111
1.18750 33.049
1.19792 33.604
1.20833 35.798
1.21875 34.361
1.22917 32.058
1.23958 32.946
1.25000 32.740
1.26042 33.685
1.27083 34.095
1.28125 34.053
1.29167 33.637
1.30208 35.711
1.31250 33.794
1.32292 34.788
1.33333 34.922
1.34375 35.153
1.35417 34.937
1.36458 34.530
1.37500 37.427
1.38542 35.724
1.39583 37.120
1.40625 36.529
1.41667 35.703
1.42708 36.726
1.43750 34.937
1.44792 33.517
1.45833 36.668
1.46875 36.280
1.47917 34.369
1.48958 35.915
1.50000 37.215
1.51042 36.990
1.52083 37.641
1.53125 36.560
1.54167 35.059
1.55208 34.277
1.56250 34.853
1.57292 37.290
1.58333 37.487
1.59375 36.018
1.60417 35.656
1.61458 36.094
1.62500 36.036
1.63542 34.506
1.64583 35.079
1.65625 34.002
1.66667 34.395
1.67708 36.287
1.68750 37.124
1.69792 38.023
1.70833 36.968
1.71875 36.534
1.72917 35.111
1.73958 36.360
1.75000 36.804
1.76042 35.750
1.77083 37.549
1.78125 36.286
1.79167 35.672
1.80208 35.402
1.81250 35.489
1.82292 35.317
1.83333 37.342
1.84375 38.098
1.85417 37.171
1.86458 37.012
1.87500 36.422
1.88542 36.961
1.89583 37.563
1.90625 35.633
1.91667 33.663
1.92708 34.785
1.93750 38.719
1.94792 40.195
1.95833 36.918
1.96875 37.523
1.97917 38.158
1.98958 38.470
2.00000 38.096
2.01042 37.984
2.02083 39.414
2.03125 37.612
2.04167 37.336
2.05208 40.023
2.06250 40.846
2.07292 40.106
2.08333 39.479
2.09375 40.749
2.10417 40.995
2.11458 40.559
2.12500 40.919
2.13542 40.143
2.14583 40.518
2.15625 40.892
2.16667 41.970
2.17708 43.264
2.18750 40.079
2.19792 40.413
2.20833 41.057
2.21875 44.649
2.22917 45.370
2.23958 44.313
2.25000 42.814
2.26042 41.319
2.27083 44.321
2.28125 43.812
2.29167 43.260
2.30208 43.520
2.31250 43.941
2.32292 44.599
2.33333 45.588
2.34375 46.324
2.35417 44.413
2.36458 44.418
2.37500 45.188
2.38542 45.385
2.39583 45.400
2.40625 46.336
2.41667 46.366
2.42708 44.169
2.43750 44.788
2.44792 47.329
2.45833 47.486
2.46875 47.009
2.47917 46.875
2.48958 48.221
2.50000 47.907
2.51042 47.664
2.52083 47.889
2.53125 46.594
2.54167 46.836
2.55208 49.127
2.56250 50.040
2.57292 48.895
2.58333 47.877
2.59375 48.406
2.60417 48.516
2.61458 49.166
2.62500 47.231
2.63542 48.871
2.64583 46.574
2.65625 46.451
2.66667 47.292
2.67708 49.774
2.68750 48.923
2.69792 51.001
2.70833 52.128
2.71875 49.544
2.72917 49.354
2.73958 51.649
2.75000 54.262
2.76042 53.737
2.77083 53.617
2.78125 53.932
2.79167 52.382
2.80208 53.739
2.81250 55.083
2.82292 56.615
2.83333 56.406
2.84375 57.017
2.85417 58.345
2.86458 58.087
2.87500 58.449
2.88542 59.341
2.89583 60.058
2.90625 61.219
2.91667 61.709
2.92708 61.829
2.93750 62.275
2.94792 63.612
2.95833 65.400
2.96875 66.393
2.97917 67.628
2.98958 67.731
3.00000 69.050
3.01042 70.919
3.02083 72.264
3.03125 72.352
3.04167 74.326
3.05208 75.300
3.06250 76.230
3.07292 78.223
3.08333 79.392
3.09375 80.544
3.10417 82.297
3.11458 85.035
3.12500 86.894
3.13542 88.381
3.14583 89.734
3.15625 91.687
3.16667 94.837
3.17708 97.653
3.18750 99.468
3.19792 102.661
3.20833 112.098
3.21875 120.108
3.22917 128.729
3.23958 134.153
3.25000 136.671
3.26042 138.029
3.27083 139.917
3.28125 141.110
3.29167 141.925
3.30208 142.087
3.31250 142.876
3.32292 144.679
3.33333 144.578
3.34375 144.261
3.35417 144.547
3.36458 145.815
3.37500 146.927
3.38542 146.960
3.39583 146.606
3.40625 146.489
3.41667 146.490
3.42708 146.224
3.43750 146.574
3.44792 146.497
3.45833 146.030
3.46875 146.367
3.47917 146.665
3.48958 146.960
3.50000 147.283
3.51042 147.820
3.52083 147.667
3.53125 147.271
3.54167 146.968
3.55208 145.523
3.56250 146.243
3.57292 146.702
3.58333 146.741
3.59375 146.097
3.60417 145.986
3.61458 145.675
3.62500 145.052
3.63542 144.307
3.64583 144.093
3.65625 144.002
3.66667 143.115
3.67708 142.499
3.68750 141.812
3.69792 141.235
3.70833 140.783
3.71875 139.074
3.72917 138.382
3.73958 137.169
3.75000 135.890
3.76042 134.280
3.77083 132.410
3.78125 130.729
3.79167 128.684
3.80208 124.644
3.81250 118.904
3.82292 112.175
3.83333 103.797
3.84375 92.860
3.85417 87.093
3.86458 83.402
3.87500 79.574
3.88542 75.867
3.89583 73.007
3.90625 70.975
3.91667 70.197
3.92708 67.975
3.93750 65.172
3.94792 63.686
3.95833 63.024
3.96875 62.052
3.97917 61.186
3.98958 59.451
4.00000 59.475
4.01042 58.667
4.02083 57.528
4.03125 56.378
4.04167 55.998
4.05208 55.803
4.06250 53.630
4.07292 54.263
4.08333 53.681
4.09375 53.114
4.10417 52.064
4.11458 51.185
4.12500 50.488
4.13542 49.671
4.14583 47.930
4.15625 47.633
4.16667 47.384
4.17708 46.799
4.18750 46.302
4.19792 45.970
4.20833 46.617
4.21875 45.804
4.22917 47.081
4.23958 48.666
4.25000 47.199
4.26042 46.492
4.27083 45.155
4.28125 45.567
4.29167 45.605
4.30208 43.192
4.31250 42.447
4.32292 42.642
4.33333 43.077
4.34375 42.890
4.35417 42.806
4.36458 41.058
4.37500 41.726
4.38542 41.096
4.39583 38.959
4.40625 39.713
4.41667 41.869
4.42708 41.490
4.43750 39.628
4.44792 41.526
4.45833 42.303
4.46875 41.400
4.47917 38.272
4.48958 35.235
4.50000 37.440
4.51042 38.476
4.52083 39.145
4.53125 35.667
4.54167 35.282
4.55208 40.102
4.56250 39.392
4.57292 38.667
4.58333 39.014
4.59375 37.159
4.60417 35.173
4.61458 34.757
4.62500 35.443
4.63542 37.561
4.64583 38.264
4.65625 39.245
4.66667 38.557
4.67708 37.514
4.68750 37.332
4.69792 35.149
4.70833 33.448
4.71875 38.185
4.72917 36.345
4.73958 36.553
4.75000 37.069
4.76042 38.179
4.77083 36.740
4.78125 34.176
4.79167 33.936
4.80208 33.510
4.81250 33.096
4.82292 35.089
4.83333 35.843
4.84375 33.426
4.85417 35.530
4.86458 35.365
4.87500 32.314
4.88542 33.195
4.89583 33.623
4.90625 32.757
4.91667 33.373
4.92708 33.814
4.93750 34.632
4.94792 32.887
4.95833 32.738
4.96875 31.125
4.97917 31.518
4.98958 34.755
5.00000 34.385
5.01042 33.096
5.02083 32.475
5.03125 34.366
5.04167 34.568
5.05208 34.738
5.06250 33.872
5.07292 34.728
5.08333 32.167
5.09375 34.910
5.10417 33.531
5.11458 32.192
5.12500 31.943
5.13542 30.538
5.14583 29.221
5.15625 33.540
5.16667 35.439
5.17708 33.189
5.18750 32.784
5.19792 34.016
5.20833 35.256
5.21875 33.561
5.22917 31.211
5.23958 32.025
5.25000 31.985
5.26042 32.543
5.27083 31.251
5.28125 30.083
5.29167 32.321
5.30208 33.977
5.31250 31.150
5.32292 29.415
5.33333 29.257
5.34375 30.008
5.35417 31.710
5.36458 30.580
5.37500 32.852
5.38542 32.768
5.39583 30.620
5.40625 30.669
5.41667 31.112
5.42708 30.558
5.43750 33.211
5.44792 30.198
5.45833 31.319
5.46875 30.074
5.47917 30.327
5.48958 29.958
5.50000 30.182
5.51042 30.231
5.52083 30.636
5.53125 28.808
5.54167 28.919
5.55208 30.603
5.56250 31.299
5.57292 30.811
5.58333 31.887
5.59375 30.539
5.60417 30.691
5.61458 31.113
5.62500 30.142
5.63542 30.667
5.64583 32.175
5.65625 32.589
5.66667 31.582
5.67708 29.685
5.68750 27.710
5.69792 28.074
5.70833 31.139
5.71875 32.159
5.72917 29.634
5.73958 30.950
5.75000 31.565
5.76042 29.748
5.77083 29.094
5.78125 29.092
5.79167 29.541
5.80208 30.452
5.81250 28.232
5.82292 27.549
5.83333 26.954
5.84375 26.407
5.85417 27.957
5.86458 27.758
5.87500 27.960
5.88542 25.415
5.89583 26.651
5.90625 28.421
5.91667 26.139
5.92708 24.824
5.93750 25.694
5.94792 25.317
5.95833 27.592
5.96875 28.040
5.97917 28.471
5.98958 26.501
6.00000 25.164
6.01042 23.862
6.02083 25.305
6.03125 28.297
6.04167 28.237
6.05208 28.535
6.06250 27.186
6.07292 26.422
6.08333 28.625
6.09375 28.113
6.10417 28.462
6.11458 28.078
6.12500 25.957
6.13542 27.486
6.14583 29.546
6.15625 29.622
6.16667 27.924
6.17708 26.516
6.18750 27.795
6.19792 28.000
6.20833 27.052
6.21875 27.184
6.22917 27.354
6.23958 26.753
6.25000 28.152
6.26042 28.345
6.27083 27.491
6.28125 27.276
6.29167 25.833
6.30208 27.166
6.31250 28.871
6.32292 28.989
6.33333 26.893
6.34375 26.287
6.35417 27.569
6.36458 28.264
6.37500 28.700
6.38542 28.014
6.39583 28.440
6.40625 28.134
6.41667 24.978
6.42708 25.966
6.43750 26.906
6.44792 26.426
6.45833 26.710
6.46875 29.429
6.47917 28.601
6.48958 27.776
6.50000 26.710
6.51042 26.380
6.52083 27.698
6.53125 26.281
6.54167 25.170
6.55208 26.744
6.56250 24.967
6.57292 23.703
6.58333 25.517
6.59375 27.605
6.60417 28.304
6.61458 26.000
6.62500 27.282
6.63542 26.721
6.64583 27.842
6.65625 29.175
6.66667 30.029
6.67708 28.041
6.68750 28.624
6.69792 29.704
6.70833 28.381
6.71875 28.265
6.72917 28.867
6.73958 27.574
6.75000 26.104
6.76042 25.624
6.77083 27.054
6.78125 28.957
6.79167 29.830
6.80208 27.816
6.81250 25.663
6.82292 24.913
6.83333 24.176
6.84375 26.649
6.85417 26.707
6.86458 26.569
6.87500 26.866
6.88542 27.833
6.89583 27.865
6.90625 27.404
6.91667 28.385
6.92708 27.554
6.93750 27.007
6.94792 28.690
6.95833 26.888
6.96875 27.476
6.97917 27.882
6.98958 24.837
7.00000 26.048
7.01042 26.897
7.02083 27.135
7.03125 26.650
7.04167 24.333
