0.00000 29.333
0.01042 27.314
0.02083 28.955
0.03125 28.371
0.04167 29.224
0.05208 29.446
0.06250 29.295
0.07292 29.329
0.08333 27.196
0.09375 29.232
0.10417 28.455
0.11458 27.702
0.12500 28.467
0.13542 28.438
0.14583 28.143
0.15625 27.183
0.16667 26.800
0.17708 26.355
0.18750 27.544
0.19792 27.756
0.20833 28.759
0.21875 26.164
0.22917 28.552
0.23958 30.577
0.25000 30.660
0.26042 26.584
0.27083 24.470
0.28125 27.743
0.29167 28.660
0.30208 30.057
0.31250 29.023
0.32292 23.999
0.33333 28.442
0.34375 26.789
0.35417 27.476
0.36458 28.826
0.37500 28.579
0.38542 29.538
0.39583 29.435
0.40625 28.547
0.41667 28.794
0.42708 29.011
0.43750 29.187
0.44792 29.905
0.45833 29.950
0.46875 28.371
0.47917 27.486
0.48958 27.476
0.50000 28.451
0.51042 30.987
0.52083 28.293
0.53125 28.593
0.54167 27.065
0.55208 26.858
0.56250 28.009
0.57292 26.811
0.58333 24.433
0.59375 23.956
0.60417 26.789
0.61458 29.411
0.62500 29.816
0.63542 27.687
0.64583 27.942
0.65625 27.077
0.66667 28.510
0.67708 29.621
0.68750 27.498
0.69792 27.560
0.70833 27.960
0.71875 26.763
0.72917 27.624
0.73958 28.906
0.75000 30.251
0.76042 28.914
0.77083 28.796
0.78125 28.428
0.79167 27.971
0.80208 29.072
0.81250 30.114
0.82292 29.212
0.83333 29.132
0.84375 28.325
0.85417 28.320
0.86458 28.817
0.87500 27.354
0.88542 27.606
0.89583 29.611
0.90625 29.987
0.91667 29.304
0.92708 28.771
0.93750 28.257
0.94792 28.024
0.95833 29.758
0.96875 27.996
0.97917 27.221
0.98958 29.700
1.00000 30.963
1.01042 30.771
1.02083 30.375
1.03125 28.121
1.04167 27.016
1.05208 27.974
1.06250 30.448
1.07292 30.603
1.08333 28.771
1.09375 29.114
1.10417 28.106
1.11458 29.664
1.12500 28.440
1.13542 28.147
1.14583 30.815
1.15625 31.654
1.16667 29.450
1.17708 30.194
1.18750 30.331
1.19792 28.433
1.20833 30.014
1.21875 30.216
1.22917 29.148
1.23958 28.467
1.25000 28.688
1.26042 29.800
1.27083 30.352
1.28125 31.999
1.29167 31.310
1.30208 30.731
1.31250 28.195
1.32292 30.674
1.33333 30.360
1.34375 29.184
1.35417 31.074
1.36458 31.083
1.37500 30.792
1.38542 31.392
1.39583 29.013
1.40625 31.120
1.41667 28.080
1.42708 28.163
1.43750 27.992
1.44792 27.626
1.45833 28.636
1.46875 30.393
1.47917 29.934
1.48958 29.659
1.50000 28.168
1.51042 29.035
1.52083 31.016
1.53125 30.338
1.54167 31.174
1.55208 32.151
1.56250 29.668
1.57292 29.796
1.58333 31.840
1.59375 30.565
1.60417 30.300
1.61458 28.744
1.62500 29.494
1.63542 29.447
1.64583 28.421
1.65625 30.374
1.66667 31.211
1.67708 30.696
1.68750 32.017
1.69792 32.602
1.70833 34.025
1.71875 30.219
1.72917 33.290
1.73958 32.047
1.75000 29.420
1.76042 30.308
1.77083 30.953
1.78125 31.655
1.79167 32.259
1.80208 30.882
1.81250 32.125
1.82292 31.263
1.83333 31.505
1.84375 32.358
1.85417 31.047
1.86458 31.353
1.87500 31.519
1.88542 33.529
1.89583 33.824
1.90625 33.361
1.91667 33.385
1.92708 32.176
1.93750 32.827
1.94792 33.266
1.95833 32.899
1.96875 33.612
1.97917 33.620
1.98958 33.717
2.00000 33.990
2.01042 35.896
2.02083 38.752
2.03125 39.128
2.04167 37.849
2.05208 39.778
2.06250 37.827
2.07292 38.633
2.08333 38.499
2.09375 38.002
2.10417 38.037
2.11458 40.185
2.12500 41.435
2.13542 40.415
2.14583 40.549
2.15625 42.548
2.16667 40.057
2.17708 37.721
2.18750 39.149
2.19792 40.317
2.20833 40.415
2.21875 42.257
2.22917 43.214
2.23958 41.790
2.25000 42.938
2.26042 45.404
2.27083 46.951
2.28125 46.655
2.29167 44.409
2.30208 44.526
2.31250 45.566
2.32292 45.408
2.33333 45.747
2.34375 46.642
2.35417 44.448
2.36458 46.671
2.37500 45.725
2.38542 45.800
2.39583 46.451
2.40625 48.545
2.41667 47.987
2.42708 48.391
2.43750 48.843
2.44792 50.454
2.45833 51.007
2.46875 51.571
2.47917 55.003
2.48958 56.031
2.50000 56.775
2.51042 56.783
2.52083 57.921
2.53125 59.152
2.54167 60.198
2.55208 63.154
2.56250 65.711
2.57292 66.708
2.58333 69.194
2.59375 72.652
2.60417 74.528
2.61458 79.899
2.62500 89.080
2.63542 98.028
2.64583 107.449
2.65625 116.403
2.66667 119.890
2.67708 123.055
2.68750 128.108
2.69792 129.608
2.70833 131.589
2.71875 132.697
2.72917 132.910
2.73958 134.930
2.75000 137.191
2.76042 138.267
2.77083 139.197
2.78125 140.610
2.79167 140.644
2.80208 141.295
2.81250 141.674
2.82292 142.705
2.83333 143.353
2.84375 144.371
2.85417 144.673
2.86458 145.052
2.87500 145.395
2.88542 145.267
2.89583 145.038
2.90625 145.958
2.91667 146.855
2.92708 147.525
2.93750 147.728
2.94792 147.618
2.95833 147.178
2.96875 146.704
2.97917 146.488
2.98958 146.337
3.00000 147.405
3.01042 147.873
3.02083 147.170
3.03125 147.714
3.04167 147.455
3.05208 146.805
3.06250 146.161
3.07292 145.539
3.08333 145.027
3.09375 145.247
3.10417 144.808
3.11458 144.304
3.12500 142.534
3.13542 141.705
3.14583 141.285
3.15625 140.430
3.16667 138.617
3.17708 136.346
3.18750 132.309
3.19792 125.884
3.20833 118.926
3.21875 112.997
3.22917 104.254
3.23958 100.321
3.25000 97.661
3.26042 92.661
3.27083 88.964
3.28125 85.474
3.29167 82.260
3.30208 81.509
3.31250 81.188
3.32292 78.588
3.33333 77.072
3.34375 74.818
3.35417 73.435
3.36458 72.306
3.37500 71.447
3.38542 69.821
3.39583 67.985
3.40625 67.282
3.41667 66.470
3.42708 65.207
3.43750 64.676
3.44792 63.243
3.45833 61.551
3.46875 60.542
3.47917 60.501
3.48958 60.666
3.50000 59.478
3.51042 57.376
3.52083 57.357
3.53125 55.548
3.54167 55.529
3.55208 56.343
3.56250 56.499
3.57292 56.311
3.58333 56.167
3.59375 55.473
3.60417 54.857
3.61458 53.709
3.62500 51.824
3.63542 51.224
3.64583 51.797
3.65625 51.589
3.66667 50.832
3.67708 48.232
3.68750 49.870
3.69792 51.192
3.70833 49.749
3.71875 48.399
3.72917 47.599
3.73958 47.572
3.75000 48.750
3.76042 47.393
3.77083 49.348
3.78125 47.286
3.79167 48.154
3.80208 48.916
3.81250 47.441
3.82292 47.134
3.83333 46.859
3.84375 46.603
3.85417 47.655
3.86458 46.147
3.87500 46.707
3.88542 45.700
3.89583 46.105
3.90625 45.625
3.91667 46.139
3.92708 44.893
3.93750 45.186
3.94792 45.206
3.95833 44.773
3.96875 44.876
3.97917 46.227
3.98958 47.473
4.00000 45.620
4.01042 43.164
4.02083 43.288
4.03125 44.248
4.04167 45.197
4.05208 44.049
4.06250 44.412
4.07292 44.017
4.08333 42.607
4.09375 45.299
4.10417 43.503
4.11458 44.459
4.12500 43.403
4.13542 43.008
4.14583 42.600
4.15625 41.253
4.16667 40.456
4.17708 40.689
4.18750 39.619
4.19792 39.703
4.20833 39.523
4.21875 41.191
4.22917 40.850
4.23958 40.556
4.25000 40.735
4.26042 39.637
4.27083 38.264
4.28125 38.805
4.29167 41.344
4.30208 42.240
4.31250 40.737
4.32292 39.900
4.33333 37.517
4.34375 36.514
4.35417 36.824
4.36458 38.289
4.37500 37.620
4.38542 37.982
4.39583 37.250
4.40625 37.919
4.41667 40.625
4.42708 40.903
4.43750 39.520
4.44792 39.409
4.45833 38.691
4.46875 38.836
4.47917 37.370
4.48958 36.370
4.50000 38.999
4.51042 38.770
4.52083 38.128
4.53125 39.034
4.54167 40.228
4.55208 39.318
4.56250 36.860
4.57292 35.313
4.58333 37.047
4.59375 37.318
4.60417 36.205
4.61458 37.203
4.62500 40.071
4.63542 36.747
4.64583 37.216
4.65625 37.509
4.66667 37.046
4.67708 37.290
4.68750 39.962
4.69792 38.626
4.70833 37.470
4.71875 34.992
4.72917 38.304
4.73958 36.899
4.75000 35.701
4.76042 36.875
4.77083 37.452
4.78125 36.052
4.79167 37.434
4.80208 38.827
4.81250 36.991
4.82292 36.592
4.83333 37.733
4.84375 38.786
4.85417 37.911
4.86458 38.628
4.87500 38.362
4.88542 36.656
4.89583 37.772
4.90625 40.222
4.91667 38.212
4.92708 35.584
4.93750 36.322
4.94792 34.756
4.95833 35.529
4.96875 34.567
4.97917 33.009
4.98958 35.215
5.00000 37.129
5.01042 35.987
5.02083 33.862
5.03125 35.543
5.04167 34.499
5.05208 31.786
5.06250 34.368
5.07292 33.333
5.08333 32.118
5.09375 33.312
5.10417 35.112
5.11458 34.381
5.12500 35.486
5.13542 36.435
5.14583 37.067
5.15625 34.088
5.16667 32.975
5.17708 32.569
5.18750 32.154
5.19792 33.085
5.20833 33.395
5.21875 32.222
5.22917 32.432
5.23958 31.851
5.25000 32.199
5.26042 33.834
5.27083 32.015
5.28125 30.206
5.29167 30.391
5.30208 31.365
5.31250 31.842
5.32292 31.203
5.33333 29.119
5.34375 29.410
5.35417 30.091
5.36458 31.640
5.37500 27.891
5.38542 27.081
5.39583 28.073
5.40625 30.107
5.41667 30.616
5.42708 28.612
5.43750 28.416
5.44792 29.211
5.45833 29.469
5.46875 31.133
5.47917 30.800
5.48958 29.755
5.50000 29.642
5.51042 30.564
5.52083 29.144
5.53125 28.179
5.54167 28.087
5.55208 26.684
5.56250 25.881
5.57292 26.680
5.58333 25.816
5.59375 26.134
5.60417 27.256
5.61458 29.100
5.62500 27.247
5.63542 25.977
5.64583 27.736
5.65625 31.039
5.66667 29.406
5.67708 26.851
5.68750 28.535
5.69792 29.262
5.70833 28.472
5.71875 28.369
5.72917 27.735
5.73958 26.168
5.75000 13.080
5.76042 0.000
5.77083 0.000
5.78125 0.000
5.79167 0.000
5.80208 0.000
