0.00000 27.667
0.01042 30.183
0.02083 27.567
0.03125 31.104
0.04167 31.916
0.05208 30.367
0.06250 29.927
0.07292 28.678
0.08333 28.063
0.09375 27.821
0.10417 29.038
0.11458 30.009
0.12500 30.464
0.13542 30.559
0.14583 30.407
0.15625 29.556
0.16667 28.536
0.17708 27.340
0.18750 27.468
0.19792 29.740
0.20833 28.020
0.21875 26.742
0.22917 29.222
0.23958 28.285
0.25000 26.652
0.26042 26.634
0.27083 26.603
0.28125 27.600
0.29167 26.570
0.30208 27.613
0.31250 26.566
0.32292 28.424
0.33333 27.361
0.34375 28.628
0.35417 27.997
0.36458 26.249
0.37500 27.976
0.38542 28.603
0.39583 28.093
0.40625 29.192
0.41667 29.741
0.42708 28.833
0.43750 29.173
0.44792 30.698
0.45833 29.572
0.46875 28.778
0.47917 29.092
0.48958 29.146
0.50000 28.579
0.51042 27.194
0.52083 27.184
0.53125 29.051
0.54167 30.833
0.55208 30.284
0.56250 30.067
0.57292 30.762
0.58333 29.826
0.59375 28.608
0.60417 29.971
0.61458 29.899
0.62500 30.671
0.63542 30.953
0.64583 31.462
0.65625 31.726
0.66667 31.807
0.67708 29.904
0.68750 29.756
0.69792 31.699
0.70833 28.869
0.71875 27.881
0.72917 28.971
0.73958 33.232
0.75000 30.449
0.76042 28.547
0.77083 30.098
0.78125 30.940
0.79167 32.523
0.80208 31.278
0.81250 29.570
0.82292 30.596
0.83333 32.449
0.84375 32.560
0.85417 31.497
0.86458 30.287
0.87500 30.859
0.88542 30.822
0.89583 30.074
0.90625 31.063
0.91667 31.448
0.92708 31.864
0.93750 30.593
0.94792 31.494
0.95833 30.176
0.96875 30.475
0.97917 30.176
0.98958 29.429
1.00000 28.459
1.01042 29.941
1.02083 31.584
1.03125 27.511
1.04167 28.937
1.05208 28.488
1.06250 26.872
1.07292 31.662
1.08333 31.580
1.09375 30.678
1.10417 30.072
1.11458 27.901
1.12500 29.947
1.13542 30.910
1.14583 31.229
1.15625 29.886
1.16667 29.132
1.17708 29.082
1.18750 29.482
1.19792 29.322
1.20833 30.533
1.21875 30.768
1.22917 29.871
1.23958 29.248
1.25000 30.909
1.26042 31.489
1.27083 31.347
1.28125 30.356
1.29167 31.730
1.30208 32.230
1.31250 30.672
1.32292 30.142
1.33333 29.997
1.34375 30.183
1.35417 29.651
1.36458 30.177
1.37500 32.307
1.38542 31.667
1.39583 32.781
1.40625 31.000
1.41667 29.397
1.42708 29.693
1.43750 32.191
1.44792 32.640
1.45833 30.218
1.46875 29.280
1.47917 29.453
1.48958 31.223
1.50000 31.015
1.51042 31.125
1.52083 31.170
1.53125 30.672
1.54167 30.331
1.55208 29.756
1.56250 29.926
1.57292 31.495
1.58333 31.346
1.59375 29.765
1.60417 30.257
1.61458 29.353
1.62500 27.515
1.63542 27.941
1.64583 29.907
1.65625 33.351
1.66667 32.308
1.67708 31.159
1.68750 27.793
1.69792 30.693
1.70833 30.114
1.71875 29.193
1.72917 30.725
1.73958 32.084
1.75000 32.793
1.76042 31.342
1.77083 32.070
1.78125 30.232
1.79167 30.271
1.80208 30.396
1.81250 32.706
1.82292 30.430
1.83333 33.056
1.84375 33.917
1.85417 33.546
1.86458 33.785
1.87500 33.407
1.88542 32.434
1.89583 34.815
1.90625 33.760
1.91667 34.054
1.92708 36.339
1.93750 36.048
1.94792 35.441
1.95833 36.052
1.96875 36.123
1.97917 35.310
1.98958 37.344
2.00000 37.860
2.01042 35.667
2.02083 34.574
2.03125 38.941
2.04167 38.862
2.05208 39.332
2.06250 39.189
2.07292 38.294
2.08333 38.150
2.09375 40.265
2.10417 40.653
2.11458 40.087
2.12500 41.614
2.13542 41.644
2.14583 39.308
2.15625 40.704
2.16667 42.976
2.17708 43.949
2.18750 44.101
2.19792 46.844
2.20833 44.775
2.21875 43.059
2.22917 43.869
2.23958 44.806
2.25000 45.453
2.26042 44.640
2.27083 44.812
2.28125 46.140
2.29167 46.227
2.30208 45.800
2.31250 45.950
2.32292 47.104
2.33333 48.319
2.34375 47.796
2.35417 47.569
2.36458 47.880
2.37500 47.313
2.38542 49.403
2.39583 50.585
2.40625 52.065
2.41667 55.228
2.42708 56.435
2.43750 53.676
2.44792 55.679
2.45833 55.915
2.46875 56.311
2.47917 57.040
2.48958 56.132
2.50000 58.617
2.51042 59.325
2.52083 60.254
2.53125 62.767
2.54167 64.662
2.55208 65.677
2.56250 67.032
2.57292 67.459
2.58333 69.509
2.59375 72.359
2.60417 75.653
2.61458 78.970
2.62500 82.964
2.63542 92.237
2.64583 102.628
2.65625 111.157
2.66667 118.090
2.67708 121.200
2.68750 125.518
2.69792 130.322
2.70833 131.817
2.71875 133.372
2.72917 134.537
2.73958 135.971
2.75000 137.187
2.76042 138.017
2.77083 138.920
2.78125 140.614
2.79167 141.025
2.80208 141.601
2.81250 142.167
2.82292 142.409
2.83333 143.593
2.84375 144.819
2.85417 145.725
2.86458 145.113
2.87500 144.488
2.88542 146.039
2.89583 146.592
2.90625 146.145
2.91667 146.434
2.92708 146.349
2.93750 146.714
2.94792 147.481
2.95833 147.526
2.96875 147.431
2.97917 147.147
2.98958 146.378
3.00000 146.194
3.01042 146.520
3.02083 146.659
3.03125 146.280
3.04167 145.889
3.05208 146.177
3.06250 146.163
3.07292 145.264
3.08333 145.301
3.09375 145.537
3.10417 144.944
3.11458 144.238
3.12500 143.527
3.13542 142.892
3.14583 141.682
3.15625 140.652
3.16667 139.841
3.17708 138.713
3.18750 137.739
3.19792 135.242
3.20833 133.980
3.21875 131.192
3.22917 123.125
3.23958 115.748
3.25000 109.271
3.26042 100.341
3.27083 93.499
3.28125 88.648
3.29167 85.581
3.30208 83.601
3.31250 80.641
3.32292 78.282
3.33333 77.076
3.34375 75.824
3.35417 74.659
3.36458 73.049
3.37500 70.773
3.38542 69.384
3.39583 69.177
3.40625 67.143
3.41667 65.875
3.42708 65.150
3.43750 64.521
3.44792 63.593
3.45833 62.898
3.46875 62.405
3.47917 60.714
3.48958 60.671
3.50000 59.749
3.51042 58.317
3.52083 57.023
3.53125 56.812
3.54167 56.690
3.55208 56.461
3.56250 56.247
3.57292 54.743
3.58333 53.248
3.59375 50.003
3.60417 51.124
3.61458 53.282
3.62500 52.069
3.63542 49.169
3.64583 47.653
3.65625 48.363
3.66667 50.089
3.67708 49.977
3.68750 49.497
3.69792 48.027
3.70833 46.212
3.71875 45.876
3.72917 44.757
3.73958 43.674
3.75000 45.481
3.76042 47.409
3.77083 46.223
3.78125 43.045
3.79167 47.451
3.80208 47.370
3.81250 47.343
3.82292 45.350
3.83333 45.723
3.84375 43.351
3.85417 45.219
3.86458 48.625
3.87500 44.480
3.88542 43.985
3.89583 44.393
3.90625 42.457
3.91667 40.994
3.92708 41.690
3.93750 41.107
3.94792 39.396
3.95833 44.039
3.96875 43.452
3.97917 40.066
3.98958 40.324
4.00000 40.973
4.01042 40.739
4.02083 40.266
4.03125 41.059
4.04167 41.790
4.05208 39.916
4.06250 38.967
4.07292 39.508
4.08333 39.037
4.09375 37.522
4.10417 36.859
4.11458 39.648
4.12500 38.481
4.13542 36.584
4.14583 39.235
4.15625 39.766
4.16667 38.192
4.17708 38.602
4.18750 38.518
4.19792 36.967
4.20833 38.155
4.21875 42.417
4.22917 40.538
4.23958 38.134
4.25000 37.710
4.26042 37.796
4.27083 37.949
4.28125 38.683
4.29167 36.704
4.30208 36.194
4.31250 37.906
4.32292 38.096
4.33333 38.000
4.34375 38.411
4.35417 38.261
4.36458 36.703
4.37500 35.584
4.38542 36.704
4.39583 36.753
4.40625 37.669
4.41667 38.619
4.42708 37.076
4.43750 36.256
4.44792 36.808
4.45833 35.273
4.46875 33.320
4.47917 36.879
4.48958 38.258
4.50000 38.440
4.51042 36.907
4.52083 35.199
4.53125 37.037
4.54167 37.219
4.55208 37.027
4.56250 37.813
4.57292 36.513
4.58333 34.690
4.59375 36.596
4.60417 35.789
4.61458 34.618
4.62500 36.209
4.63542 36.730
4.64583 37.190
4.65625 37.174
4.66667 36.175
4.67708 37.463
4.68750 35.611
4.69792 35.183
4.70833 35.253
4.71875 35.745
4.72917 36.255
4.73958 37.431
4.75000 37.537
4.76042 36.198
4.77083 34.895
4.78125 34.310
4.79167 34.134
4.80208 35.657
4.81250 34.580
4.82292 34.044
4.83333 32.507
4.84375 34.275
4.85417 34.508
4.86458 31.710
4.87500 34.129
4.88542 34.523
4.89583 32.360
4.90625 32.015
4.91667 34.992
4.92708 33.860
4.93750 33.954
4.94792 32.314
4.95833 32.741
4.96875 31.909
4.97917 30.215
4.98958 31.801
5.00000 32.930
5.01042 33.705
5.02083 34.752
5.03125 33.974
5.04167 32.944
5.05208 32.028
5.06250 32.920
5.07292 32.289
5.08333 31.041
5.09375 30.764
5.10417 29.972
5.11458 30.406
5.12500 30.061
5.13542 29.685
5.14583 31.029
5.15625 31.287
5.16667 31.642
5.17708 30.449
5.18750 31.093
5.19792 28.988
5.20833 27.761
5.21875 25.556
5.22917 28.335
5.23958 30.407
5.25000 29.277
5.26042 29.532
5.27083 29.316
5.28125 26.733
5.29167 27.515
5.30208 28.841
5.31250 30.169
5.32292 29.605
5.33333 28.065
5.34375 27.833
5.35417 29.462
5.36458 27.605
5.37500 28.201
5.38542 28.550
5.39583 27.793
5.40625 28.077
5.41667 27.880
5.42708 27.963
5.43750 27.181
5.44792 26.605
5.45833 27.973
5.46875 29.093
5.47917 28.745
5.48958 27.650
5.50000 28.751
5.51042 26.797
5.52083 25.497
5.53125 25.846
5.54167 25.613
5.55208 25.324
5.56250 26.369
5.57292 22.046
5.58333 0.000
5.59375 0.000
5.60417 0.000
5.61458 0.000
5.62500 0.000
