0.00000 29.000
0.01042 28.000
0.02083 27.985
0.03125 29.977
0.04167 29.018
0.05208 28.030
0.06250 28.054
0.07292 30.572
0.08333 29.036
0.09375 29.959
0.10417 30.591
0.11458 30.284
0.12500 26.910
0.13542 26.980
0.14583 26.148
0.15625 28.379
0.16667 28.000
0.17708 30.308
0.18750 29.872
0.19792 27.190
0.20833 25.938
0.21875 27.793
0.22917 27.633
0.23958 31.917
0.25000 30.377
0.26042 27.220
0.27083 25.569
0.28125 28.537
0.29167 27.667
0.30208 27.115
0.31250 28.638
0.32292 28.813
0.33333 29.237
0.34375 31.517
0.35417 30.538
0.36458 30.072
0.37500 30.504
0.38542 29.333
0.39583 27.677
0.40625 27.784
0.41667 25.876
0.42708 30.801
0.43750 30.097
0.44792 26.324
0.45833 28.932
0.46875 32.655
0.47917 29.555
0.48958 28.021
0.50000 28.667
0.51042 29.555
0.52083 30.397
0.53125 29.205
0.54167 30.569
0.55208 29.267
0.56250 28.496
0.57292 31.585
0.58333 29.169
0.59375 30.442
0.60417 31.142
0.61458 29.867
0.62500 30.452
0.63542 29.483
0.64583 28.081
0.65625 31.380
0.66667 30.658
0.67708 29.980
0.68750 29.563
0.69792 31.434
0.70833 30.231
0.71875 31.020
0.72917 31.633
0.73958 29.226
0.75000 34.457
0.76042 32.777
0.77083 33.665
0.78125 34.238
0.79167 34.573
0.80208 30.682
0.81250 33.176
0.82292 33.881
0.83333 33.483
0.84375 33.445
0.85417 33.161
0.86458 32.624
0.87500 30.587
0.88542 34.641
0.89583 34.888
0.90625 33.858
0.91667 35.265
0.92708 35.463
0.93750 35.457
0.94792 34.294
0.95833 33.083
0.96875 36.211
0.97917 34.241
0.98958 33.664
1.00000 33.535
1.01042 33.585
1.02083 36.849
1.03125 38.448
1.04167 37.151
1.05208 35.523
1.06250 34.333
1.07292 36.599
1.08333 37.157
1.09375 37.633
1.10417 37.388
1.11458 38.042
1.12500 37.023
1.13542 36.694
1.14583 36.507
1.15625 39.492
1.16667 36.169
1.17708 35.814
1.18750 36.989
1.19792 35.680
1.20833 37.192
1.21875 37.412
1.22917 35.887
1.23958 36.026
1.25000 37.276
1.26042 35.270
1.27083 35.344
1.28125 35.554
1.29167 36.837
1.30208 36.189
1.31250 35.673
1.32292 37.084
1.33333 36.017
1.34375 35.777
1.35417 35.569
1.36458 39.667
1.37500 38.060
1.38542 37.676
1.39583 36.617
1.40625 37.629
1.41667 34.103
1.42708 36.973
1.43750 37.499
1.44792 36.554
1.45833 37.534
1.46875 35.994
1.47917 36.665
1.48958 40.510
1.50000 39.944
1.51042 36.469
1.52083 36.685
1.53125 36.560
1.54167 34.348
1.55208 34.449
1.56250 36.750
1.57292 39.822
1.58333 40.730
1.59375 39.641
1.60417 40.495
1.61458 42.000
1.62500 38.137
1.63542 38.430
1.64583 38.380
1.65625 36.813
1.66667 38.632
1.67708 36.457
1.68750 40.065
1.69792 40.492
1.70833 39.570
1.71875 39.991
1.72917 40.584
1.73958 42.511
1.75000 42.881
1.76042 41.569
1.77083 40.769
1.78125 41.611
1.79167 36.480
1.80208 41.493
1.81250 41.745
1.82292 40.181
1.83333 39.735
1.84375 43.136
1.85417 43.231
1.86458 42.620
1.87500 41.186
1.88542 38.089
1.89583 39.373
1.90625 41.380
1.91667 40.667
1.92708 41.388
1.93750 42.158
1.94792 41.282
1.95833 42.383
1.96875 42.281
1.97917 41.713
1.98958 40.362
2.00000 41.060
2.01042 41.751
2.02083 42.463
2.03125 43.392
2.04167 41.339
2.05208 42.623
2.06250 44.376
2.07292 41.733
2.08333 45.078
2.09375 43.030
2.10417 41.011
2.11458 40.326
2.12500 48.026
2.13542 43.715
2.14583 45.582
2.15625 47.979
2.16667 46.980
2.17708 45.424
2.18750 45.232
2.19792 46.591
2.20833 45.477
2.21875 43.988
2.22917 45.312
2.23958 47.270
2.25000 49.554
2.26042 45.976
2.27083 47.995
2.28125 44.324
2.29167 44.003
2.30208 46.000
2.31250 49.332
2.32292 50.991
2.33333 48.689
2.34375 50.582
2.35417 46.030
2.36458 48.081
2.37500 48.989
2.38542 44.727
2.39583 46.748
2.40625 48.333
2.41667 48.667
2.42708 45.217
2.43750 49.392
2.44792 51.000
2.45833 45.916
2.46875 46.169
2.47917 50.205
2.48958 50.775
2.50000 49.057
2.51042 52.060
2.52083 52.747
2.53125 48.600
2.54167 48.771
2.55208 51.486
2.56250 54.145
2.57292 50.451
2.58333 49.448
2.59375 51.376
2.60417 52.973
2.61458 53.650
2.62500 53.760
2.63542 54.855
2.64583 54.716
2.65625 56.641
2.66667 57.281
2.67708 56.000
2.68750 57.609
2.69792 57.287
2.70833 57.216
2.71875 58.060
2.72917 60.814
2.73958 59.573
2.75000 59.000
2.76042 60.068
2.77083 59.333
2.78125 61.125
2.79167 61.596
2.80208 62.667
2.81250 62.481
2.82292 63.107
2.83333 64.436
2.84375 65.176
2.85417 66.667
2.86458 67.170
2.87500 67.333
2.88542 68.422
2.89583 70.333
2.90625 71.333
2.91667 73.244
2.92708 75.576
2.93750 75.759
2.94792 77.520
2.95833 79.238
2.96875 81.570
2.97917 82.902
2.98958 84.000
3.00000 86.667
3.01042 87.974
3.02083 89.229
3.03125 91.122
3.04167 91.786
3.05208 95.558
3.06250 97.333
3.07292 97.777
3.08333 101.673
3.09375 103.344
3.10417 106.652
3.11458 110.098
3.12500 113.523
3.13542 123.035
3.14583 129.023
3.15625 133.419
3.16667 138.376
3.17708 139.127
3.18750 142.128
3.19792 142.407
3.20833 142.465
3.21875 144.935
3.22917 144.667
3.23958 144.667
3.25000 145.137
3.26042 146.333
3.27083 146.807
3.28125 145.950
3.29167 146.333
3.30208 146.855
3.31250 147.561
3.32292 147.481
3.33333 147.816
3.34375 146.968
3.35417 147.000
3.36458 147.821
3.37500 147.023
3.38542 147.333
3.39583 147.158
3.40625 147.014
3.41667 147.495
3.42708 148.000
3.43750 147.502
3.44792 147.003
3.45833 146.167
3.46875 146.502
3.47917 145.674
3.48958 145.495
3.50000 146.173
3.51042 145.525
3.52083 144.510
3.53125 145.023
3.54167 143.667
3.55208 143.362
3.56250 142.667
3.57292 141.781
3.58333 140.519
3.59375 140.667
3.60417 138.768
3.61458 138.953
3.62500 137.525
3.63542 135.474
3.64583 133.917
3.65625 131.255
3.66667 129.729
3.67708 121.931
3.68750 117.003
3.69792 109.677
3.70833 98.074
3.71875 93.744
3.72917 89.873
3.73958 84.667
3.75000 81.876
3.76042 79.300
3.77083 76.483
3.78125 73.881
3.79167 70.765
3.80208 68.899
3.81250 67.219
3.82292 63.786
3.83333 62.335
3.84375 59.107
3.85417 57.884
3.86458 59.333
3.87500 56.650
3.88542 54.917
3.89583 54.359
3.90625 55.899
3.91667 55.403
3.92708 53.451
3.93750 51.956
3.94792 50.477
3.95833 49.480
3.96875 49.597
3.97917 46.576
3.98958 46.778
4.00000 45.596
4.01042 48.495
4.02083 45.333
4.03125 46.086
4.04167 47.015
4.05208 46.920
4.06250 49.275
4.07292 48.462
4.08333 53.032
4.09375 48.629
4.10417 46.217
4.11458 46.454
4.12500 44.584
4.13542 42.735
4.14583 41.468
4.15625 40.463
4.16667 40.350
4.17708 42.704
4.18750 43.032
4.19792 40.667
4.20833 40.208
4.21875 40.498
4.22917 38.388
4.23958 39.333
4.25000 39.564
4.26042 38.866
4.27083 37.575
4.28125 36.100
4.29167 35.667
4.30208 35.262
4.31250 36.169
4.32292 37.756
4.33333 39.098
4.34375 37.629
4.35417 35.449
4.36458 33.805
4.37500 32.532
4.38542 32.032
4.39583 33.181
4.40625 34.333
4.41667 30.891
4.42708 33.769
4.43750 33.164
4.44792 34.864
4.45833 36.143
4.46875 33.098
4.47917 30.721
4.48958 31.333
4.50000 32.106
4.51042 33.211
4.52083 29.109
4.53125 29.762
4.54167 30.342
4.55208 30.970
4.56250 31.018
4.57292 33.306
4.58333 33.967
4.59375 31.995
4.60417 33.000
4.61458 31.344
4.62500 31.330
4.63542 28.032
4.64583 31.364
4.65625 31.303
4.66667 29.757
4.67708 30.428
4.68750 31.594
4.69792 28.483
4.70833 31.848
4.71875 33.000
4.72917 29.739
4.73958 31.471
4.75000 30.857
4.76042 28.136
4.77083 31.932
4.78125 31.667
4.79167 31.783
4.80208 30.086
4.81250 32.727
4.82292 30.143
4.83333 31.131
4.84375 33.646
4.85417 34.413
4.86458 32.661
4.87500 32.725
4.88542 30.700
4.89583 29.662
4.90625 33.579
4.91667 33.259
4.92708 28.860
4.93750 30.952
4.94792 30.916
4.95833 30.154
4.96875 31.878
4.97917 33.388
4.98958 30.891
5.00000 30.849
5.01042 30.020
5.02083 30.270
5.03125 29.457
5.04167 30.380
5.05208 32.649
5.06250 29.265
5.07292 29.790
5.08333 32.376
5.09375 29.333
5.10417 30.000
5.11458 32.148
5.12500 30.000
5.13542 29.692
5.14583 32.588
5.15625 32.400
5.16667 31.504
5.17708 30.499
5.18750 31.089
5.19792 30.763
5.20833 31.333
5.21875 29.822
5.22917 29.852
5.23958 28.231
5.25000 31.134
5.26042 30.142
5.27083 29.991
5.28125 31.137
5.29167 30.766
5.30208 32.192
5.31250 31.718
5.32292 31.751
5.33333 28.667
5.34375 31.238
5.35417 31.326
5.36458 29.997
5.37500 28.884
5.38542 29.982
5.39583 27.688
5.40625 29.722
5.41667 29.569
5.42708 30.309
5.43750 30.057
5.44792 32.611
5.45833 31.914
5.46875 28.875
5.47917 29.573
5.48958 27.436
5.50000 28.130
5.51042 30.163
5.52083 31.540
5.53125 31.005
5.54167 28.741
5.55208 27.608
5.56250 26.944
5.57292 28.630
5.58333 29.652
5.59375 29.237
5.60417 29.377
5.61458 30.456
5.62500 30.293
5.63542 32.115
5.64583 30.968
5.65625 29.885
5.66667 28.308
5.67708 31.489
5.68750 30.510
5.69792 32.459
5.70833 30.214
5.71875 29.151
5.72917 30.519
5.73958 29.840
5.75000 28.000
5.76042 29.833
5.77083 29.009
5.78125 28.489
5.79167 26.452
5.80208 28.561
5.81250 28.208
5.82292 29.020
5.83333 29.489
5.84375 29.821
5.85417 28.896
5.86458 30.365
5.87500 26.403
5.88542 27.629
5.89583 30.228
5.90625 29.986
5.91667 28.573
5.92708 26.609
5.93750 25.824
5.94792 27.888
5.95833 31.078
5.96875 30.457
5.97917 27.745
5.98958 27.997
6.00000 28.032
6.01042 28.000
6.02083 27.615
6.03125 25.873
6.04167 25.376
6.05208 27.075
6.06250 28.511
6.07292 27.695
6.08333 27.451
6.09375 28.333
6.10417 27.768
6.11458 29.624
6.12500 28.661
6.13542 29.220
6.14583 27.456
6.15625 27.225
6.16667 28.226
6.17708 26.106
6.18750 27.792
6.19792 26.872
6.20833 28.424
6.21875 26.632
6.22917 27.922
6.23958 29.131
6.25000 29.477
6.26042 26.837
6.27083 27.724
6.28125 27.729
6.29167 25.445
6.30208 28.262
6.31250 27.302
6.32292 27.813
6.33333 27.333
6.34375 25.511
6.35417 24.774
6.36458 27.863
6.37500 29.103
6.38542 28.484
6.39583 28.112
6.40625 29.348
6.41667 27.525
6.42708 26.139
6.43750 27.611
6.44792 26.798
6.45833 25.584
6.46875 25.873
6.47917 28.529
6.48958 27.790
6.50000 29.275
6.51042 30.713
6.52083 26.890
6.53125 28.225
6.54167 27.175
6.55208 28.128
6.56250 29.100
6.57292 28.478
6.58333 29.567
6.59375 25.922
6.60417 27.552
6.61458 29.620
6.62500 30.137
6.63542 29.216
6.64583 25.038
6.65625 22.659
6.66667 24.597
6.67708 27.234
6.68750 27.207
6.69792 28.183
6.70833 26.201
6.71875 29.170
6.72917 28.179
6.73958 28.333
6.75000 28.864
6.76042 27.333
6.77083 22.686
6.78125 25.739
6.79167 26.066
6.80208 27.787
6.81250 28.735
6.82292 29.321
6.83333 25.397
6.84375 27.009
6.85417 30.910
6.86458 31.000
6.87500 30.027
6.88542 26.330
6.89583 25.347
6.90625 26.333
