0.00000 27.333
0.01042 27.940
0.02083 25.719
0.03125 27.204
0.04167 29.896
0.05208 31.537
0.06250 29.793
0.07292 31.060
0.08333 32.252
0.09375 27.333
0.10417 27.765
0.11458 27.572
0.12500 26.585
0.13542 28.558
0.14583 30.333
0.15625 28.852
0.16667 29.862
0.17708 31.610
0.18750 30.267
0.19792 29.821
0.20833 25.148
0.21875 26.878
0.22917 29.141
0.23958 28.596
0.25000 29.415
0.26042 26.549
0.27083 28.783
0.28125 27.733
0.29167 29.489
0.30208 28.328
0.31250 28.074
0.32292 27.660
0.33333 25.943
0.34375 28.619
0.35417 30.667
0.36458 27.395
0.37500 28.244
0.38542 29.401
0.39583 28.378
0.40625 30.015
0.41667 29.840
0.42708 28.874
0.43750 27.481
0.44792 29.896
0.45833 30.526
0.46875 30.556
0.47917 29.000
0.48958 32.781
0.50000 32.163
0.51042 29.847
0.52083 30.802
0.53125 32.559
0.54167 30.521
0.55208 28.547
0.56250 29.800
0.57292 31.235
0.58333 30.753
0.59375 31.015
0.60417 32.002
0.61458 31.137
0.62500 31.259
0.63542 29.860
0.64583 30.047
0.65625 28.978
0.66667 30.326
0.67708 32.265
0.68750 30.237
0.69792 31.948
0.70833 34.289
0.71875 31.352
0.72917 31.457
0.73958 29.879
0.75000 31.444
0.76042 30.072
0.77083 33.395
0.78125 33.481
0.79167 32.343
0.80208 30.010
0.81250 31.637
0.82292 30.952
0.83333 33.444
0.84375 30.967
0.85417 30.958
0.86458 31.515
0.87500 35.193
0.88542 32.333
0.89583 31.896
0.90625 33.326
0.91667 32.835
0.92708 32.257
0.93750 32.889
0.94792 32.599
0.95833 31.207
0.96875 33.881
0.97917 32.168
0.98958 31.667
1.00000 32.326
1.01042 32.868
1.02083 33.360
1.03125 31.022
1.04167 32.667
1.05208 31.890
1.06250 30.948
1.07292 33.436
1.08333 33.333
1.09375 32.833
1.10417 32.333
1.11458 33.881
1.12500 31.533
1.13542 32.159
1.14583 33.580
1.15625 33.659
1.16667 34.647
1.17708 32.362
1.18750 33.607
1.19792 34.938
1.20833 34.654
1.21875 32.700
1.22917 37.000
1.23958 35.780
1.25000 31.000
1.26042 32.470
1.27083 33.225
1.28125 34.793
1.29167 34.953
1.30208 35.586
1.31250 35.956
1.32292 35.984
1.33333 35.319
1.34375 35.804
1.35417 33.630
1.36458 35.277
1.37500 36.541
1.38542 33.781
1.39583 34.158
1.40625 33.333
1.41667 34.563
1.42708 33.091
1.43750 35.089
1.44792 35.333
1.45833 36.309
1.46875 37.759
1.47917 35.378
1.48958 35.252
1.50000 36.667
1.51042 36.377
1.52083 39.427
1.53125 36.422
1.54167 36.953
1.55208 36.922
1.56250 37.778
1.57292 38.057
1.58333 35.432
1.59375 36.444
1.60417 37.007
1.61458 37.327
1.62500 37.030
1.63542 35.521
1.64583 36.635
1.65625 36.830
1.66667 37.679
1.67708 37.740
1.68750 35.800
1.69792 39.936
1.70833 39.084
1.71875 37.833
1.72917 37.810
1.73958 39.220
1.75000 38.474
1.76042 38.399
1.77083 37.654
1.78125 37.711
1.79167 38.847
1.80208 39.485
1.81250 39.541
1.82292 38.204
1.83333 39.479
1.84375 38.804
1.85417 38.077
1.86458 38.146
1.87500 41.556
1.88542 41.000
1.89583 42.469
1.90625 43.496
1.91667 39.153
1.92708 39.000
1.93750 41.778
1.94792 40.262
1.95833 43.249
1.96875 43.300
1.97917 42.617
1.98958 41.619
2.00000 43.911
2.01042 42.002
2.02083 42.089
2.03125 42.981
2.04167 43.938
2.05208 42.548
2.06250 45.222
2.07292 46.575
2.08333 43.975
2.09375 44.633
2.10417 48.667
2.11458 46.562
2.12500 44.007
2.13542 45.457
2.14583 46.963
2.15625 47.822
2.16667 48.227
2.17708 47.085
2.18750 48.259
2.19792 46.333
2.20833 46.321
2.21875 45.348
2.22917 44.452
2.23958 45.235
2.25000 48.000
2.26042 47.875
2.27083 48.072
2.28125 49.548
2.29167 49.519
2.30208 48.847
2.31250 49.674
2.32292 49.344
2.33333 48.743
2.34375 49.167
2.35417 49.953
2.36458 50.257
2.37500 51.578
2.38542 49.730
2.39583 51.395
2.40625 50.689
2.41667 51.314
2.42708 53.986
2.43750 55.822
2.44792 52.636
2.45833 52.469
2.46875 52.804
2.47917 55.383
2.48958 53.863
2.50000 53.852
2.51042 55.752
2.52083 56.543
2.53125 54.733
2.54167 56.565
2.55208 57.531
2.56250 56.378
2.57292 56.801
2.58333 57.096
2.59375 58.063
2.60417 58.494
2.61458 60.836
2.62500 61.600
2.63542 60.520
2.64583 63.057
2.65625 65.426
2.66667 66.425
2.67708 69.000
2.68750 71.230
2.69792 74.191
2.70833 77.160
2.71875 81.711
2.72917 88.101
2.73958 90.456
2.75000 99.459
2.76042 104.784
2.77083 110.459
2.78125 121.615
2.79167 125.649
2.80208 128.307
2.81250 133.000
2.82292 134.333
2.83333 136.667
2.84375 137.896
2.85417 138.563
2.86458 139.333
2.87500 139.437
2.88542 141.000
2.89583 142.000
2.90625 141.822
2.91667 143.580
2.92708 144.190
2.93750 143.415
2.94792 143.783
2.95833 144.879
2.96875 145.463
2.97917 145.553
2.98958 145.441
3.00000 146.133
3.01042 146.164
3.02083 147.000
3.03125 147.848
3.04167 147.714
3.05208 147.468
3.06250 146.874
3.07292 145.667
3.08333 146.659
3.09375 147.100
3.10417 147.333
3.11458 146.165
3.12500 146.593
3.13542 146.399
3.14583 146.057
3.15625 146.333
3.16667 146.215
3.17708 144.938
3.18750 143.644
3.19792 144.320
3.20833 144.319
3.21875 140.678
3.22917 141.654
3.23958 141.333
3.25000 137.941
3.26042 135.847
3.27083 129.479
3.28125 124.111
3.29167 118.346
3.30208 109.563
3.31250 105.681
3.32292 101.946
3.33333 94.272
3.34375 90.678
3.35417 86.319
3.36458 84.959
3.37500 82.533
3.38542 79.809
3.39583 78.849
3.40625 76.363
3.41667 75.328
3.42708 73.960
3.43750 73.667
3.44792 73.054
3.45833 71.928
3.46875 70.000
3.47917 66.894
3.48958 68.667
3.50000 67.570
3.51042 66.421
3.52083 65.491
3.53125 65.211
3.54167 63.938
3.55208 63.614
3.56250 63.089
3.57292 62.369
3.58333 62.667
3.59375 62.333
3.60417 59.726
3.61458 58.670
3.62500 57.667
3.63542 58.349
3.64583 59.951
3.65625 57.733
3.66667 59.081
3.67708 57.232
3.68750 57.763
3.69792 58.062
3.70833 55.716
3.71875 56.419
3.72917 56.000
3.73958 56.564
3.75000 56.556
3.76042 54.667
3.77083 54.719
3.78125 53.000
3.79167 51.938
3.80208 53.617
3.81250 53.193
3.82292 51.960
3.83333 51.306
3.84375 52.333
3.85417 52.358
3.86458 52.302
3.87500 51.933
3.88542 51.777
3.89583 52.363
3.90625 48.204
3.91667 49.580
3.92708 52.484
3.93750 50.933
3.94792 53.202
3.95833 49.037
3.96875 47.993
3.97917 48.333
3.98958 48.977
4.00000 47.274
4.01042 46.364
4.02083 50.336
4.03125 48.267
4.04167 47.726
4.05208 51.943
4.06250 47.185
4.07292 45.183
4.08333 46.286
4.09375 46.063
4.10417 47.546
4.11458 46.346
4.12500 47.111
4.13542 45.496
4.14583 44.575
4.15625 46.011
4.16667 42.704
4.17708 44.541
4.18750 47.719
4.19792 45.299
4.20833 44.089
4.21875 45.833
4.22917 46.859
4.23958 47.104
4.25000 44.911
4.26042 45.598
4.27083 47.716
4.28125 44.874
4.29167 43.909
4.30208 45.122
4.31250 44.533
4.32292 42.642
4.33333 43.953
4.34375 47.352
4.35417 42.993
4.36458 44.575
4.37500 44.370
4.38542 43.830
4.39583 43.509
4.40625 43.311
4.41667 42.017
4.42708 43.093
4.43750 47.259
4.44792 43.474
4.45833 42.244
4.46875 43.374
4.47917 41.000
4.48958 43.740
4.50000 44.467
4.51042 41.774
4.52083 42.748
4.53125 42.370
4.54167 43.738
4.55208 44.436
4.56250 40.570
4.57292 39.017
4.58333 42.210
4.59375 42.767
4.60417 41.333
4.61458 39.647
4.62500 41.348
4.63542 40.432
4.64583 39.501
4.65625 39.511
4.66667 38.281
4.67708 37.281
4.68750 40.444
4.69792 43.949
4.70833 42.770
4.71875 40.907
4.72917 41.978
4.73958 39.790
4.75000 39.489
4.76042 39.747
4.77083 39.580
4.78125 39.300
4.79167 40.136
4.80208 39.888
4.81250 38.644
4.82292 39.005
4.83333 39.343
4.84375 37.111
4.85417 39.469
4.86458 40.441
4.87500 40.378
4.88542 39.493
4.89583 41.247
4.90625 38.859
4.91667 38.343
4.92708 38.332
4.93750 37.244
4.94792 35.222
4.95833 36.704
4.96875 39.033
4.97917 38.047
4.98958 38.388
5.00000 37.926
5.01042 35.470
5.02083 38.148
5.03125 38.233
5.04167 37.548
5.05208 35.420
5.06250 38.733
5.07292 36.626
5.08333 36.319
5.09375 38.937
5.10417 40.494
5.11458 36.765
5.12500 38.022
5.13542 35.801
5.14583 37.257
5.15625 36.889
5.16667 37.385
5.17708 35.104
5.18750 34.215
5.19792 34.021
5.20833 37.802
5.21875 36.941
5.22917 35.314
5.23958 35.306
5.25000 34.800
5.26042 36.815
5.27083 34.373
5.28125 31.144
5.29167 33.830
5.30208 32.595
5.31250 31.037
5.32292 33.416
5.33333 34.032
5.34375 33.000
5.35417 29.551
5.36458 31.352
5.37500 33.911
5.38542 30.654
5.39583 27.763
5.40625 27.819
5.41667 27.827
5.42708 29.458
5.43750 28.622
5.44792 27.559
5.45833 28.691
5.46875 28.000
5.47917 27.605
5.48958 30.344
5.50000 30.770
5.51042 33.048
5.52083 29.420
5.53125 30.389
5.54167 26.138
5.55208 27.454
5.56250 29.304
5.57292 24.883
5.58333 0.000
5.59375 0.000
5.60417 0.000
5.61458 0.000
5.62500 0.000
