0.00000 29.000
0.01042 28.465
0.02083 27.887
0.03125 28.139
0.04167 26.881
0.05208 26.018
0.06250 23.788
0.07292 26.303
0.08333 27.462
0.09375 26.777
0.10417 27.545
0.11458 27.670
0.12500 28.795
0.13542 26.502
0.14583 24.983
0.15625 24.286
0.16667 27.587
0.17708 29.811
0.18750 29.105
0.19792 26.317
0.20833 27.420
0.21875 27.447
0.22917 27.358
0.23958 25.256
0.25000 26.272
0.26042 27.748
0.27083 27.066
0.28125 28.276
0.29167 25.994
0.30208 25.959
0.31250 28.064
0.32292 27.793
0.33333 27.154
0.34375 26.310
0.35417 27.004
0.36458 27.390
0.37500 27.831
0.38542 26.587
0.39583 27.240
0.40625 28.725
0.41667 29.188
0.42708 29.453
0.43750 28.122
0.44792 26.723
0.45833 26.752
0.46875 26.340
0.47917 27.689
0.48958 28.541
0.50000 26.628
0.51042 27.883
0.52083 28.880
0.53125 28.199
0.54167 27.440
0.55208 25.666
0.56250 27.588
0.57292 28.315
0.58333 27.956
0.59375 27.947
0.60417 27.520
0.61458 29.332
0.62500 31.369
0.63542 29.839
0.64583 28.424
0.65625 29.041
0.66667 29.053
0.67708 28.249
0.68750 27.011
0.69792 28.121
0.70833 26.853
0.71875 25.185
0.72917 25.740
0.73958 27.137
0.75000 26.980
0.76042 27.696
0.77083 27.245
0.78125 25.440
0.79167 25.666
0.80208 24.449
0.81250 27.202
0.82292 28.785
0.83333 31.427
0.84375 30.662
0.85417 25.916
0.86458 23.597
0.87500 27.416
0.88542 28.557
0.89583 27.337
0.90625 28.393
0.91667 28.288
0.92708 26.990
0.93750 26.760
0.94792 25.468
0.95833 26.562
0.96875 27.906
0.97917 28.616
0.98958 29.091
1.00000 28.034
1.01042 27.154
1.02083 26.917
1.03125 27.031
1.04167 24.564
1.05208 23.300
1.06250 27.507
1.07292 27.297
1.08333 27.359
1.09375 26.524
1.10417 26.417
1.11458 26.721
1.12500 25.064
1.13542 28.144
1.14583 29.398
1.15625 25.797
1.16667 26.080
1.17708 28.232
1.18750 28.184
1.19792 24.012
1.20833 27.118
1.21875 26.588
1.22917 28.089
1.23958 29.862
1.25000 29.804
1.26042 28.312
1.27083 28.351
1.28125 27.026
1.29167 29.358
1.30208 28.377
1.31250 28.240
1.32292 27.912
1.33333 27.094
1.34375 25.615
1.35417 26.510
1.36458 28.805
1.37500 29.214
1.38542 28.787
1.39583 29.302
1.40625 30.934
1.41667 32.080
1.42708 27.860
1.43750 27.440
1.44792 27.755
1.45833 28.178
1.46875 30.927
1.47917 30.349
1.48958 30.488
1.50000 29.806
1.51042 29.454
1.52083 28.554
1.53125 27.790
1.54167 26.360
1.55208 26.503
1.56250 25.825
1.57292 30.126
1.58333 28.326
1.59375 27.665
1.60417 27.054
1.61458 25.901
1.62500 26.972
1.63542 28.360
1.64583 29.986
1.65625 31.936
1.66667 31.296
1.67708 29.849
1.68750 30.920
1.69792 33.058
1.70833 28.555
1.71875 27.745
1.72917 28.101
1.73958 28.923
1.75000 31.655
1.76042 30.815
1.77083 30.063
1.78125 29.462
1.79167 30.309
1.80208 30.290
1.81250 31.596
1.82292 32.639
1.83333 30.858
1.84375 30.607
1.85417 29.217
1.86458 30.182
1.87500 31.747
1.88542 30.540
1.89583 29.890
1.90625 30.463
1.91667 34.390
1.92708 31.959
1.93750 28.606
1.94792 29.997
1.95833 30.348
1.96875 31.199
1.97917 31.889
1.98958 31.501
2.00000 31.188
2.01042 31.487
2.02083 31.879
2.03125 30.727
2.04167 30.645
2.05208 29.955
2.06250 30.930
2.07292 30.696
2.08333 31.135
2.09375 31.725
2.10417 30.362
2.11458 32.162
2.12500 29.069
2.13542 28.956
2.14583 29.198
2.15625 31.704
2.16667 32.893
2.17708 30.099
2.18750 31.170
2.19792 32.122
2.20833 32.052
2.21875 31.300
2.22917 31.783
2.23958 31.993
2.25000 32.302
2.26042 34.259
2.27083 34.324
2.28125 33.533
2.29167 32.267
2.30208 32.406
2.31250 33.548
2.32292 34.369
2.33333 32.869
2.34375 34.593
2.35417 34.028
2.36458 33.839
2.37500 32.928
2.38542 33.119
2.39583 34.862
2.40625 34.549
2.41667 33.611
2.42708 34.617
2.43750 34.982
2.44792 36.325
2.45833 36.485
2.46875 33.887
2.47917 33.158
2.48958 38.181
2.50000 37.597
2.51042 38.083
2.52083 39.988
2.53125 39.347
2.54167 36.454
2.55208 36.773
2.56250 36.866
2.57292 37.506
2.58333 40.231
2.59375 39.098
2.60417 38.225
2.61458 39.214
2.62500 38.137
2.63542 39.443
2.64583 40.659
2.65625 40.585
2.66667 38.403
2.67708 38.397
2.68750 39.547
2.69792 40.317
2.70833 41.075
2.71875 40.383
2.72917 40.270
2.73958 42.099
2.75000 43.820
2.76042 44.859
2.77083 42.822
2.78125 42.685
2.79167 41.160
2.80208 43.833
2.81250 45.078
2.82292 43.534
2.83333 42.255
2.84375 47.375
2.85417 44.504
2.86458 44.923
2.87500 44.292
2.88542 43.471
2.89583 44.933
2.90625 45.298
2.91667 46.289
2.92708 46.859
2.93750 48.337
2.94792 47.596
2.95833 47.424
2.96875 49.926
2.97917 49.441
2.98958 48.681
3.00000 48.779
3.01042 47.960
3.02083 49.955
3.03125 52.613
3.04167 51.769
3.05208 52.099
3.06250 53.780
3.07292 55.073
3.08333 55.000
3.09375 55.132
3.10417 55.435
3.11458 55.044
3.12500 57.739
3.13542 58.845
3.14583 59.515
3.15625 61.110
3.16667 63.174
3.17708 65.950
3.18750 68.951
3.19792 69.998
3.20833 72.908
3.21875 77.287
3.22917 81.218
3.23958 85.837
3.25000 94.031
3.26042 104.999
3.27083 112.016
3.28125 122.119
3.29167 126.532
3.30208 129.259
3.31250 131.905
3.32292 134.000
3.33333 134.156
3.34375 136.227
3.35417 137.322
3.36458 137.675
3.37500 138.804
3.38542 139.981
3.39583 140.679
3.40625 141.483
3.41667 142.253
3.42708 142.400
3.43750 143.382
3.44792 143.968
3.45833 144.906
3.46875 145.492
3.47917 145.342
3.48958 145.627
3.50000 145.682
3.51042 146.919
3.52083 147.279
3.53125 147.539
3.54167 147.656
3.55208 147.333
3.56250 147.877
3.57292 147.770
3.58333 147.563
3.59375 148.112
3.60417 148.540
3.61458 148.328
3.62500 148.121
3.63542 148.730
3.64583 148.150
3.65625 147.279
3.66667 146.766
3.67708 146.155
3.68750 146.262
3.69792 146.133
3.70833 145.156
3.71875 145.141
3.72917 144.408
3.73958 143.978
3.75000 144.531
3.76042 143.495
3.77083 141.774
3.78125 140.275
3.79167 138.612
3.80208 135.575
3.81250 130.946
3.82292 125.992
3.83333 116.847
3.84375 111.014
3.85417 102.834
3.86458 97.667
3.87500 95.152
3.88542 93.694
3.89583 89.963
3.90625 86.996
3.91667 85.830
3.92708 83.625
3.93750 82.486
3.94792 80.881
3.95833 79.163
3.96875 78.482
3.97917 76.019
3.98958 74.285
4.00000 73.761
4.01042 73.300
4.02083 71.488
4.03125 69.493
4.04167 69.115
4.05208 69.010
4.06250 69.186
4.07292 68.344
4.08333 66.709
4.09375 65.064
4.10417 64.657
4.11458 65.018
4.12500 63.321
4.13542 62.112
4.14583 61.643
4.15625 61.759
4.16667 61.560
4.17708 60.450
4.18750 58.778
4.19792 58.964
4.20833 59.015
4.21875 58.677
4.22917 58.601
4.23958 57.814
4.25000 57.716
4.26042 57.172
4.27083 57.655
4.28125 56.403
4.29167 55.701
4.30208 57.012
4.31250 57.771
4.32292 54.892
4.33333 51.725
4.34375 52.636
4.35417 51.679
4.36458 51.781
4.37500 52.731
4.38542 54.049
4.39583 52.696
4.40625 50.293
4.41667 49.810
4.42708 49.706
4.43750 50.486
4.44792 49.617
4.45833 48.110
4.46875 47.918
4.47917 48.751
4.48958 48.653
4.50000 49.390
4.51042 47.474
4.52083 47.493
4.53125 48.901
4.54167 48.581
4.55208 46.575
4.56250 48.499
4.57292 47.512
4.58333 46.527
4.59375 45.604
4.60417 45.122
4.61458 43.823
4.62500 48.113
4.63542 48.166
4.64583 47.856
4.65625 48.568
4.66667 47.940
4.67708 46.144
4.68750 48.128
4.69792 47.615
4.70833 47.013
4.71875 45.805
4.72917 45.879
4.73958 49.509
4.75000 47.610
4.76042 45.226
4.77083 44.106
4.78125 44.878
4.79167 44.470
4.80208 45.007
4.81250 46.449
4.82292 45.972
4.83333 45.022
4.84375 45.537
4.85417 45.063
4.86458 44.883
4.87500 44.480
4.88542 46.299
4.89583 44.927
4.90625 43.376
4.91667 45.036
4.92708 43.784
4.93750 44.070
4.94792 43.491
4.95833 42.529
4.96875 44.798
4.97917 44.624
4.98958 43.592
5.00000 42.948
5.01042 42.106
5.02083 41.472
5.03125 40.316
5.04167 38.962
5.05208 40.096
5.06250 38.649
5.07292 39.851
5.08333 40.719
5.09375 41.454
5.10417 40.531
5.11458 40.006
5.12500 40.021
5.13542 40.183
5.14583 40.890
5.15625 41.934
5.16667 40.713
5.17708 39.116
5.18750 39.705
5.19792 40.884
5.20833 41.245
5.21875 40.030
5.22917 39.164
5.23958 38.612
5.25000 38.327
5.26042 39.954
5.27083 39.776
5.28125 39.584
5.29167 39.397
5.30208 37.444
5.31250 38.071
5.32292 38.734
5.33333 36.632
5.34375 38.003
5.35417 39.071
5.36458 38.585
5.37500 38.401
5.38542 39.527
5.39583 39.414
5.40625 38.987
5.41667 37.702
5.42708 37.282
5.43750 37.987
5.44792 38.024
5.45833 38.376
5.46875 40.059
5.47917 40.323
5.48958 38.270
5.50000 36.818
5.51042 36.914
5.52083 37.402
5.53125 36.841
5.54167 38.333
5.55208 39.332
5.56250 40.348
5.57292 39.110
5.58333 37.468
5.59375 37.995
5.60417 36.741
5.61458 34.422
5.62500 35.079
5.63542 36.512
5.64583 35.655
5.65625 34.573
5.66667 36.012
5.67708 37.836
5.68750 37.726
5.69792 35.281
5.70833 35.135
5.71875 35.929
5.72917 34.477
5.73958 32.572
5.75000 35.281
5.76042 38.705
5.77083 39.023
5.78125 36.587
5.79167 37.349
5.80208 38.930
5.81250 36.617
5.82292 33.340
5.83333 32.900
5.84375 34.473
5.85417 35.690
5.86458 37.064
5.87500 37.381
5.88542 37.316
5.89583 37.044
5.90625 35.276
5.91667 35.682
5.92708 36.994
5.93750 34.989
5.94792 34.071
5.95833 31.975
5.96875 30.516
5.97917 31.715
5.98958 32.784
6.00000 33.283
6.01042 33.161
6.02083 32.797
6.03125 34.561
6.04167 32.426
6.05208 31.339
6.06250 31.330
6.07292 32.079
6.08333 32.346
6.09375 31.147
6.10417 29.941
6.11458 32.187
6.12500 29.985
6.13542 31.366
6.14583 30.523
6.15625 31.046
6.16667 30.436
6.17708 32.352
6.18750 31.532
6.19792 31.202
6.20833 31.744
6.21875 32.061
6.22917 30.721
6.23958 28.734
6.25000 27.575
6.26042 27.891
6.27083 27.485
6.28125 28.445
6.29167 29.121
6.30208 29.756
6.31250 30.376
6.32292 30.817
6.33333 29.342
6.34375 28.863
6.35417 29.800
6.36458 30.888
6.37500 29.373
6.38542 28.292
6.39583 30.482
6.40625 29.036
6.41667 29.419
6.42708 28.525
6.43750 29.538
6.44792 31.189
6.45833 26.873
6.46875 28.811
6.47917 29.889
6.48958 31.008
6.50000 30.147
6.51042 30.563
6.52083 28.880
6.53125 29.108
6.54167 29.446
6.55208 28.801
6.56250 29.470
6.57292 29.184
6.58333 29.111
6.59375 29.895
6.60417 31.521
6.61458 30.137
6.62500 31.084
6.63542 30.068
6.64583 30.428
6.65625 28.970
6.66667 28.019
6.67708 27.091
6.68750 28.170
6.69792 28.368
6.70833 27.757
6.71875 27.130
6.72917 27.616
6.73958 30.021
6.75000 29.762
6.76042 32.112
6.77083 32.088
6.78125 30.386
6.79167 28.742
6.80208 29.760
6.81250 29.089
6.82292 26.974
6.83333 27.340
6.84375 29.296
6.85417 28.338
6.86458 27.130
6.87500 31.582
6.88542 31.647
6.89583 31.628
6.90625 28.445
6.91667 27.070
6.92708 29.948
6.93750 31.088
6.94792 28.443
6.95833 28.894
6.96875 28.991
6.97917 31.025
6.98958 30.654
7.00000 29.242
7.01042 30.739
7.02083 31.378
7.03125 31.957
7.04167 30.521
7.05208 29.045
7.06250 29.136
7.07292 29.162
7.08333 30.169
7.09375 30.030
7.10417 28.000
