0.00000 31.000
0.01042 31.024
0.02083 31.677
0.03125 28.868
0.04167 26.260
0.05208 27.093
0.06250 28.262
0.07292 29.950
0.08333 29.616
0.09375 29.144
0.10417 29.319
0.11458 27.881
0.12500 28.128
0.13542 26.097
0.14583 25.935
0.15625 28.059
0.16667 30.575
0.17708 30.509
0.18750 27.403
0.19792 28.782
0.20833 30.577
0.21875 30.513
0.22917 32.652
0.23958 32.193
0.25000 30.997
0.26042 30.799
0.27083 32.286
0.28125 32.670
0.29167 31.177
0.30208 29.877
0.31250 30.011
0.32292 32.103
0.33333 32.187
0.34375 32.584
0.35417 30.722
0.36458 31.613
0.37500 30.775
0.38542 29.384
0.39583 29.410
0.40625 30.305
0.41667 30.634
0.42708 31.365
0.43750 31.965
0.44792 31.945
0.45833 30.718
0.46875 31.263
0.47917 32.513
0.48958 31.406
0.50000 31.889
0.51042 30.965
0.52083 30.131
0.53125 29.873
0.54167 30.291
0.55208 31.546
0.56250 34.567
0.57292 35.725
0.58333 33.688
0.59375 30.617
0.60417 30.839
0.61458 33.107
0.62500 32.621
0.63542 32.668
0.64583 32.611
0.65625 31.550
0.66667 31.396
0.67708 30.284
0.68750 30.672
0.69792 33.493
0.70833 33.102
0.71875 32.541
0.72917 35.619
0.73958 34.754
0.75000 33.978
0.76042 35.032
0.77083 33.210
0.78125 32.496
0.79167 33.863
0.80208 35.502
0.81250 34.550
0.82292 34.849
0.83333 34.544
0.84375 35.461
0.85417 34.938
0.86458 33.519
0.87500 34.946
0.88542 36.669
0.89583 37.325
0.90625 37.267
0.91667 37.225
0.92708 37.946
0.93750 37.518
0.94792 35.346
0.95833 35.858
0.96875 35.221
0.97917 37.186
0.98958 37.220
1.00000 36.759
1.01042 35.467
1.02083 34.801
1.03125 35.575
1.04167 34.365
1.05208 36.822
1.06250 36.268
1.07292 36.474
1.08333 36.747
1.09375 35.514
1.10417 35.646
1.11458 36.252
1.12500 35.059
1.13542 34.618
1.14583 35.903
1.15625 37.154
1.16667 35.710
1.17708 34.962
1.18750 37.092
1.19792 34.556
1.20833 33.247
1.21875 35.083
1.22917 36.821
1.23958 36.245
1.25000 36.797
1.26042 37.477
1.27083 35.039
1.28125 34.554
1.29167 33.653
1.30208 36.272
1.31250 36.911
1.32292 37.500
1.33333 38.072
1.34375 36.184
1.35417 36.782
1.36458 36.621
1.37500 35.897
1.38542 34.543
1.39583 34.416
1.40625 37.255
1.41667 37.407
1.42708 36.236
1.43750 36.376
1.44792 35.977
1.45833 36.443
1.46875 38.805
1.47917 37.988
1.48958 37.892
1.50000 37.148
1.51042 38.391
1.52083 40.831
1.53125 39.295
1.54167 35.844
1.55208 36.189
1.56250 38.890
1.57292 37.362
1.58333 36.795
1.59375 38.706
1.60417 40.287
1.61458 40.561
1.62500 39.635
1.63542 37.683
1.64583 36.333
1.65625 39.401
1.66667 39.411
1.67708 38.685
1.68750 39.654
1.69792 38.874
1.70833 38.006
1.71875 36.822
1.72917 37.481
1.73958 39.158
1.75000 38.055
1.76042 36.083
1.77083 37.348
1.78125 38.944
1.79167 37.807
1.80208 35.756
1.81250 35.799
1.82292 36.024
1.83333 37.152
1.84375 38.489
1.85417 39.731
1.86458 38.883
1.87500 39.250
1.88542 40.179
1.89583 40.273
1.90625 39.445
1.91667 42.464
1.92708 43.399
1.93750 42.165
1.94792 41.209
1.95833 40.708
1.96875 40.617
1.97917 41.752
1.98958 43.584
2.00000 43.176
2.01042 42.717
2.02083 44.176
2.03125 41.733
2.04167 44.976
2.05208 44.828
2.06250 44.973
2.07292 46.269
2.08333 45.816
2.09375 46.045
2.10417 46.005
2.11458 45.279
2.12500 45.002
2.13542 45.565
2.14583 46.209
2.15625 48.257
2.16667 42.815
2.17708 45.754
2.18750 49.033
2.19792 45.324
2.20833 44.888
2.21875 47.698
2.22917 48.688
2.23958 47.361
2.25000 47.327
2.26042 44.833
2.27083 45.265
2.28125 44.981
2.29167 46.947
2.30208 46.244
2.31250 47.792
2.32292 47.895
2.33333 48.949
2.34375 48.638
2.35417 46.775
2.36458 47.444
2.37500 47.855
2.38542 49.706
2.39583 48.767
2.40625 47.480
2.41667 45.394
2.42708 46.619
2.43750 50.298
2.44792 49.355
2.45833 49.711
2.46875 50.833
2.47917 51.936
2.48958 52.797
2.50000 51.998
2.51042 50.371
2.52083 53.301
2.53125 53.064
2.54167 53.075
2.55208 53.667
2.56250 53.687
2.57292 53.522
2.58333 56.095
2.59375 57.427
2.60417 57.386
2.61458 57.077
2.62500 56.589
2.63542 56.886
2.64583 57.400
2.65625 59.206
2.66667 59.817
2.67708 60.704
2.68750 61.560
2.69792 61.876
2.70833 62.549
2.71875 62.590
2.72917 63.779
2.73958 65.398
2.75000 67.046
2.76042 66.574
2.77083 67.816
2.78125 69.907
2.79167 72.133
2.80208 73.211
2.81250 74.162
2.82292 75.308
2.83333 76.159
2.84375 77.485
2.85417 80.487
2.86458 82.160
2.87500 81.820
2.88542 84.607
2.89583 86.217
2.90625 87.500
2.91667 89.077
2.92708 91.580
2.93750 94.630
2.94792 97.695
2.95833 99.769
2.96875 102.149
2.97917 105.848
2.98958 110.888
3.00000 119.216
3.01042 129.347
3.02083 133.303
3.03125 136.424
3.04167 138.914
3.05208 139.797
3.06250 140.583
3.07292 142.685
3.08333 143.539
3.09375 144.296
3.10417 145.174
3.11458 144.971
3.12500 144.951
3.13542 144.977
3.14583 145.114
3.15625 146.095
3.16667 146.772
3.17708 146.846
3.18750 146.935
3.19792 147.343
3.20833 147.679
3.21875 146.690
3.22917 146.992
3.23958 146.215
3.25000 146.530
3.26042 146.778
3.27083 147.046
3.28125 147.326
3.29167 147.750
3.30208 147.737
3.31250 147.183
3.32292 146.772
3.33333 145.641
3.34375 146.045
3.35417 146.618
3.36458 146.493
3.37500 146.444
3.38542 146.465
3.39583 145.636
3.40625 145.842
3.41667 145.152
3.42708 144.342
3.43750 144.148
3.44792 143.586
3.45833 142.749
3.46875 141.015
3.47917 140.672
3.48958 139.472
3.50000 138.518
3.51042 136.989
3.52083 136.109
3.53125 135.052
3.54167 133.469
3.55208 131.816
3.56250 130.384
3.57292 127.259
3.58333 124.453
3.59375 120.574
3.60417 110.159
3.61458 102.444
3.62500 95.873
3.63542 87.001
3.64583 81.174
3.65625 77.844
3.66667 74.436
3.67708 72.774
3.68750 70.698
3.69792 69.105
3.70833 66.747
3.71875 64.961
3.72917 63.383
3.73958 61.496
3.75000 60.504
3.76042 59.977
3.77083 58.937
3.78125 58.398
3.79167 58.237
3.80208 55.721
3.81250 53.972
3.82292 55.047
3.83333 54.155
3.84375 54.380
3.85417 50.326
3.86458 47.953
3.87500 47.362
3.88542 47.221
3.89583 47.917
3.90625 48.014
3.91667 45.030
3.92708 45.858
3.93750 46.961
3.94792 45.024
3.95833 45.506
3.96875 47.312
3.97917 46.975
3.98958 46.371
4.00000 45.457
4.01042 45.067
4.02083 46.654
4.03125 46.002
4.04167 45.245
4.05208 46.477
4.06250 44.150
4.07292 44.468
4.08333 43.496
4.09375 44.310
4.10417 43.461
4.11458 41.760
4.12500 41.376
4.13542 40.829
4.14583 39.397
4.15625 39.367
4.16667 41.264
4.17708 40.771
4.18750 38.925
4.19792 39.714
4.20833 38.904
4.21875 40.124
4.22917 38.350
4.23958 37.484
4.25000 37.831
4.26042 36.473
4.27083 35.930
4.28125 36.819
4.29167 37.028
4.30208 39.317
4.31250 38.675
4.32292 36.278
4.33333 35.330
4.34375 35.822
4.35417 36.082
4.36458 34.826
4.37500 35.839
4.38542 36.000
4.39583 35.805
4.40625 35.137
4.41667 36.217
4.42708 35.407
4.43750 37.078
4.44792 36.931
4.45833 35.113
4.46875 35.751
4.47917 34.918
4.48958 35.383
4.50000 35.923
4.51042 35.555
4.52083 34.568
4.53125 35.809
4.54167 33.928
4.55208 34.604
4.56250 33.304
4.57292 34.839
4.58333 34.787
4.59375 35.529
4.60417 35.369
4.61458 34.448
4.62500 34.727
4.63542 35.599
4.64583 35.210
4.65625 32.275
4.66667 30.279
4.67708 32.216
4.68750 32.184
4.69792 33.912
4.70833 33.433
4.71875 33.215
4.72917 32.662
4.73958 32.675
4.75000 34.264
4.76042 33.317
4.77083 31.787
4.78125 31.046
4.79167 33.927
4.80208 31.830
4.81250 32.641
4.82292 33.783
4.83333 32.301
4.84375 32.201
4.85417 33.329
4.86458 33.612
4.87500 32.011
4.88542 31.330
4.89583 33.297
4.90625 32.689
4.91667 32.120
4.92708 30.806
4.93750 31.667
4.94792 31.270
4.95833 31.908
4.96875 33.869
4.97917 34.403
4.98958 32.116
5.00000 31.785
5.01042 32.992
5.02083 32.051
5.03125 32.432
5.04167 33.192
5.05208 32.545
5.06250 32.546
5.07292 30.734
5.08333 29.870
5.09375 29.555
5.10417 30.444
5.11458 31.228
5.12500 30.183
5.13542 33.213
5.14583 34.158
5.15625 32.282
5.16667 31.000
5.17708 29.689
5.18750 31.282
5.19792 31.188
5.20833 31.542
5.21875 31.450
5.22917 30.051
5.23958 31.432
5.25000 31.317
5.26042 28.147
5.27083 29.530
5.28125 29.674
5.29167 32.246
5.30208 30.297
5.31250 31.563
5.32292 31.081
5.33333 30.960
5.34375 30.523
5.35417 29.766
5.36458 30.263
5.37500 30.660
5.38542 31.497
5.39583 32.623
5.40625 30.608
5.41667 29.076
5.42708 29.524
5.43750 28.817
5.44792 27.656
5.45833 28.865
5.46875 30.453
5.47917 30.788
5.48958 30.364
5.50000 32.199
5.51042 32.442
5.52083 30.297
5.53125 28.612
5.54167 29.756
5.55208 28.029
5.56250 27.363
5.57292 28.282
5.58333 30.104
5.59375 31.628
5.60417 31.145
5.61458 31.478
5.62500 30.165
5.63542 28.225
5.64583 28.424
5.65625 27.340
5.66667 27.429
5.67708 29.863
5.68750 30.517
5.69792 28.828
5.70833 26.655
5.71875 25.667
5.72917 29.056
5.73958 27.565
5.75000 29.992
5.76042 28.438
5.77083 27.364
5.78125 26.410
5.79167 27.654
5.80208 28.481
5.81250 29.817
5.82292 27.843
5.83333 26.156
5.84375 25.672
5.85417 25.381
5.86458 26.286
5.87500 27.695
5.88542 28.661
5.89583 28.137
5.90625 27.773
5.91667 27.956
5.92708 28.559
5.93750 28.938
5.94792 28.537
5.95833 28.466
5.96875 28.890
5.97917 27.248
5.98958 29.278
6.00000 28.787
6.01042 27.302
6.02083 26.435
6.03125 27.177
6.04167 27.213
6.05208 27.649
6.06250 28.587
6.07292 29.383
6.08333 30.315
6.09375 29.366
6.10417 27.231
6.11458 27.481
6.12500 29.759
6.13542 27.986
6.14583 29.147
6.15625 28.802
6.16667 26.471
6.17708 26.211
6.18750 28.675
6.19792 27.981
6.20833 26.642
6.21875 29.145
6.22917 29.854
6.23958 27.338
6.25000 26.411
6.26042 27.781
6.27083 28.167
6.28125 27.550
6.29167 27.802
6.30208 26.487
6.31250 28.194
6.32292 28.718
6.33333 28.175
6.34375 23.284
6.35417 22.435
6.36458 27.358
6.37500 27.786
6.38542 27.309
6.39583 26.697
6.40625 27.168
6.41667 28.194
6.42708 29.809
6.43750 30.344
6.44792 28.765
6.45833 28.059
6.46875 25.896
6.47917 29.738
6.48958 27.180
6.50000 26.578
6.51042 26.538
6.52083 27.167
6.53125 26.625
6.54167 28.851
6.55208 28.246
6.56250 26.132
6.57292 26.063
6.58333 25.000
