0.00000 30.333
0.01042 31.037
0.02083 32.069
0.03125 32.235
0.04167 30.586
0.05208 30.737
0.06250 29.915
0.07292 27.686
0.08333 30.014
0.09375 30.157
0.10417 28.526
0.11458 29.461
0.12500 31.233
0.13542 30.446
0.14583 29.497
0.15625 30.256
0.16667 29.341
0.17708 29.106
0.18750 28.180
0.19792 28.673
0.20833 28.991
0.21875 28.351
0.22917 28.643
0.23958 29.633
0.25000 28.828
0.26042 30.160
0.27083 31.200
0.28125 28.970
0.29167 30.002
0.30208 29.399
0.31250 27.779
0.32292 27.909
0.33333 28.820
0.34375 30.289
0.35417 30.553
0.36458 29.981
0.37500 28.476
0.38542 27.366
0.39583 28.845
0.40625 29.591
0.41667 29.919
0.42708 29.557
0.43750 30.290
0.44792 29.434
0.45833 29.850
0.46875 26.875
0.47917 29.296
0.48958 31.103
0.50000 30.529
0.51042 29.921
0.52083 30.401
0.53125 29.044
0.54167 28.492
0.55208 30.865
0.56250 31.137
0.57292 32.090
0.58333 31.016
0.59375 28.958
0.60417 26.995
0.61458 28.067
0.62500 29.618
0.63542 28.864
0.64583 30.409
0.65625 30.330
0.66667 29.621
0.67708 29.554
0.68750 30.719
0.69792 28.746
0.70833 29.364
0.71875 29.232
0.72917 31.929
0.73958 32.037
0.75000 32.543
0.76042 32.067
0.77083 32.185
0.78125 31.992
0.79167 32.312
0.80208 30.579
0.81250 32.190
0.82292 33.064
0.83333 32.304
0.84375 31.380
0.85417 29.094
0.86458 32.643
0.87500 33.746
0.88542 33.897
0.89583 32.400
0.90625 33.209
0.91667 33.102
0.92708 33.818
0.93750 33.425
0.94792 33.728
0.95833 33.955
0.96875 31.609
0.97917 33.685
0.98958 33.648
1.00000 31.383
1.01042 33.765
1.02083 35.270
1.03125 34.939
1.04167 34.329
1.05208 33.412
1.06250 34.447
1.07292 33.332
1.08333 34.256
1.09375 34.865
1.10417 32.998
1.11458 34.329
1.12500 36.777
1.13542 37.192
1.14583 36.056
1.15625 34.604
1.16667 35.702
1.17708 37.418
1.18750 36.474
1.19792 36.764
1.20833 35.939
1.21875 37.077
1.22917 36.168
1.23958 35.688
1.25000 35.196
1.26042 37.077
1.27083 34.598
1.28125 35.927
1.29167 37.366
1.30208 36.160
1.31250 38.078
1.32292 36.504
1.33333 37.608
1.34375 36.693
1.35417 36.812
1.36458 37.240
1.37500 35.219
1.38542 35.088
1.39583 31.847
1.40625 34.379
1.41667 35.440
1.42708 37.971
1.43750 36.015
1.44792 34.797
1.45833 35.104
1.46875 35.060
1.47917 36.590
1.48958 36.177
1.50000 36.303
1.51042 35.669
1.52083 37.180
1.53125 34.194
1.54167 33.964
1.55208 34.706
1.56250 36.555
1.57292 39.119
1.58333 40.650
1.59375 39.486
1.60417 36.916
1.61458 35.286
1.62500 34.607
1.63542 35.636
1.64583 38.075
1.65625 37.207
1.66667 37.114
1.67708 36.728
1.68750 36.708
1.69792 37.182
1.70833 34.792
1.71875 34.717
1.72917 37.553
1.73958 41.397
1.75000 38.898
1.76042 36.065
1.77083 39.020
1.78125 37.434
1.79167 36.898
1.80208 38.833
1.81250 37.551
1.82292 38.896
1.83333 39.227
1.84375 38.450
1.85417 35.316
1.86458 37.896
1.87500 38.812
1.88542 40.251
1.89583 38.612
1.90625 36.898
1.91667 38.903
1.92708 40.408
1.93750 39.366
1.94792 39.545
1.95833 39.134
1.96875 41.383
1.97917 41.664
1.98958 42.018
2.00000 41.110
2.01042 40.787
2.02083 40.215
2.03125 39.309
2.04167 42.018
2.05208 42.713
2.06250 41.134
2.07292 40.284
2.08333 39.448
2.09375 41.904
2.10417 43.539
2.11458 42.887
2.12500 42.716
2.13542 41.745
2.14583 42.765
2.15625 42.609
2.16667 42.443
2.17708 43.523
2.18750 43.866
2.19792 43.246
2.20833 42.208
2.21875 41.662
2.22917 41.438
2.23958 45.376
2.25000 44.537
2.26042 44.194
2.27083 41.613
2.28125 43.971
2.29167 43.567
2.30208 43.483
2.31250 42.697
2.32292 44.307
2.33333 48.055
2.34375 48.640
2.35417 44.886
2.36458 46.050
2.37500 43.956
2.38542 43.294
2.39583 44.973
2.40625 47.114
2.41667 49.445
2.42708 46.840
2.43750 46.026
2.44792 45.235
2.45833 45.677
2.46875 45.779
2.47917 45.626
2.48958 46.282
2.50000 45.182
2.51042 45.107
2.52083 45.967
2.53125 48.198
2.54167 48.860
2.55208 47.711
2.56250 46.521
2.57292 44.907
2.58333 46.884
2.59375 46.762
2.60417 46.955
2.61458 45.535
2.62500 48.356
2.63542 48.462
2.64583 48.796
2.65625 48.655
2.66667 48.754
2.67708 50.033
2.68750 50.110
2.69792 50.984
2.70833 52.518
2.71875 53.946
2.72917 54.098
2.73958 51.722
2.75000 54.244
2.76042 54.307
2.77083 54.769
2.78125 56.779
2.79167 56.320
2.80208 57.563
2.81250 58.214
2.82292 57.462
2.83333 58.087
2.84375 58.778
2.85417 59.131
2.86458 59.785
2.87500 60.355
2.88542 61.851
2.89583 61.934
2.90625 62.721
2.91667 63.070
2.92708 64.636
2.93750 66.116
2.94792 66.337
2.95833 67.384
2.96875 68.907
2.97917 70.397
2.98958 71.302
3.00000 71.945
3.01042 72.857
3.02083 74.790
3.03125 76.274
3.04167 76.672
3.05208 76.929
3.06250 78.651
3.07292 82.078
3.08333 83.633
3.09375 85.239
3.10417 87.056
3.11458 89.966
3.12500 93.748
3.13542 97.561
3.14583 105.833
3.15625 115.102
3.16667 121.431
3.17708 128.161
3.18750 131.902
3.19792 135.041
3.20833 137.286
3.21875 138.928
3.22917 139.309
3.23958 140.372
3.25000 142.252
3.26042 141.776
3.27083 142.463
3.28125 143.491
3.29167 143.633
3.30208 143.588
3.31250 143.967
3.32292 144.368
3.33333 144.090
3.34375 143.831
3.35417 145.190
3.36458 145.511
3.37500 145.421
3.38542 145.933
3.39583 146.199
3.40625 146.225
3.41667 146.333
3.42708 146.455
3.43750 146.087
3.44792 146.585
3.45833 147.995
3.46875 147.545
3.47917 147.115
3.48958 146.848
3.50000 145.433
3.51042 146.034
3.52083 146.598
3.53125 146.873
3.54167 145.555
3.55208 145.849
3.56250 145.713
3.57292 145.366
3.58333 144.928
3.59375 144.379
3.60417 144.325
3.61458 143.701
3.62500 142.573
3.63542 142.278
3.64583 142.342
3.65625 141.230
3.66667 139.470
3.67708 139.029
3.68750 137.566
3.69792 136.064
3.70833 135.115
3.71875 133.098
3.72917 131.219
3.73958 127.934
3.75000 123.857
3.76042 117.799
3.77083 109.380
3.78125 99.015
3.79167 89.959
3.80208 85.884
3.81250 83.104
3.82292 79.549
3.83333 75.789
3.84375 73.589
3.85417 72.984
3.86458 71.622
3.87500 68.799
3.88542 65.673
3.89583 65.720
3.90625 64.876
3.91667 63.887
3.92708 62.128
3.93750 60.869
3.94792 60.129
3.95833 59.976
3.96875 58.285
3.97917 57.368
3.98958 56.289
4.00000 55.820
4.01042 56.944
4.02083 56.988
4.03125 57.750
4.04167 57.562
4.05208 53.482
4.06250 52.881
4.07292 51.090
4.08333 50.367
4.09375 49.686
4.10417 50.846
4.11458 47.918
4.12500 45.494
4.13542 45.619
4.14583 48.115
4.15625 49.872
4.16667 48.301
4.17708 46.716
4.18750 46.703
4.19792 45.492
4.20833 44.853
4.21875 45.518
4.22917 46.830
4.23958 47.031
4.25000 48.911
4.26042 50.199
4.27083 44.229
4.28125 43.279
4.29167 45.000
4.30208 47.876
4.31250 49.438
4.32292 46.286
4.33333 44.500
4.34375 46.231
4.35417 45.206
4.36458 43.795
4.37500 41.859
4.38542 42.091
4.39583 42.357
4.40625 42.543
4.41667 41.856
4.42708 40.506
4.43750 42.573
4.44792 41.717
4.45833 42.718
4.46875 40.065
4.47917 40.291
4.48958 40.001
4.50000 40.776
4.51042 41.149
4.52083 41.023
4.53125 40.530
4.54167 39.917
4.55208 38.103
4.56250 36.921
4.57292 37.658
4.58333 38.124
4.59375 39.176
4.60417 40.293
4.61458 37.953
4.62500 36.918
4.63542 36.259
4.64583 36.630
4.65625 37.457
4.66667 38.251
4.67708 40.136
4.68750 37.457
4.69792 36.784
4.70833 36.827
4.71875 36.064
4.72917 37.457
4.73958 38.362
4.75000 40.673
4.76042 40.589
4.77083 36.194
4.78125 35.529
4.79167 37.111
4.80208 35.337
4.81250 35.336
4.82292 37.169
4.83333 36.162
4.84375 34.300
4.85417 33.791
4.86458 35.533
4.87500 34.540
4.88542 34.223
4.89583 32.188
4.90625 34.228
4.91667 35.472
4.92708 34.526
4.93750 35.252
4.94792 31.317
4.95833 34.439
4.96875 35.919
4.97917 34.480
4.98958 35.063
5.00000 36.734
5.01042 36.380
5.02083 34.828
5.03125 32.546
5.04167 31.044
5.05208 33.935
5.06250 37.326
5.07292 37.428
5.08333 36.404
5.09375 36.684
5.10417 36.102
5.11458 36.245
5.12500 34.750
5.13542 32.912
5.14583 33.371
5.15625 36.894
5.16667 32.997
5.17708 33.030
5.18750 35.455
5.19792 34.735
5.20833 34.574
5.21875 33.318
5.22917 32.931
5.23958 32.701
5.25000 31.299
5.26042 32.604
5.27083 32.960
5.28125 31.589
5.29167 32.741
5.30208 32.558
5.31250 33.645
5.32292 32.729
5.33333 32.408
5.34375 32.086
5.35417 32.187
5.36458 31.939
5.37500 31.095
5.38542 30.583
5.39583 30.368
5.40625 32.523
5.41667 33.464
5.42708 33.787
5.43750 30.244
5.44792 31.410
5.45833 31.417
5.46875 30.510
5.47917 30.813
5.48958 27.878
5.50000 29.064
5.51042 29.000
5.52083 29.205
5.53125 31.827
5.54167 31.568
5.55208 31.234
5.56250 31.325
5.57292 30.810
5.58333 31.381
5.59375 30.654
5.60417 29.325
5.61458 29.881
5.62500 28.043
5.63542 26.881
5.64583 27.683
5.65625 29.578
5.66667 30.223
5.67708 30.666
5.68750 32.687
5.69792 31.670
5.70833 31.268
5.71875 29.714
5.72917 28.924
5.73958 30.301
5.75000 29.961
5.76042 29.957
5.77083 30.396
5.78125 30.573
5.79167 29.664
5.80208 26.742
5.81250 26.419
5.82292 27.273
5.83333 26.916
5.84375 26.765
5.85417 29.047
5.86458 28.386
5.87500 26.809
5.88542 28.660
5.89583 30.167
5.90625 30.022
5.91667 30.188
5.92708 27.776
5.93750 27.842
5.94792 26.676
5.95833 27.659
5.96875 27.531
5.97917 27.823
5.98958 26.757
6.00000 26.128
6.01042 26.795
6.02083 28.345
6.03125 30.798
6.04167 30.474
6.05208 28.332
6.06250 27.472
6.07292 26.609
6.08333 26.264
6.09375 27.655
6.10417 28.333
6.11458 27.089
6.12500 27.124
6.13542 27.104
6.14583 27.561
6.15625 25.799
6.16667 26.148
6.17708 26.552
6.18750 25.998
6.19792 26.245
6.20833 26.098
6.21875 24.875
6.22917 25.532
6.23958 26.454
6.25000 28.581
6.26042 27.372
6.27083 25.581
6.28125 26.308
6.29167 27.295
6.30208 28.722
6.31250 27.637
6.32292 25.834
6.33333 26.325
6.34375 26.585
6.35417 29.911
6.36458 29.006
6.37500 28.112
6.38542 27.118
6.39583 28.646
6.40625 30.464
6.41667 27.242
6.42708 28.444
6.43750 28.308
6.44792 26.976
6.45833 27.120
6.46875 27.002
6.47917 26.955
6.48958 27.505
6.50000 26.827
6.51042 27.796
6.52083 27.759
6.53125 28.367
6.54167 29.357
6.55208 29.334
6.56250 27.627
6.57292 27.288
6.58333 28.292
6.59375 27.238
6.60417 27.922
6.61458 28.895
6.62500 28.201
6.63542 27.999
6.64583 27.695
6.65625 28.060
6.66667 30.357
6.67708 29.031
6.68750 29.851
6.69792 29.484
6.70833 28.024
6.71875 27.383
6.72917 26.583
6.73958 26.620
6.75000 29.663
6.76042 28.820
6.77083 26.621
6.78125 26.145
6.79167 27.063
6.80208 28.120
6.81250 28.585
6.82292 28.044
6.83333 25.000
