0.00000 30.000
0.01042 29.279
0.02083 29.779
0.03125 29.860
0.04167 29.213
0.05208 29.262
0.06250 29.702
0.07292 29.572
0.08333 29.619
0.09375 28.889
0.10417 30.355
0.11458 30.748
0.12500 29.451
0.13542 30.380
0.14583 31.464
0.15625 29.337
0.16667 30.598
0.17708 27.527
0.18750 27.671
0.19792 27.989
0.20833 28.403
0.21875 28.011
0.22917 27.808
0.23958 30.455
0.25000 29.646
0.26042 27.969
0.27083 28.354
0.28125 31.360
0.29167 31.604
0.30208 29.789
0.31250 30.233
0.32292 30.758
0.33333 29.433
0.34375 30.673
0.35417 30.538
0.36458 29.663
0.37500 29.093
0.38542 28.551
0.39583 30.136
0.40625 31.556
0.41667 29.009
0.42708 28.581
0.43750 27.620
0.44792 27.896
0.45833 27.004
0.46875 29.489
0.47917 30.000
0.48958 30.776
0.50000 30.981
0.51042 30.589
0.52083 30.457
0.53125 30.704
0.54167 30.266
0.55208 30.951
0.56250 30.725
0.57292 28.939
0.58333 28.743
0.59375 31.234
0.60417 31.653
0.61458 30.848
0.62500 32.224
0.63542 34.235
0.64583 31.941
0.65625 34.731
0.66667 33.013
0.67708 30.634
0.68750 31.940
0.69792 32.902
0.70833 31.905
0.71875 31.078
0.72917 31.802
0.73958 31.592
0.75000 33.377
0.76042 31.683
0.77083 30.897
0.78125 31.309
0.79167 31.525
0.80208 29.634
0.81250 33.586
0.82292 33.055
0.83333 33.856
0.84375 33.603
0.85417 32.673
0.86458 34.007
0.87500 33.371
0.88542 33.623
0.89583 32.876
0.90625 32.554
0.91667 33.695
0.92708 34.111
0.93750 35.093
0.94792 34.813
0.95833 33.748
0.96875 34.847
0.97917 34.623
0.98958 34.895
1.00000 34.947
1.01042 33.106
1.02083 32.403
1.03125 32.452
1.04167 31.564
1.05208 33.246
1.06250 34.829
1.07292 36.843
1.08333 36.023
1.09375 35.946
1.10417 37.742
1.11458 37.741
1.12500 36.184
1.13542 35.147
1.14583 33.685
1.15625 33.733
1.16667 35.101
1.17708 36.734
1.18750 36.851
1.19792 35.047
1.20833 34.950
1.21875 33.016
1.22917 35.278
1.23958 36.718
1.25000 35.944
1.26042 36.715
1.27083 33.066
1.28125 35.601
1.29167 38.122
1.30208 37.320
1.31250 37.497
1.32292 38.376
1.33333 40.022
1.34375 38.340
1.35417 38.103
1.36458 38.188
1.37500 37.464
1.38542 36.166
1.39583 36.605
1.40625 37.860
1.41667 39.053
1.42708 37.913
1.43750 36.888
1.44792 34.636
1.45833 37.754
1.46875 38.171
1.47917 38.002
1.48958 37.045
1.50000 35.394
1.51042 37.156
1.52083 39.016
1.53125 38.572
1.54167 38.127
1.55208 37.930
1.56250 37.834
1.57292 38.142
1.58333 35.393
1.59375 38.277
1.60417 39.155
1.61458 38.797
1.62500 40.038
1.63542 40.152
1.64583 39.518
1.65625 37.017
1.66667 35.357
1.67708 39.377
1.68750 39.139
1.69792 36.879
1.70833 37.455
1.71875 37.111
1.72917 38.128
1.73958 38.014
1.75000 41.196
1.76042 42.180
1.77083 41.142
1.78125 42.303
1.79167 39.940
1.80208 40.169
1.81250 41.579
1.82292 40.778
1.83333 39.514
1.84375 38.701
1.85417 36.733
1.86458 37.905
1.87500 40.517
1.88542 40.844
1.89583 41.459
1.90625 41.177
1.91667 39.288
1.92708 39.450
1.93750 41.098
1.94792 41.573
1.95833 40.002
1.96875 42.921
1.97917 41.671
1.98958 42.051
2.00000 43.264
2.01042 42.592
2.02083 41.489
2.03125 41.032
2.04167 41.040
2.05208 43.638
2.06250 46.145
2.07292 46.052
2.08333 42.358
2.09375 44.394
2.10417 46.921
2.11458 45.579
2.12500 42.190
2.13542 43.807
2.14583 43.809
2.15625 44.584
2.16667 45.281
2.17708 46.683
2.18750 47.433
2.19792 46.574
2.20833 45.535
2.21875 47.526
2.22917 46.556
2.23958 44.269
2.25000 45.438
2.26042 46.843
2.27083 45.705
2.28125 45.919
2.29167 46.776
2.30208 45.720
2.31250 47.886
2.32292 45.652
2.33333 45.559
2.34375 45.948
2.35417 44.543
2.36458 44.866
2.37500 44.348
2.38542 45.109
2.39583 45.672
2.40625 46.928
2.41667 47.799
2.42708 48.590
2.43750 47.300
2.44792 49.205
2.45833 51.171
2.46875 49.864
2.47917 49.396
2.48958 49.035
2.50000 47.601
2.51042 48.016
2.52083 51.826
2.53125 52.795
2.54167 53.400
2.55208 53.409
2.56250 55.384
2.57292 53.586
2.58333 52.887
2.59375 54.507
2.60417 53.378
2.61458 53.935
2.62500 53.631
2.63542 52.968
2.64583 54.318
2.65625 55.232
2.66667 56.493
2.67708 57.080
2.68750 57.484
2.69792 57.979
2.70833 58.005
2.71875 58.433
2.72917 60.362
2.73958 60.680
2.75000 61.047
2.76042 61.689
2.77083 62.719
2.78125 64.695
2.79167 64.968
2.80208 65.197
2.81250 65.982
2.82292 67.258
2.83333 69.077
2.84375 70.779
2.85417 71.850
2.86458 72.315
2.87500 73.539
2.88542 77.334
2.89583 78.168
2.90625 79.420
2.91667 79.833
2.92708 80.547
2.93750 83.735
2.94792 85.839
2.95833 86.408
2.96875 88.132
2.97917 90.843
2.98958 93.160
3.00000 95.385
3.01042 97.245
3.02083 102.586
3.03125 109.440
3.04167 117.474
3.05208 128.047
3.06250 131.725
3.07292 134.165
3.08333 136.586
3.09375 138.768
3.10417 140.221
3.11458 141.246
3.12500 141.897
3.13542 142.669
3.14583 144.044
3.15625 144.817
3.16667 144.339
3.17708 144.579
3.18750 145.330
3.19792 145.979
3.20833 146.446
3.21875 146.660
3.22917 146.438
3.23958 146.941
3.25000 145.975
3.26042 146.168
3.27083 146.572
3.28125 146.146
3.29167 146.085
3.30208 146.613
3.31250 146.811
3.32292 147.165
3.33333 147.570
3.34375 148.000
3.35417 147.541
3.36458 147.370
3.37500 146.330
3.38542 145.654
3.39583 146.133
3.40625 147.112
3.41667 146.102
3.42708 145.765
3.43750 145.842
3.44792 145.585
3.45833 145.212
3.46875 143.898
3.47917 144.020
3.48958 144.160
3.50000 143.285
3.51042 142.802
3.52083 142.497
3.53125 141.564
3.54167 140.617
3.55208 139.097
3.56250 137.054
3.57292 136.365
3.58333 134.555
3.59375 133.446
3.60417 132.571
3.61458 130.517
3.62500 127.595
3.63542 123.292
3.64583 111.649
3.65625 102.018
3.66667 96.236
3.67708 90.323
3.68750 83.831
3.69792 80.573
3.70833 78.521
3.71875 76.064
3.72917 73.168
3.73958 71.121
3.75000 68.027
3.76042 66.753
3.77083 66.007
3.78125 65.561
3.79167 64.086
3.80208 62.302
3.81250 60.218
3.82292 58.726
3.83333 58.637
3.84375 58.147
3.85417 56.933
3.86458 56.441
3.87500 56.061
3.88542 56.958
3.89583 57.292
3.90625 56.689
3.91667 54.078
3.92708 52.414
3.93750 50.128
3.94792 48.409
3.95833 48.716
3.96875 48.525
3.97917 46.492
3.98958 47.577
4.00000 48.514
4.01042 46.876
4.02083 48.014
4.03125 48.829
4.04167 47.199
4.05208 46.168
4.06250 44.794
4.07292 45.603
4.08333 45.888
4.09375 46.119
4.10417 47.926
4.11458 46.079
4.12500 44.136
4.13542 44.261
4.14583 46.702
4.15625 47.088
4.16667 45.920
4.17708 44.870
4.18750 43.524
4.19792 43.064
4.20833 41.101
4.21875 41.547
4.22917 42.960
4.23958 41.293
4.25000 40.303
4.26042 40.887
4.27083 38.447
4.28125 42.226
4.29167 42.472
4.30208 40.362
4.31250 42.283
4.32292 40.611
4.33333 39.120
4.34375 39.792
4.35417 40.235
4.36458 40.332
4.37500 38.771
4.38542 39.556
4.39583 39.727
4.40625 38.474
4.41667 37.698
4.42708 38.254
4.43750 36.620
4.44792 33.960
4.45833 36.222
4.46875 36.684
4.47917 37.643
4.48958 37.211
4.50000 35.913
4.51042 35.682
4.52083 35.783
4.53125 35.535
4.54167 34.353
4.55208 34.048
4.56250 34.602
4.57292 35.453
4.58333 36.190
4.59375 37.973
4.60417 38.275
4.61458 37.902
4.62500 36.430
4.63542 36.579
4.64583 36.476
4.65625 33.881
4.66667 33.176
4.67708 35.645
4.68750 34.958
4.69792 33.976
4.70833 33.321
4.71875 32.944
4.72917 33.125
4.73958 33.512
4.75000 33.515
4.76042 33.681
4.77083 34.826
4.78125 36.351
4.79167 34.787
4.80208 32.364
4.81250 33.301
4.82292 34.281
4.83333 34.455
4.84375 34.234
4.85417 35.391
4.86458 33.158
4.87500 33.651
4.88542 34.835
4.89583 32.691
4.90625 32.816
4.91667 34.142
4.92708 33.406
4.93750 32.785
4.94792 32.142
4.95833 33.763
4.96875 33.421
4.97917 32.727
4.98958 33.666
5.00000 33.789
5.01042 32.753
5.02083 32.856
5.03125 31.589
5.04167 31.189
5.05208 30.509
5.06250 30.106
5.07292 30.187
5.08333 30.433
5.09375 30.369
5.10417 30.893
5.11458 32.206
5.12500 31.451
5.13542 33.378
5.14583 32.777
5.15625 31.507
5.16667 31.292
5.17708 30.421
5.18750 29.975
5.19792 28.692
5.20833 30.153
5.21875 32.428
5.22917 34.263
5.23958 33.093
5.25000 34.074
5.26042 31.648
5.27083 27.922
5.28125 29.100
5.29167 30.555
5.30208 30.681
5.31250 29.868
5.32292 30.302
5.33333 30.994
5.34375 30.762
5.35417 29.681
5.36458 30.766
5.37500 31.729
5.38542 31.695
5.39583 30.873
5.40625 31.638
5.41667 33.150
5.42708 32.310
5.43750 30.307
5.44792 30.781
5.45833 30.493
5.46875 29.006
5.47917 29.241
5.48958 28.436
5.50000 28.429
5.51042 27.738
5.52083 28.661
5.53125 31.980
5.54167 32.607
5.55208 31.708
5.56250 28.931
5.57292 27.852
5.58333 30.360
5.59375 31.797
5.60417 31.325
5.61458 27.634
5.62500 25.863
5.63542 26.206
5.64583 27.822
5.65625 27.144
5.66667 26.549
5.67708 28.929
5.68750 29.841
5.69792 27.740
5.70833 31.052
5.71875 30.745
5.72917 27.989
5.73958 27.016
5.75000 27.755
5.76042 25.553
5.77083 24.831
5.78125 25.917
5.79167 27.402
5.80208 26.686
5.81250 25.544
5.82292 27.789
5.83333 30.141
5.84375 29.797
5.85417 27.236
5.86458 24.555
5.87500 25.761
5.88542 27.189
5.89583 28.913
5.90625 29.340
5.91667 26.233
5.92708 26.064
5.93750 29.762
5.94792 29.818
5.95833 27.767
5.96875 27.579
5.97917 28.116
5.98958 27.795
6.00000 27.620
6.01042 29.357
6.02083 29.640
6.03125 28.267
6.04167 29.907
6.05208 29.671
6.06250 28.471
6.07292 28.002
6.08333 25.866
6.09375 26.744
6.10417 29.486
6.11458 26.286
6.12500 28.899
6.13542 29.747
6.14583 29.986
6.15625 29.399
6.16667 29.253
6.17708 27.456
6.18750 29.200
6.19792 29.132
6.20833 30.103
6.21875 29.325
6.22917 27.219
6.23958 26.086
6.25000 25.394
6.26042 28.328
6.27083 29.048
6.28125 29.646
6.29167 28.306
6.30208 28.410
6.31250 27.433
6.32292 26.720
6.33333 28.066
6.34375 26.819
6.35417 27.276
6.36458 27.450
6.37500 26.907
6.38542 25.712
6.39583 24.486
6.40625 26.016
6.41667 28.506
6.42708 27.866
6.43750 26.816
6.44792 27.387
6.45833 28.655
6.46875 27.395
6.47917 27.558
6.48958 27.710
6.50000 28.005
6.51042 25.345
6.52083 28.342
6.53125 27.953
6.54167 26.104
6.55208 27.277
6.56250 24.320
6.57292 26.157
6.58333 26.998
6.59375 25.847
6.60417 26.507
6.61458 27.324
6.62500 27.969
6.63542 29.619
6.64583 29.486
6.65625 28.016
6.66667 27.972
6.67708 27.518
6.68750 30.000
