0.00000 27.667
0.01042 27.810
0.02083 28.187
0.03125 29.061
0.04167 30.053
0.05208 30.283
0.06250 31.037
0.07292 29.248
0.08333 30.015
0.09375 30.425
0.10417 28.755
0.11458 30.987
0.12500 32.722
0.13542 29.730
0.14583 27.768
0.15625 30.259
0.16667 30.234
0.17708 29.973
0.18750 31.349
0.19792 30.825
0.20833 28.111
0.21875 27.578
0.22917 29.317
0.23958 30.509
0.25000 28.890
0.26042 28.333
0.27083 29.121
0.28125 31.036
0.29167 32.809
0.30208 31.417
0.31250 29.200
0.32292 28.524
0.33333 30.297
0.34375 31.649
0.35417 31.243
0.36458 30.786
0.37500 29.597
0.38542 29.061
0.39583 31.253
0.40625 32.590
0.41667 31.297
0.42708 28.853
0.43750 28.688
0.44792 30.628
0.45833 28.425
0.46875 27.564
0.47917 28.892
0.48958 29.098
0.50000 29.116
0.51042 30.280
0.52083 30.769
0.53125 29.816
0.54167 31.071
0.55208 31.463
0.56250 30.255
0.57292 30.131
0.58333 30.203
0.59375 28.889
0.60417 29.056
0.61458 28.649
0.62500 29.258
0.63542 30.381
0.64583 31.778
0.65625 32.730
0.66667 31.072
0.67708 32.763
0.68750 32.676
0.69792 32.122
0.70833 29.729
0.71875 30.923
0.72917 32.708
0.73958 32.965
0.75000 34.878
0.76042 30.789
0.77083 29.805
0.78125 30.919
0.79167 33.593
0.80208 32.076
0.81250 33.636
0.82292 33.625
0.83333 33.314
0.84375 33.848
0.85417 35.203
0.86458 35.507
0.87500 33.150
0.88542 32.213
0.89583 33.152
0.90625 32.967
0.91667 31.721
0.92708 33.610
0.93750 34.435
0.94792 32.959
0.95833 31.611
0.96875 32.429
0.97917 33.309
0.98958 35.438
1.00000 36.307
1.01042 36.372
1.02083 35.446
1.03125 34.334
1.04167 33.944
1.05208 34.443
1.06250 34.685
1.07292 33.504
1.08333 32.817
1.09375 32.363
1.10417 32.333
1.11458 33.984
1.12500 34.842
1.13542 35.414
1.14583 37.528
1.15625 36.852
1.16667 35.678
1.17708 34.446
1.18750 34.839
1.19792 32.478
1.20833 33.438
1.21875 34.919
1.22917 36.790
1.23958 36.459
1.25000 34.178
1.26042 34.256
1.27083 35.087
1.28125 36.939
1.29167 37.571
1.30208 35.161
1.31250 36.392
1.32292 34.675
1.33333 34.467
1.34375 35.949
1.35417 35.894
1.36458 37.543
1.37500 39.918
1.38542 37.363
1.39583 36.312
1.40625 36.285
1.41667 34.648
1.42708 35.474
1.43750 35.527
1.44792 34.663
1.45833 36.102
1.46875 37.338
1.47917 37.930
1.48958 36.822
1.50000 34.423
1.51042 37.051
1.52083 39.277
1.53125 38.120
1.54167 37.302
1.55208 35.996
1.56250 38.512
1.57292 41.987
1.58333 40.130
1.59375 38.186
1.60417 38.036
1.61458 37.762
1.62500 36.472
1.63542 34.748
1.64583 36.977
1.65625 38.228
1.66667 37.719
1.67708 40.979
1.68750 41.031
1.69792 39.204
1.70833 35.575
1.71875 37.568
1.72917 38.363
1.73958 37.197
1.75000 35.403
1.76042 38.270
1.77083 37.695
1.78125 37.753
1.79167 36.849
1.80208 40.085
1.81250 40.839
1.82292 40.885
1.83333 42.468
1.84375 41.968
1.85417 41.135
1.86458 42.199
1.87500 41.099
1.88542 41.517
1.89583 37.898
1.90625 35.861
1.91667 37.282
1.92708 41.520
1.93750 41.667
1.94792 41.837
1.95833 40.507
1.96875 38.933
1.97917 39.777
1.98958 40.718
2.00000 41.386
2.01042 42.243
2.02083 42.868
2.03125 41.854
2.04167 42.140
2.05208 43.154
2.06250 42.726
2.07292 42.065
2.08333 40.840
2.09375 39.986
2.10417 42.187
2.11458 46.649
2.12500 43.485
2.13542 43.680
2.14583 45.456
2.15625 46.179
2.16667 43.448
2.17708 45.973
2.18750 45.451
2.19792 44.404
2.20833 44.426
2.21875 46.475
2.22917 46.105
2.23958 46.508
2.25000 45.062
2.26042 43.000
2.27083 46.133
2.28125 47.067
2.29167 45.803
2.30208 46.399
2.31250 46.357
2.32292 44.952
2.33333 44.489
2.34375 45.466
2.35417 46.669
2.36458 46.396
2.37500 45.449
2.38542 45.132
2.39583 45.198
2.40625 46.122
2.41667 44.811
2.42708 44.630
2.43750 44.996
2.44792 45.062
2.45833 47.443
2.46875 48.146
2.47917 47.965
2.48958 46.991
2.50000 48.634
2.51042 50.734
2.52083 49.457
2.53125 51.220
2.54167 50.128
2.55208 47.410
2.56250 48.443
2.57292 50.248
2.58333 53.143
2.59375 53.626
2.60417 52.952
2.61458 54.461
2.62500 54.312
2.63542 54.299
2.64583 54.944
2.65625 53.117
2.66667 53.534
2.67708 53.020
2.68750 53.148
2.69792 54.198
2.70833 55.675
2.71875 56.704
2.72917 57.565
2.73958 57.654
2.75000 57.927
2.76042 57.814
2.77083 58.526
2.78125 60.487
2.79167 60.344
2.80208 61.161
2.81250 62.129
2.82292 63.620
2.83333 64.987
2.84375 65.027
2.85417 66.144
2.86458 66.691
2.87500 66.710
2.88542 68.921
2.89583 70.891
2.90625 71.333
2.91667 72.369
2.92708 74.412
2.93750 76.548
2.94792 77.875
2.95833 79.149
2.96875 79.724
2.97917 80.815
2.98958 82.996
3.00000 85.459
3.01042 86.382
3.02083 88.413
3.03125 90.999
3.04167 92.980
3.05208 95.167
3.06250 98.038
3.07292 103.664
3.08333 109.349
3.09375 121.941
3.10417 128.791
3.11458 132.280
3.12500 134.453
3.13542 136.541
3.14583 138.739
3.15625 140.410
3.16667 141.093
3.17708 141.831
3.18750 142.945
3.19792 144.006
3.20833 144.324
3.21875 144.333
3.22917 144.603
3.23958 145.389
3.25000 145.726
3.26042 145.693
3.27083 146.484
3.28125 146.706
3.29167 146.918
3.30208 145.670
3.31250 146.085
3.32292 146.387
3.33333 146.223
3.34375 146.216
3.35417 146.643
3.36458 146.706
3.37500 146.715
3.38542 147.756
3.39583 147.756
3.40625 147.284
3.41667 147.206
3.42708 145.728
3.43750 146.000
3.44792 146.496
3.45833 146.876
3.46875 145.874
3.47917 145.975
3.48958 145.753
3.50000 145.386
3.51042 144.645
3.52083 143.710
3.53125 143.848
3.54167 143.994
3.55208 143.190
3.56250 142.516
3.57292 142.070
3.58333 141.136
3.59375 140.299
3.60417 138.519
3.61458 136.711
3.62500 135.752
3.63542 134.044
3.64583 133.184
3.65625 132.522
3.66667 129.473
3.67708 126.575
3.68750 120.954
3.69792 109.579
3.70833 100.546
3.71875 95.007
3.72917 88.698
3.73958 83.371
3.75000 80.212
3.76042 78.371
3.77083 75.050
3.78125 73.350
3.79167 70.175
3.80208 67.891
3.81250 66.604
3.82292 65.736
3.83333 65.644
3.84375 63.841
3.85417 61.985
3.86458 59.846
3.87500 58.190
3.88542 58.612
3.89583 58.282
3.90625 57.132
3.91667 56.510
3.92708 56.098
3.93750 57.219
3.94792 57.203
3.95833 55.959
3.96875 53.842
3.97917 52.592
3.98958 50.427
4.00000 48.276
4.01042 48.640
4.02083 48.442
4.03125 46.462
4.04167 47.364
4.05208 48.524
4.06250 46.631
4.07292 48.773
4.08333 48.269
4.09375 46.575
4.10417 45.369
4.11458 44.488
4.12500 45.281
4.13542 45.974
4.14583 46.413
4.15625 47.881
4.16667 45.172
4.17708 43.473
4.18750 45.045
4.19792 46.000
4.20833 46.728
4.21875 44.934
4.22917 45.069
4.23958 43.877
4.25000 42.331
4.26042 41.038
4.27083 41.441
4.28125 43.115
4.29167 40.660
4.30208 40.797
4.31250 40.903
4.32292 39.014
4.33333 43.030
4.34375 41.968
4.35417 40.749
4.36458 42.230
4.37500 39.964
4.38542 39.009
4.39583 39.726
4.40625 40.494
4.41667 40.070
4.42708 38.650
4.43750 39.639
4.44792 39.670
4.45833 38.178
4.46875 37.864
4.47917 38.074
4.48958 35.936
4.50000 33.643
4.51042 36.690
4.52083 36.667
4.53125 37.721
4.54167 37.023
4.55208 35.761
4.56250 35.836
4.57292 35.636
4.58333 35.460
4.59375 33.880
4.60417 34.511
4.61458 34.755
4.62500 35.615
4.63542 36.388
4.64583 38.456
4.65625 37.862
4.66667 37.682
4.67708 36.282
4.68750 36.998
4.69792 36.123
4.70833 33.539
4.71875 33.843
4.72917 35.624
4.73958 34.962
4.75000 33.700
4.76042 33.360
4.77083 32.718
4.78125 33.307
4.79167 33.976
4.80208 33.302
4.81250 34.035
4.82292 34.924
4.83333 36.704
4.84375 33.429
4.85417 32.211
4.86458 33.983
4.87500 34.097
4.88542 34.319
4.89583 33.983
4.90625 35.425
4.91667 32.626
4.92708 34.033
4.93750 34.403
4.94792 32.293
4.95833 32.918
4.96875 34.294
4.97917 33.254
4.98958 32.849
5.00000 32.251
5.01042 34.319
5.02083 32.787
5.03125 33.328
5.04167 33.939
5.05208 33.418
5.06250 32.770
5.07292 32.462
5.08333 31.323
5.09375 31.106
5.10417 30.414
5.11458 30.123
5.12500 29.988
5.13542 30.229
5.14583 30.390
5.15625 31.137
5.16667 32.222
5.17708 31.736
5.18750 33.997
5.19792 32.625
5.20833 31.491
5.21875 31.585
5.22917 30.488
5.23958 30.714
5.25000 29.541
5.26042 31.182
5.27083 32.744
5.28125 34.337
5.29167 33.262
5.30208 33.550
5.31250 30.014
5.32292 27.719
5.33333 29.212
5.34375 30.967
5.35417 31.411
5.36458 30.042
5.37500 29.900
5.38542 30.573
5.39583 30.418
5.40625 29.601
5.41667 29.997
5.42708 32.000
5.43750 31.378
5.44792 30.502
5.45833 32.268
5.46875 32.744
5.47917 32.843
5.48958 30.397
5.50000 30.800
5.51042 29.522
5.52083 29.861
5.53125 29.930
5.54167 28.457
5.55208 27.584
5.56250 27.219
5.57292 28.695
5.58333 31.424
5.59375 32.385
5.60417 31.164
5.61458 28.185
5.62500 27.179
5.63542 29.234
5.64583 30.854
5.65625 29.211
5.66667 27.458
5.67708 25.335
5.68750 26.611
5.69792 27.873
5.70833 26.280
5.71875 26.960
5.72917 29.347
5.73958 28.497
5.75000 27.118
5.76042 31.207
5.77083 30.019
5.78125 26.375
5.79167 26.374
5.80208 27.607
5.81250 24.619
5.82292 22.871
5.83333 27.002
5.84375 27.727
5.85417 26.149
5.86458 25.380
5.87500 28.747
5.88542 29.046
5.89583 29.221
5.90625 27.621
5.91667 24.816
5.92708 26.940
5.93750 27.752
5.94792 29.185
5.95833 27.965
5.96875 25.616
5.97917 26.839
5.98958 29.764
6.00000 28.793
6.01042 28.266
6.02083 27.346
6.03125 28.628
6.04167 26.447
6.05208 26.807
6.06250 28.878
6.07292 29.042
6.08333 28.299
6.09375 30.880
6.10417 30.206
6.11458 28.673
6.12500 27.554
6.13542 26.048
6.14583 28.094
6.15625 28.082
6.16667 25.918
6.17708 26.990
6.18750 28.820
6.19792 30.082
6.20833 29.550
6.21875 28.361
6.22917 27.600
6.23958 28.286
6.25000 28.318
6.26042 29.933
6.27083 28.456
6.28125 27.599
6.29167 26.007
6.30208 27.654
6.31250 30.317
6.32292 28.919
6.33333 29.146
6.34375 27.520
6.35417 26.891
6.36458 26.203
6.37500 27.531
6.38542 29.245
6.39583 27.593
6.40625 28.148
6.41667 28.667
6.42708 27.361
6.43750 26.897
6.44792 26.151
6.45833 27.127
6.46875 28.359
6.47917 27.276
6.48958 25.725
6.50000 27.565
6.51042 27.855
6.52083 27.165
6.53125 26.572
6.54167 28.021
6.55208 27.629
6.56250 23.123
6.57292 26.926
6.58333 27.367
6.59375 28.449
6.60417 28.349
6.61458 24.089
6.62500 26.569
6.63542 26.626
6.64583 26.957
6.65625 26.347
6.66667 27.122
6.67708 28.118
6.68750 29.544
6.69792 29.892
6.70833 30.282
6.71875 27.845
6.72917 26.313
6.73958 27.470
6.75000 27.405
6.76042 27.430
6.77083 27.059
6.78125 26.000
