0.00000 29.333
0.01042 29.530
0.02083 30.034
0.03125 30.383
0.04167 28.260
0.05208 25.588
0.06250 26.377
0.07292 27.710
0.08333 29.970
0.09375 28.099
0.10417 25.945
0.11458 25.616
0.12500 28.216
0.13542 26.876
0.14583 27.228
0.15625 27.416
0.16667 28.152
0.17708 27.752
0.18750 27.454
0.19792 27.976
0.20833 26.739
0.21875 28.199
0.22917 30.034
0.23958 30.463
0.25000 29.608
0.26042 27.704
0.27083 29.095
0.28125 30.043
0.29167 30.726
0.30208 29.805
0.31250 29.716
0.32292 29.978
0.33333 29.516
0.34375 28.215
0.35417 29.903
0.36458 30.594
0.37500 29.393
0.38542 27.553
0.39583 28.705
0.40625 28.160
0.41667 30.564
0.42708 30.985
0.43750 30.826
0.44792 32.266
0.45833 29.611
0.46875 29.325
0.47917 31.289
0.48958 30.940
0.50000 30.278
0.51042 31.483
0.52083 32.499
0.53125 32.561
0.54167 31.596
0.55208 33.523
0.56250 34.091
0.57292 33.305
0.58333 32.145
0.59375 32.868
0.60417 32.586
0.61458 33.175
0.62500 34.304
0.63542 36.336
0.64583 34.539
0.65625 32.427
0.66667 35.077
0.67708 34.912
0.68750 33.194
0.69792 32.750
0.70833 33.361
0.71875 33.004
0.72917 34.859
0.73958 37.166
0.75000 38.002
0.76042 35.642
0.77083 34.424
0.78125 35.087
0.79167 38.041
0.80208 37.199
0.81250 37.694
0.82292 37.586
0.83333 36.783
0.84375 35.975
0.85417 35.489
0.86458 37.204
0.87500 37.982
0.88542 37.642
0.89583 38.219
0.90625 37.090
0.91667 36.756
0.92708 35.725
0.93750 37.308
0.94792 39.000
0.95833 37.592
0.96875 35.622
0.97917 34.745
0.98958 37.516
1.00000 38.263
1.01042 34.874
1.02083 33.858
1.03125 35.155
1.04167 38.214
1.05208 38.132
1.06250 38.023
1.07292 38.559
1.08333 37.966
1.09375 37.090
1.10417 36.578
1.11458 35.435
1.12500 36.257
1.13542 37.229
1.14583 35.622
1.15625 35.169
1.16667 34.607
1.17708 37.926
1.18750 40.319
1.19792 38.651
1.20833 35.212
1.21875 36.065
1.22917 38.483
1.23958 37.075
1.25000 39.438
1.26042 38.709
1.27083 38.127
1.28125 37.849
1.29167 37.976
1.30208 38.128
1.31250 39.146
1.32292 38.701
1.33333 39.474
1.34375 39.548
1.35417 39.542
1.36458 39.277
1.37500 38.012
1.38542 39.640
1.39583 39.511
1.40625 38.218
1.41667 37.193
1.42708 40.185
1.43750 42.406
1.44792 40.240
1.45833 40.218
1.46875 39.566
1.47917 37.747
1.48958 39.501
1.50000 43.186
1.51042 41.541
1.52083 40.641
1.53125 39.237
1.54167 39.555
1.55208 40.570
1.56250 41.621
1.57292 40.696
1.58333 39.472
1.59375 40.962
1.60417 41.675
1.61458 42.196
1.62500 42.619
1.63542 41.524
1.64583 42.160
1.65625 44.175
1.66667 43.743
1.67708 43.244
1.68750 39.887
1.69792 40.681
1.70833 44.091
1.71875 43.574
1.72917 42.407
1.73958 43.747
1.75000 45.598
1.76042 46.412
1.77083 44.406
1.78125 44.613
1.79167 45.742
1.80208 46.800
1.81250 44.613
1.82292 44.907
1.83333 47.066
1.84375 45.479
1.85417 45.545
1.86458 48.781
1.87500 47.305
1.88542 46.126
1.89583 48.333
1.90625 47.977
1.91667 48.406
1.92708 47.741
1.93750 46.776
1.94792 48.839
1.95833 51.363
1.96875 47.145
1.97917 45.856
1.98958 47.540
2.00000 48.596
2.01042 47.181
2.02083 47.954
2.03125 48.857
2.04167 49.037
2.05208 48.876
2.06250 49.040
2.07292 50.587
2.08333 49.725
2.09375 49.922
2.10417 50.317
2.11458 52.930
2.12500 52.480
2.13542 51.317
2.14583 53.089
2.15625 52.016
2.16667 52.054
2.17708 53.589
2.18750 54.734
2.19792 55.488
2.20833 55.804
2.21875 56.523
2.22917 55.965
2.23958 57.351
2.25000 57.194
2.26042 57.724
2.27083 59.450
2.28125 59.516
2.29167 60.346
2.30208 60.132
2.31250 61.251
2.32292 63.728
2.33333 64.322
2.34375 64.936
2.35417 65.354
2.36458 66.778
2.37500 67.383
2.38542 69.213
2.39583 70.311
2.40625 71.346
2.41667 72.014
2.42708 73.412
2.43750 76.048
2.44792 78.161
2.45833 79.336
2.46875 80.827
2.47917 85.492
2.48958 86.751
2.50000 91.490
2.51042 96.063
2.52083 100.949
2.53125 109.026
2.54167 119.178
2.55208 124.874
2.56250 127.499
2.57292 131.613
2.58333 134.987
2.59375 137.638
2.60417 138.988
2.61458 139.674
2.62500 140.968
2.63542 141.844
2.64583 142.954
2.65625 144.212
2.66667 144.722
2.67708 145.121
2.68750 145.012
2.69792 146.398
2.70833 146.673
2.71875 146.610
2.72917 147.015
2.73958 147.355
2.75000 147.320
2.76042 148.404
2.77083 148.204
2.78125 147.130
2.79167 146.547
2.80208 146.642
2.81250 146.980
2.82292 147.273
2.83333 147.624
2.84375 147.500
2.85417 147.440
2.86458 146.688
2.87500 145.365
2.88542 145.064
2.89583 145.539
2.90625 145.174
2.91667 144.342
2.92708 143.800
2.93750 143.115
2.94792 142.536
2.95833 141.925
2.96875 141.094
2.97917 140.977
2.98958 140.232
3.00000 138.515
3.01042 138.011
3.02083 137.008
3.03125 135.821
3.04167 134.991
3.05208 133.479
3.06250 132.140
3.07292 130.724
3.08333 129.328
3.09375 126.057
3.10417 122.790
3.11458 118.986
3.12500 112.366
3.13542 105.643
3.14583 96.435
3.15625 85.167
3.16667 79.036
3.17708 73.790
3.18750 69.084
3.19792 65.736
3.20833 64.978
3.21875 62.711
3.22917 61.290
3.23958 59.673
3.25000 58.626
3.26042 56.931
3.27083 55.458
3.28125 53.871
3.29167 53.177
3.30208 52.585
3.31250 50.967
3.32292 50.011
3.33333 51.985
3.34375 48.524
3.35417 47.498
3.36458 47.274
3.37500 47.264
3.38542 48.303
3.39583 47.601
3.40625 46.059
3.41667 47.144
3.42708 46.599
3.43750 43.573
3.44792 44.213
3.45833 46.717
3.46875 46.920
3.47917 48.195
3.48958 44.489
3.50000 43.886
3.51042 43.503
3.52083 44.206
3.53125 42.886
3.54167 43.217
3.55208 42.636
3.56250 41.878
3.57292 39.738
3.58333 41.205
3.59375 39.364
3.60417 39.840
3.61458 41.232
3.62500 42.003
3.63542 41.263
3.64583 37.416
3.65625 36.252
3.66667 37.612
3.67708 39.114
3.68750 39.501
3.69792 39.140
3.70833 38.519
3.71875 39.691
3.72917 36.219
3.73958 35.777
3.75000 34.560
3.76042 34.862
3.77083 35.883
3.78125 36.722
3.79167 37.222
3.80208 38.389
3.81250 37.153
3.82292 36.626
3.83333 36.654
3.84375 38.446
3.85417 38.046
3.86458 37.239
3.87500 36.096
3.88542 35.322
3.89583 36.440
3.90625 36.893
3.91667 37.917
3.92708 34.489
3.93750 32.980
3.94792 32.853
3.95833 33.096
3.96875 33.824
3.97917 35.342
3.98958 35.021
4.00000 35.967
4.01042 36.338
4.02083 35.620
4.03125 36.067
4.04167 34.816
4.05208 31.892
4.06250 32.565
4.07292 34.216
4.08333 34.039
4.09375 33.620
4.10417 35.706
4.11458 37.813
4.12500 34.538
4.13542 34.836
4.14583 35.515
4.15625 34.272
4.16667 34.843
4.17708 34.943
4.18750 33.558
4.19792 32.810
4.20833 33.713
4.21875 33.480
4.22917 33.360
4.23958 33.056
4.25000 32.335
4.26042 31.907
4.27083 32.716
4.28125 32.629
4.29167 31.973
4.30208 34.103
4.31250 34.074
4.32292 34.760
4.33333 33.222
4.34375 33.426
4.35417 35.135
4.36458 34.886
4.37500 33.690
4.38542 32.722
4.39583 33.821
4.40625 33.212
4.41667 33.386
4.42708 33.537
4.43750 32.500
4.44792 32.354
4.45833 32.572
4.46875 31.340
4.47917 31.800
4.48958 33.179
4.50000 34.501
4.51042 34.554
4.52083 32.505
4.53125 32.273
4.54167 33.508
4.55208 33.410
4.56250 31.773
4.57292 31.664
4.58333 32.143
4.59375 32.849
4.60417 32.846
4.61458 33.000
4.62500 31.964
4.63542 32.146
4.64583 33.019
4.65625 32.425
4.66667 33.839
4.67708 33.521
4.68750 32.748
4.69792 32.143
4.70833 32.303
4.71875 31.961
4.72917 30.784
4.73958 30.333
4.75000 30.925
4.76042 30.458
4.77083 31.631
4.78125 31.110
4.79167 28.935
4.80208 30.667
4.81250 30.994
4.82292 29.827
4.83333 29.997
4.84375 32.303
4.85417 32.156
4.86458 32.546
4.87500 33.565
4.88542 33.750
4.89583 33.768
4.90625 31.693
4.91667 30.694
4.92708 32.019
4.93750 31.206
4.94792 31.995
4.95833 32.943
4.96875 30.270
4.97917 32.329
4.98958 30.547
5.00000 30.659
5.01042 29.519
5.02083 29.957
5.03125 30.670
5.04167 30.182
5.05208 30.486
5.06250 30.479
5.07292 30.275
5.08333 30.134
5.09375 32.645
5.10417 30.174
5.11458 28.386
5.12500 29.327
5.13542 28.911
5.14583 29.283
5.15625 30.901
5.16667 31.263
5.17708 27.286
5.18750 27.074
5.19792 27.857
5.20833 28.087
5.21875 28.468
5.22917 30.556
5.23958 27.804
5.25000 28.156
5.26042 28.539
5.27083 27.456
5.28125 28.959
5.29167 28.204
5.30208 25.027
5.31250 28.389
5.32292 29.835
5.33333 29.380
5.34375 26.587
5.35417 26.839
5.36458 30.652
5.37500 27.991
5.38542 27.715
5.39583 28.129
5.40625 27.936
5.41667 27.717
5.42708 26.140
5.43750 25.853
5.44792 28.489
5.45833 29.495
5.46875 27.518
5.47917 26.454
5.48958 27.221
5.50000 26.195
5.51042 27.753
5.52083 27.926
5.53125 26.087
5.54167 24.126
5.55208 25.091
5.56250 26.769
5.57292 28.612
5.58333 28.152
5.59375 28.221
5.60417 27.334
5.61458 27.731
5.62500 29.920
5.63542 27.597
5.64583 27.041
5.65625 26.183
5.66667 25.981
5.67708 26.082
5.68750 27.333
