0.00000 28.333
0.01042 28.700
0.02083 26.978
0.03125 27.859
0.04167 27.709
0.05208 28.128
0.06250 26.759
0.07292 27.601
0.08333 28.209
0.09375 28.002
0.10417 30.334
0.11458 29.767
0.12500 29.506
0.13542 29.258
0.14583 28.040
0.15625 28.007
0.16667 28.619
0.17708 30.160
0.18750 29.497
0.19792 28.118
0.20833 28.398
0.21875 29.197
0.22917 29.441
0.23958 28.326
0.25000 28.638
0.26042 30.154
0.27083 29.356
0.28125 27.109
0.29167 25.925
0.30208 28.131
0.31250 28.885
0.32292 28.653
0.33333 29.207
0.34375 28.605
0.35417 29.147
0.36458 28.921
0.37500 27.535
0.38542 27.767
0.39583 28.323
0.40625 30.972
0.41667 29.277
0.42708 28.452
0.43750 29.052
0.44792 27.262
0.45833 26.097
0.46875 28.979
0.47917 29.707
0.48958 30.130
0.50000 29.712
0.51042 30.052
0.52083 30.949
0.53125 31.406
0.54167 29.503
0.55208 31.439
0.56250 31.580
0.57292 29.975
0.58333 29.865
0.59375 28.396
0.60417 31.675
0.61458 32.560
0.62500 30.370
0.63542 30.222
0.64583 28.785
0.65625 31.177
0.66667 33.663
0.67708 35.291
0.68750 33.403
0.69792 30.849
0.70833 29.788
0.71875 29.556
0.72917 31.684
0.73958 33.896
0.75000 33.786
0.76042 36.037
0.77083 34.805
0.78125 32.242
0.79167 33.347
0.80208 33.300
0.81250 30.499
0.82292 31.410
0.83333 32.990
0.84375 35.511
0.85417 36.163
0.86458 36.464
0.87500 34.576
0.88542 35.605
0.89583 33.851
0.90625 33.581
0.91667 34.021
0.92708 35.704
0.93750 33.564
0.94792 33.619
0.95833 34.947
0.96875 36.689
0.97917 38.518
0.98958 38.589
1.00000 39.378
1.01042 38.722
1.02083 38.817
1.03125 37.718
1.04167 39.606
1.05208 38.316
1.06250 35.775
1.07292 35.726
1.08333 35.639
1.09375 35.401
1.10417 34.521
1.11458 35.778
1.12500 35.889
1.13542 35.891
1.14583 36.059
1.15625 36.842
1.16667 36.658
1.17708 36.829
1.18750 37.133
1.19792 36.781
1.20833 37.194
1.21875 38.174
1.22917 37.307
1.23958 37.645
1.25000 36.336
1.26042 36.124
1.27083 37.372
1.28125 38.086
1.29167 41.236
1.30208 38.315
1.31250 36.328
1.32292 36.766
1.33333 34.125
1.34375 35.271
1.35417 37.508
1.36458 37.884
1.37500 36.521
1.38542 37.569
1.39583 37.842
1.40625 39.127
1.41667 36.345
1.42708 36.129
1.43750 39.553
1.44792 39.159
1.45833 39.672
1.46875 40.021
1.47917 39.227
1.48958 39.854
1.50000 38.525
1.51042 41.726
1.52083 40.109
1.53125 36.531
1.54167 38.459
1.55208 38.369
1.56250 39.764
1.57292 42.260
1.58333 40.583
1.59375 38.062
1.60417 38.367
1.61458 39.930
1.62500 39.266
1.63542 36.432
1.64583 40.219
1.65625 40.651
1.66667 40.859
1.67708 41.204
1.68750 41.761
1.69792 39.764
1.70833 39.788
1.71875 43.236
1.72917 43.019
1.73958 41.780
1.75000 39.685
1.76042 41.968
1.77083 43.186
1.78125 42.494
1.79167 42.430
1.80208 41.896
1.81250 42.398
1.82292 42.306
1.83333 40.385
1.84375 42.120
1.85417 43.053
1.86458 43.797
1.87500 43.393
1.88542 41.900
1.89583 43.306
1.90625 43.067
1.91667 41.908
1.92708 43.041
1.93750 45.549
1.94792 45.191
1.95833 44.641
1.96875 46.794
1.97917 44.772
1.98958 49.125
2.00000 46.632
2.01042 43.313
2.02083 42.219
2.03125 45.168
2.04167 46.968
2.05208 45.957
2.06250 44.440
2.07292 46.181
2.08333 46.731
2.09375 44.271
2.10417 45.647
2.11458 46.851
2.12500 47.680
2.13542 45.978
2.14583 47.669
2.15625 48.314
2.16667 46.912
2.17708 47.886
2.18750 45.274
2.19792 45.846
2.20833 47.059
2.21875 48.655
2.22917 47.798
2.23958 47.861
2.25000 48.488
2.26042 47.902
2.27083 48.614
2.28125 50.788
2.29167 51.027
2.30208 50.761
2.31250 52.011
2.32292 53.203
2.33333 52.857
2.34375 52.572
2.35417 54.159
2.36458 54.293
2.37500 55.820
2.38542 54.105
2.39583 55.467
2.40625 56.496
2.41667 55.959
2.42708 54.790
2.43750 56.789
2.44792 56.828
2.45833 57.160
2.46875 57.387
2.47917 57.678
2.48958 58.935
2.50000 60.382
2.51042 60.769
2.52083 61.334
2.53125 62.182
2.54167 62.919
2.55208 63.942
2.56250 65.054
2.57292 65.477
2.58333 65.708
2.59375 66.420
2.60417 68.161
2.61458 70.337
2.62500 70.611
2.63542 72.466
2.64583 73.757
2.65625 75.175
2.66667 78.080
2.67708 80.671
2.68750 82.771
2.69792 84.969
2.70833 87.527
2.71875 90.588
2.72917 93.968
2.73958 102.315
2.75000 111.066
2.76042 116.927
2.77083 122.718
2.78125 129.641
2.79167 132.769
2.80208 136.486
2.81250 139.254
2.82292 139.677
2.83333 139.698
2.84375 141.144
2.85417 142.282
2.86458 142.473
2.87500 143.005
2.88542 145.189
2.89583 145.857
2.90625 145.878
2.91667 145.672
2.92708 146.629
2.93750 146.911
2.94792 147.222
2.95833 147.318
2.96875 146.726
2.97917 147.696
2.98958 148.536
3.00000 147.862
3.01042 147.244
3.02083 147.704
3.03125 147.372
3.04167 147.210
3.05208 147.582
3.06250 147.769
3.07292 147.667
3.08333 147.140
3.09375 146.130
3.10417 145.100
3.11458 145.234
3.12500 145.626
3.13542 144.779
3.14583 144.053
3.15625 143.308
3.16667 143.102
3.17708 142.694
3.18750 141.213
3.19792 140.594
3.20833 140.587
3.21875 139.844
3.22917 138.176
3.23958 137.554
3.25000 136.251
3.26042 134.898
3.27083 134.224
3.28125 133.427
3.29167 131.481
3.30208 129.396
3.31250 127.889
3.32292 126.225
3.33333 120.685
3.34375 114.703
3.35417 108.248
3.36458 96.962
3.37500 84.854
3.38542 79.275
3.39583 74.057
3.40625 69.590
3.41667 67.149
3.42708 66.143
3.43750 62.967
3.44792 61.904
3.45833 61.341
3.46875 59.620
3.47917 57.697
3.48958 55.949
3.50000 55.390
3.51042 54.785
3.52083 54.122
3.53125 51.664
3.54167 51.123
3.55208 49.589
3.56250 48.067
3.57292 49.584
3.58333 47.896
3.59375 46.224
3.60417 45.742
3.61458 45.642
3.62500 45.731
3.63542 47.307
3.64583 47.280
3.65625 46.862
3.66667 44.360
3.67708 46.278
3.68750 46.653
3.69792 47.249
3.70833 44.925
3.71875 42.154
3.72917 43.388
3.73958 44.114
3.75000 43.523
3.76042 43.689
3.77083 43.144
3.78125 43.201
3.79167 43.330
3.80208 41.203
3.81250 38.685
3.82292 38.788
3.83333 39.604
3.84375 39.153
3.85417 38.414
3.86458 38.893
3.87500 39.339
3.88542 40.197
3.89583 41.268
3.90625 40.142
3.91667 38.762
3.92708 38.064
3.93750 38.460
3.94792 39.189
3.95833 39.182
3.96875 38.123
3.97917 39.725
3.98958 40.488
4.00000 37.310
4.01042 35.686
4.02083 38.536
4.03125 38.624
4.04167 37.069
4.05208 36.474
4.06250 37.071
4.07292 38.644
4.08333 39.292
4.09375 40.403
4.10417 38.521
4.11458 39.016
4.12500 39.242
4.13542 38.418
4.14583 37.222
4.15625 38.045
4.16667 39.056
4.17708 38.006
4.18750 39.289
4.19792 40.024
4.20833 38.087
4.21875 37.268
4.22917 37.179
4.23958 38.226
4.25000 38.719
4.26042 36.898
4.27083 34.063
4.28125 36.234
4.29167 37.134
4.30208 37.587
4.31250 39.611
4.32292 37.770
4.33333 37.232
4.34375 36.403
4.35417 34.948
4.36458 31.708
4.37500 36.083
4.38542 38.109
4.39583 36.632
4.40625 37.545
4.41667 36.402
4.42708 36.009
4.43750 36.477
4.44792 35.591
4.45833 37.058
4.46875 36.556
4.47917 35.872
4.48958 34.423
4.50000 34.331
4.51042 34.693
4.52083 33.079
4.53125 32.786
4.54167 33.479
4.55208 33.652
4.56250 32.331
4.57292 33.986
4.58333 36.175
4.59375 36.492
4.60417 35.458
4.61458 33.790
4.62500 34.432
4.63542 34.026
4.64583 34.647
4.65625 33.773
4.66667 33.246
4.67708 33.955
4.68750 33.173
4.69792 32.418
4.70833 32.564
4.71875 34.671
4.72917 30.939
4.73958 31.405
4.75000 33.402
4.76042 33.904
4.77083 32.014
4.78125 33.223
4.79167 32.187
4.80208 31.222
4.81250 33.778
4.82292 31.230
4.83333 31.421
4.84375 31.774
4.85417 31.266
4.86458 30.406
4.87500 30.624
4.88542 30.814
4.89583 31.706
4.90625 30.391
4.91667 31.320
4.92708 32.226
4.93750 29.969
4.94792 30.524
4.95833 31.085
4.96875 30.779
4.97917 30.687
4.98958 30.528
5.00000 32.446
5.01042 31.253
5.02083 31.880
5.03125 31.804
5.04167 30.418
5.05208 29.126
5.06250 27.517
5.07292 32.823
5.08333 32.798
5.09375 31.840
5.10417 31.564
5.11458 34.212
5.12500 31.892
5.13542 30.573
5.14583 31.488
5.15625 31.081
5.16667 30.603
5.17708 29.315
5.18750 31.168
5.19792 32.550
5.20833 30.716
5.21875 29.405
5.22917 26.683
5.23958 28.847
5.25000 29.891
5.26042 27.595
5.27083 27.189
5.28125 28.196
5.29167 29.855
5.30208 30.262
5.31250 29.559
5.32292 28.832
5.33333 29.928
5.34375 30.979
5.35417 30.822
5.36458 29.251
5.37500 28.192
5.38542 28.023
5.39583 28.374
5.40625 28.234
5.41667 29.222
5.42708 28.841
5.43750 29.108
5.44792 32.000
5.45833 29.776
5.46875 27.986
5.47917 27.312
5.48958 28.944
5.50000 29.623
5.51042 28.134
5.52083 28.351
5.53125 27.973
5.54167 29.577
5.55208 28.872
5.56250 26.618
5.57292 26.816
5.58333 28.247
5.59375 28.521
5.60417 28.244
5.61458 30.262
5.62500 30.649
5.63542 30.714
5.64583 28.736
5.65625 25.645
5.66667 25.596
5.67708 26.265
5.68750 26.338
5.69792 26.625
5.70833 28.702
5.71875 30.526
5.72917 29.791
5.73958 27.084
5.75000 26.563
5.76042 27.454
5.77083 26.762
5.78125 25.900
5.79167 26.426
5.80208 28.502
5.81250 26.799
5.82292 25.897
5.83333 25.590
5.84375 25.034
5.85417 26.079
5.86458 26.396
5.87500 28.668
5.88542 28.239
5.89583 26.262
5.90625 27.814
5.91667 27.515
5.92708 26.989
5.93750 26.312
5.94792 28.887
5.95833 25.320
5.96875 27.239
5.97917 28.396
5.98958 28.631
6.00000 25.949
6.01042 24.681
6.02083 26.878
6.03125 28.931
6.04167 30.975
6.05208 29.765
6.06250 27.977
6.07292 24.700
6.08333 25.304
6.09375 27.913
6.10417 23.414
6.11458 22.626
6.12500 23.256
6.13542 26.075
6.14583 27.333
