0.00000 29.667
0.01042 28.418
0.02083 26.644
0.03125 26.519
0.04167 27.808
0.05208 25.731
0.06250 27.556
0.07292 29.515
0.08333 26.053
0.09375 25.217
0.10417 28.721
0.11458 27.824
0.12500 27.372
0.13542 28.166
0.14583 27.457
0.15625 26.464
0.16667 25.893
0.17708 28.205
0.18750 27.734
0.19792 25.750
0.20833 26.478
0.21875 27.034
0.22917 27.181
0.23958 25.108
0.25000 26.228
0.26042 28.898
0.27083 27.764
0.28125 26.020
0.29167 26.415
0.30208 28.632
0.31250 28.733
0.32292 29.057
0.33333 26.812
0.34375 27.521
0.35417 28.495
0.36458 31.169
0.37500 31.474
0.38542 30.003
0.39583 27.405
0.40625 28.265
0.41667 30.411
0.42708 31.563
0.43750 29.492
0.44792 28.990
0.45833 31.652
0.46875 30.526
0.47917 32.415
0.48958 30.944
0.50000 31.905
0.51042 31.233
0.52083 31.630
0.53125 30.069
0.54167 30.704
0.55208 30.086
0.56250 31.742
0.57292 33.082
0.58333 32.600
0.59375 30.288
0.60417 31.603
0.61458 31.837
0.62500 32.203
0.63542 30.158
0.64583 30.975
0.65625 32.788
0.66667 32.370
0.67708 33.408
0.68750 33.051
0.69792 34.862
0.70833 34.557
0.71875 33.813
0.72917 33.160
0.73958 33.556
0.75000 34.734
0.76042 34.810
0.77083 32.710
0.78125 32.532
0.79167 34.079
0.80208 34.362
0.81250 33.583
0.82292 34.950
0.83333 36.421
0.84375 32.334
0.85417 34.866
0.86458 36.274
0.87500 36.183
0.88542 34.707
0.89583 35.796
0.90625 37.073
0.91667 36.149
0.92708 34.965
0.93750 35.092
0.94792 38.800
0.95833 39.924
0.96875 37.215
0.97917 37.471
0.98958 38.770
1.00000 39.136
1.01042 36.197
1.02083 36.379
1.03125 35.725
1.04167 35.158
1.05208 36.750
1.06250 36.420
1.07292 37.629
1.08333 37.662
1.09375 35.383
1.10417 34.651
1.11458 36.706
1.12500 37.893
1.13542 38.791
1.14583 39.508
1.15625 38.661
1.16667 37.282
1.17708 39.477
1.18750 39.368
1.19792 35.949
1.20833 34.504
1.21875 37.518
1.22917 37.932
1.23958 37.508
1.25000 36.712
1.26042 37.328
1.27083 37.337
1.28125 39.867
1.29167 38.058
1.30208 35.547
1.31250 37.108
1.32292 38.506
1.33333 37.512
1.34375 37.432
1.35417 39.602
1.36458 38.692
1.37500 37.774
1.38542 36.434
1.39583 38.116
1.40625 36.532
1.41667 34.895
1.42708 40.421
1.43750 38.814
1.44792 38.345
1.45833 37.887
1.46875 39.818
1.47917 40.890
1.48958 40.037
1.50000 39.636
1.51042 37.941
1.52083 39.705
1.53125 42.376
1.54167 39.020
1.55208 37.868
1.56250 38.932
1.57292 38.515
1.58333 38.369
1.59375 40.109
1.60417 41.012
1.61458 41.480
1.62500 40.299
1.63542 41.238
1.64583 41.166
1.65625 41.542
1.66667 38.803
1.67708 37.625
1.68750 40.258
1.69792 41.867
1.70833 42.168
1.71875 42.443
1.72917 42.807
1.73958 43.464
1.75000 42.875
1.76042 42.867
1.77083 45.188
1.78125 43.958
1.79167 45.504
1.80208 46.142
1.81250 45.386
1.82292 43.542
1.83333 43.736
1.84375 45.922
1.85417 44.516
1.86458 42.225
1.87500 44.813
1.88542 47.311
1.89583 44.435
1.90625 42.214
1.91667 44.232
1.92708 44.760
1.93750 43.905
1.94792 44.309
1.95833 47.517
1.96875 49.152
1.97917 47.004
1.98958 44.873
2.00000 43.967
2.01042 46.573
2.02083 45.359
2.03125 46.500
2.04167 46.903
2.05208 48.478
2.06250 48.264
2.07292 45.914
2.08333 44.250
2.09375 49.535
2.10417 50.924
2.11458 47.478
2.12500 46.101
2.13542 46.393
2.14583 47.118
2.15625 47.696
2.16667 48.050
2.17708 49.802
2.18750 50.483
2.19792 50.772
2.20833 52.174
2.21875 51.109
2.22917 50.275
2.23958 51.182
2.25000 53.378
2.26042 54.567
2.27083 53.158
2.28125 54.664
2.29167 54.680
2.30208 54.133
2.31250 54.666
2.32292 56.842
2.33333 56.161
2.34375 56.781
2.35417 57.702
2.36458 56.920
2.37500 56.685
2.38542 59.103
2.39583 59.185
2.40625 59.277
2.41667 60.155
2.42708 61.500
2.43750 62.412
2.44792 64.453
2.45833 64.168
2.46875 65.207
2.47917 66.677
2.48958 67.667
2.50000 68.552
2.51042 71.403
2.52083 72.389
2.53125 73.123
2.54167 74.101
2.55208 76.585
2.56250 77.903
2.57292 78.691
2.58333 81.137
2.59375 84.703
2.60417 87.972
2.61458 92.373
2.62500 96.262
2.63542 101.573
2.64583 110.571
2.65625 119.448
2.66667 125.055
2.67708 128.259
2.68750 132.379
2.69792 134.808
2.70833 137.711
2.71875 139.229
2.72917 139.876
2.73958 141.018
2.75000 141.866
2.76042 142.799
2.77083 144.003
2.78125 144.677
2.79167 145.249
2.80208 145.076
2.81250 146.392
2.82292 146.694
2.83333 146.624
2.84375 147.006
2.85417 147.339
2.86458 147.369
2.87500 148.225
2.88542 148.227
2.89583 147.249
2.90625 146.360
2.91667 146.453
2.92708 146.793
2.93750 147.206
2.94792 147.564
2.95833 147.307
2.96875 147.608
2.97917 146.588
2.98958 145.269
3.00000 145.196
3.01042 145.457
3.02083 145.308
3.03125 144.319
3.04167 143.664
3.05208 143.205
3.06250 142.924
3.07292 142.091
3.08333 140.533
3.09375 140.831
3.10417 140.361
3.11458 138.865
3.12500 137.914
3.13542 137.150
3.14583 135.633
3.15625 134.779
3.16667 133.837
3.17708 132.887
3.18750 130.606
3.19792 128.731
3.20833 126.960
3.21875 122.812
3.22917 120.440
3.23958 113.343
3.25000 104.553
3.26042 97.129
3.27083 89.179
3.28125 77.770
3.29167 71.955
3.30208 69.595
3.31250 67.132
3.32292 64.474
3.33333 62.431
3.34375 60.368
3.35417 59.435
3.36458 58.353
3.37500 57.807
3.38542 57.204
3.39583 54.252
3.40625 53.285
3.41667 52.054
3.42708 50.411
3.43750 50.344
3.44792 51.369
3.45833 51.602
3.46875 49.572
3.47917 48.427
3.48958 48.541
3.50000 50.015
3.51042 47.687
3.52083 46.745
3.53125 46.561
3.54167 45.772
3.55208 44.872
3.56250 46.758
3.57292 44.356
3.58333 47.978
3.59375 47.747
3.60417 44.876
3.61458 43.752
3.62500 42.591
3.63542 43.526
3.64583 41.803
3.65625 41.510
3.66667 42.629
3.67708 42.692
3.68750 40.732
3.69792 38.170
3.70833 37.981
3.71875 38.969
3.72917 38.960
3.73958 38.556
3.75000 37.745
3.76042 38.511
3.77083 38.987
3.78125 37.026
3.79167 36.044
3.80208 39.459
3.81250 40.642
3.82292 39.298
3.83333 39.027
3.84375 39.252
3.85417 37.698
3.86458 36.987
3.87500 36.388
3.88542 35.610
3.89583 33.913
3.90625 35.216
3.91667 34.031
3.92708 36.899
3.93750 37.069
3.94792 35.140
3.95833 35.330
3.96875 33.502
3.97917 35.210
3.98958 34.636
4.00000 35.152
4.01042 36.712
4.02083 39.168
4.03125 37.048
4.04167 37.532
4.05208 38.414
4.06250 39.219
4.07292 38.680
4.08333 38.848
4.09375 38.486
4.10417 37.447
4.11458 34.584
4.12500 36.036
4.13542 35.187
4.14583 35.406
4.15625 34.782
4.16667 37.352
4.17708 34.738
4.18750 32.433
4.19792 33.508
4.20833 35.305
4.21875 33.938
4.22917 31.926
4.23958 32.813
4.25000 34.045
4.26042 36.622
4.27083 36.990
4.28125 34.330
4.29167 34.744
4.30208 36.121
4.31250 35.405
4.32292 33.502
4.33333 33.665
4.34375 32.035
4.35417 32.644
4.36458 35.053
4.37500 34.210
4.38542 33.834
4.39583 35.504
4.40625 34.811
4.41667 35.368
4.42708 32.909
4.43750 31.206
4.44792 32.903
4.45833 34.727
4.46875 35.868
4.47917 33.339
4.48958 32.377
4.50000 33.623
4.51042 34.267
4.52083 32.529
4.53125 33.463
4.54167 33.906
4.55208 33.142
4.56250 32.451
4.57292 33.624
4.58333 32.490
4.59375 32.752
4.60417 32.769
4.61458 32.919
4.62500 32.751
4.63542 31.886
4.64583 34.125
4.65625 32.161
4.66667 31.914
4.67708 32.161
4.68750 32.751
4.69792 33.441
4.70833 32.892
4.71875 34.161
4.72917 33.150
4.73958 31.902
4.75000 32.139
4.76042 31.313
4.77083 33.683
4.78125 34.021
4.79167 32.434
4.80208 32.374
4.81250 32.494
4.82292 33.409
4.83333 32.416
4.84375 32.973
4.85417 33.114
4.86458 32.820
4.87500 31.231
4.88542 32.043
4.89583 30.392
4.90625 31.845
4.91667 31.937
4.92708 33.306
4.93750 30.510
4.94792 32.110
4.95833 33.174
4.96875 31.971
4.97917 32.569
4.98958 32.294
5.00000 30.062
5.01042 30.473
5.02083 29.801
5.03125 31.670
5.04167 33.475
5.05208 32.631
5.06250 32.441
5.07292 29.357
5.08333 29.745
5.09375 30.227
5.10417 31.469
5.11458 29.014
5.12500 30.776
5.13542 31.216
5.14583 29.761
5.15625 30.122
5.16667 32.799
5.17708 33.323
5.18750 33.434
5.19792 31.573
5.20833 29.677
5.21875 28.603
5.22917 30.611
5.23958 28.187
5.25000 26.662
5.26042 28.260
5.27083 28.909
5.28125 31.400
5.29167 31.350
5.30208 29.310
5.31250 29.148
5.32292 28.586
5.33333 28.099
5.34375 27.207
5.35417 27.963
5.36458 28.657
5.37500 29.236
5.38542 28.674
5.39583 27.219
5.40625 26.129
5.41667 26.246
5.42708 27.991
5.43750 28.792
5.44792 28.253
5.45833 27.217
5.46875 29.163
5.47917 29.681
5.48958 28.888
5.50000 27.352
5.51042 26.932
5.52083 26.229
5.53125 23.938
5.54167 28.019
5.55208 28.646
5.56250 27.867
5.57292 27.040
5.58333 27.187
5.59375 26.960
5.60417 30.294
5.61458 32.321
5.62500 28.656
5.63542 26.689
5.64583 28.658
5.65625 28.845
5.66667 27.127
5.67708 27.500
5.68750 26.835
5.69792 27.633
5.70833 26.130
5.71875 27.947
5.72917 26.430
5.73958 25.777
5.75000 25.772
5.76042 27.249
5.77083 27.731
5.78125 25.277
5.79167 26.067
5.80208 27.834
5.81250 29.811
5.82292 30.251
5.83333 24.508
5.84375 25.007
5.85417 26.305
5.86458 27.089
5.87500 28.881
5.88542 29.877
5.89583 28.479
5.90625 25.893
5.91667 25.954
5.92708 25.613
5.93750 25.613
5.94792 27.333
