0.00000 28.333
0.01042 29.974
0.02083 26.106
0.03125 24.610
0.04167 28.386
0.05208 26.997
0.06250 26.871
0.07292 28.257
0.08333 27.944
0.09375 27.242
0.10417 25.722
0.11458 26.220
0.12500 27.200
0.13542 27.343
0.14583 27.888
0.15625 26.917
0.16667 27.789
0.17708 27.570
0.18750 26.096
0.19792 26.746
0.20833 27.820
0.21875 27.108
0.22917 29.000
0.23958 29.607
0.25000 28.500
0.26042 25.660
0.27083 26.745
0.28125 25.184
0.29167 28.333
0.30208 26.024
0.31250 24.917
0.32292 26.454
0.33333 29.534
0.34375 28.382
0.35417 26.897
0.36458 29.771
0.37500 28.050
0.38542 26.620
0.39583 27.664
0.40625 27.789
0.41667 28.333
0.42708 29.087
0.43750 27.996
0.44792 29.496
0.45833 25.291
0.46875 26.729
0.47917 29.060
0.48958 28.861
0.50000 29.300
0.51042 27.213
0.52083 26.285
0.53125 29.975
0.54167 30.922
0.55208 29.974
0.56250 26.771
0.57292 29.548
0.58333 31.378
0.59375 27.256
0.60417 26.136
0.61458 27.331
0.62500 28.667
0.63542 29.081
0.64583 29.576
0.65625 31.173
0.66667 26.022
0.67708 29.382
0.68750 29.258
0.69792 31.725
0.70833 32.153
0.71875 31.975
0.72917 28.028
0.73958 32.351
0.75000 31.701
0.76042 29.777
0.77083 29.953
0.78125 29.333
0.79167 26.678
0.80208 29.795
0.81250 29.667
0.82292 30.170
0.83333 29.555
0.84375 28.333
0.85417 29.421
0.86458 31.714
0.87500 29.667
0.88542 32.239
0.89583 32.184
0.90625 31.149
0.91667 31.172
0.92708 29.287
0.93750 30.749
0.94792 31.333
0.95833 28.597
0.96875 30.257
0.97917 31.404
0.98958 31.493
1.00000 31.933
1.01042 31.560
1.02083 30.574
1.03125 31.757
1.04167 32.876
1.05208 29.995
1.06250 29.641
1.07292 31.408
1.08333 30.745
1.09375 30.928
1.10417 31.601
1.11458 30.921
1.12500 30.734
1.13542 29.982
1.14583 31.827
1.15625 30.061
1.16667 30.578
1.17708 32.036
1.18750 30.632
1.19792 32.737
1.20833 32.890
1.21875 31.702
1.22917 29.343
1.23958 30.430
1.25000 28.249
1.26042 29.000
1.27083 29.057
1.28125 29.610
1.29167 32.333
1.30208 30.034
1.31250 27.386
1.32292 29.963
1.33333 34.622
1.34375 32.667
1.35417 31.667
1.36458 31.147
1.37500 27.699
1.38542 30.647
1.39583 30.768
1.40625 31.437
1.41667 29.872
1.42708 30.808
1.43750 33.920
1.44792 31.005
1.45833 29.373
1.46875 31.364
1.47917 30.793
1.48958 29.441
1.50000 31.235
1.51042 30.013
1.52083 29.706
1.53125 33.944
1.54167 32.478
1.55208 32.102
1.56250 35.501
1.57292 34.659
1.58333 31.627
1.59375 32.591
1.60417 29.462
1.61458 32.197
1.62500 31.293
1.63542 30.831
1.64583 29.849
1.65625 33.609
1.66667 34.444
1.67708 31.916
1.68750 33.036
1.69792 32.126
1.70833 31.195
1.71875 30.773
1.72917 31.762
1.73958 30.445
1.75000 28.867
1.76042 31.197
1.77083 31.721
1.78125 31.000
1.79167 34.873
1.80208 32.172
1.81250 32.851
1.82292 28.691
1.83333 31.667
1.84375 31.690
1.85417 32.271
1.86458 30.143
1.87500 30.627
1.88542 33.281
1.89583 31.386
1.90625 28.830
1.91667 30.239
1.92708 30.676
1.93750 31.333
1.94792 33.801
1.95833 32.000
1.96875 32.494
1.97917 30.841
1.98958 30.341
2.00000 32.535
2.01042 31.614
2.02083 32.026
2.03125 32.959
2.04167 33.655
2.05208 32.002
2.06250 32.686
2.07292 34.000
2.08333 34.416
2.09375 35.943
2.10417 34.336
2.11458 32.036
2.12500 34.768
2.13542 35.897
2.14583 39.150
2.15625 37.926
2.16667 33.192
2.17708 34.670
2.18750 37.835
2.19792 39.686
2.20833 39.333
2.21875 40.000
2.22917 38.824
2.23958 39.371
2.25000 41.401
2.26042 40.819
2.27083 40.457
2.28125 44.559
2.29167 45.042
2.30208 43.248
2.31250 44.404
2.32292 46.402
2.33333 46.956
2.34375 44.240
2.35417 44.982
2.36458 46.694
2.37500 45.563
2.38542 45.667
2.39583 47.877
2.40625 47.044
2.41667 47.026
2.42708 47.294
2.43750 46.263
2.44792 46.566
2.45833 49.333
2.46875 49.412
2.47917 49.349
2.48958 51.718
2.50000 49.998
2.51042 49.820
2.52083 49.647
2.53125 51.681
2.54167 52.993
2.55208 54.068
2.56250 54.262
2.57292 57.000
2.58333 58.394
2.59375 60.667
2.60417 61.471
2.61458 64.000
2.62500 64.992
2.63542 66.995
2.64583 68.575
2.65625 70.239
2.66667 74.090
2.67708 77.217
2.68750 78.787
2.69792 84.667
2.70833 86.081
2.71875 93.337
2.72917 99.009
2.73958 105.747
2.75000 115.948
2.76042 121.013
2.77083 125.313
2.78125 130.477
2.79167 132.391
2.80208 134.333
2.81250 135.771
2.82292 137.152
2.83333 139.178
2.84375 139.795
2.85417 140.820
2.86458 142.000
2.87500 142.667
2.88542 142.690
2.89583 143.003
2.90625 143.985
2.91667 145.639
2.92708 145.251
2.93750 146.279
2.94792 146.599
2.95833 145.586
2.96875 145.761
2.97917 145.989
2.98958 145.908
3.00000 146.932
3.01042 147.520
3.02083 147.653
3.03125 147.507
3.04167 147.254
3.05208 147.200
3.06250 147.213
3.07292 146.881
3.08333 147.718
3.09375 147.000
3.10417 147.063
3.11458 147.673
3.12500 147.625
3.13542 147.028
3.14583 146.711
3.15625 146.337
3.16667 146.310
3.17708 146.975
3.18750 146.333
3.19792 145.282
3.20833 144.667
3.21875 144.667
3.22917 144.605
3.23958 142.563
3.25000 142.234
3.26042 142.203
3.27083 139.190
3.28125 138.530
3.29167 133.340
3.30208 128.797
3.31250 122.903
3.32292 113.504
3.33333 110.112
3.34375 106.707
3.35417 103.253
3.36458 101.547
3.37500 97.884
3.38542 97.333
3.39583 95.635
3.40625 91.963
3.41667 91.323
3.42708 89.309
3.43750 87.645
3.44792 86.563
3.45833 83.857
3.46875 82.696
3.47917 81.297
3.48958 79.072
3.50000 77.133
3.51042 75.099
3.52083 75.540
3.53125 73.333
3.54167 71.180
3.55208 70.666
3.56250 68.359
3.57292 67.141
3.58333 67.333
3.59375 66.009
3.60417 65.101
3.61458 64.421
3.62500 63.075
3.63542 62.333
3.64583 62.382
3.65625 61.070
3.66667 61.645
3.67708 62.256
3.68750 59.653
3.69792 57.667
3.70833 58.395
3.71875 58.245
3.72917 58.219
3.73958 59.243
3.75000 57.251
3.76042 56.139
3.77083 55.893
3.78125 55.790
3.79167 56.847
3.80208 56.850
3.81250 54.970
3.82292 53.157
3.83333 53.613
3.84375 54.679
3.85417 54.196
3.86458 53.622
3.87500 52.758
3.88542 49.901
3.89583 48.528
3.90625 51.615
3.91667 51.192
3.92708 47.869
3.93750 52.546
3.94792 52.659
3.95833 49.857
3.96875 50.642
3.97917 48.715
3.98958 48.956
4.00000 50.130
4.01042 50.068
4.02083 46.919
4.03125 52.573
4.04167 49.667
4.05208 47.000
4.06250 46.602
4.07292 47.971
4.08333 46.803
4.09375 46.103
4.10417 47.329
4.11458 45.968
4.12500 44.530
4.13542 47.951
4.14583 47.089
4.15625 44.229
4.16667 46.278
4.17708 43.960
4.18750 45.333
4.19792 43.713
4.20833 47.680
4.21875 50.738
4.22917 45.261
4.23958 45.739
4.25000 46.828
4.26042 48.648
4.27083 46.897
4.28125 43.126
4.29167 44.460
4.30208 45.068
4.31250 46.093
4.32292 42.571
4.33333 44.596
4.34375 43.338
4.35417 43.951
4.36458 45.413
4.37500 44.044
4.38542 43.556
4.39583 41.411
4.40625 41.497
4.41667 43.025
4.42708 43.748
4.43750 44.045
4.44792 42.731
4.45833 41.705
4.46875 39.690
4.47917 42.333
4.48958 42.625
4.50000 39.672
4.51042 41.616
4.52083 41.514
4.53125 40.441
4.54167 39.087
4.55208 41.832
4.56250 40.559
4.57292 39.252
4.58333 40.667
4.59375 39.598
4.60417 37.995
4.61458 37.944
4.62500 38.667
4.63542 37.950
4.64583 41.738
4.65625 41.159
4.66667 40.137
4.67708 40.183
4.68750 39.915
4.69792 39.764
4.70833 39.107
4.71875 41.488
4.72917 42.538
4.73958 41.996
4.75000 37.718
4.76042 39.757
4.77083 38.985
4.78125 37.985
4.79167 39.177
4.80208 37.334
4.81250 37.052
4.82292 36.562
4.83333 39.544
4.84375 38.395
4.85417 38.263
4.86458 37.513
4.87500 38.491
4.88542 38.799
4.89583 34.616
4.90625 34.548
4.91667 35.457
4.92708 37.208
4.93750 38.176
4.94792 37.804
4.95833 36.751
4.96875 38.372
4.97917 38.615
4.98958 37.038
5.00000 36.665
5.01042 37.972
5.02083 36.828
5.03125 34.735
5.04167 35.694
5.05208 37.600
5.06250 38.456
5.07292 35.186
5.08333 35.985
5.09375 37.951
5.10417 36.992
5.11458 36.541
5.12500 35.000
5.13542 36.429
5.14583 36.259
5.15625 37.135
5.16667 36.815
5.17708 36.691
5.18750 37.048
5.19792 39.431
5.20833 37.471
5.21875 35.445
5.22917 38.994
5.23958 40.784
5.25000 40.285
5.26042 39.313
5.27083 35.948
5.28125 33.569
5.29167 35.737
5.30208 38.084
5.31250 37.631
5.32292 38.353
5.33333 35.861
5.34375 36.359
5.35417 37.319
5.36458 36.355
5.37500 35.715
5.38542 35.066
5.39583 36.016
5.40625 35.120
5.41667 35.756
5.42708 35.125
5.43750 34.333
5.44792 33.259
5.45833 34.231
5.46875 34.988
5.47917 35.059
5.48958 37.379
5.50000 37.836
5.51042 32.628
5.52083 33.994
5.53125 33.722
5.54167 34.787
5.55208 32.966
5.56250 34.659
5.57292 33.060
5.58333 33.229
5.59375 33.731
5.60417 34.036
5.61458 34.434
5.62500 33.251
5.63542 32.555
5.64583 34.363
5.65625 32.496
5.66667 33.061
5.67708 30.908
5.68750 30.104
5.69792 31.564
5.70833 32.387
5.71875 32.933
5.72917 32.106
5.73958 33.417
5.75000 31.889
5.76042 28.847
5.77083 29.804
5.78125 30.441
5.79167 33.649
5.80208 34.567
5.81250 28.761
5.82292 28.484
5.83333 29.940
5.84375 31.917
5.85417 29.330
5.86458 29.671
5.87500 28.763
5.88542 26.667
5.89583 31.198
5.90625 29.072
5.91667 28.657
5.92708 27.808
5.93750 29.376
5.94792 28.535
5.95833 30.000
5.96875 30.472
5.97917 31.020
5.98958 31.112
6.00000 31.535
6.01042 29.158
6.02083 27.729
6.03125 28.053
6.04167 27.426
6.05208 30.667
