0.00000 31.000
0.01042 29.702
0.02083 28.349
0.03125 26.811
0.04167 27.004
0.05208 28.388
0.06250 29.266
0.07292 27.833
0.08333 28.325
0.09375 28.971
0.10417 30.076
0.11458 30.085
0.12500 28.920
0.13542 27.725
0.14583 28.476
0.15625 29.287
0.16667 28.091
0.17708 27.606
0.18750 28.337
0.19792 29.239
0.20833 29.636
0.21875 27.998
0.22917 26.440
0.23958 28.741
0.25000 28.195
0.26042 30.421
0.27083 31.363
0.28125 29.754
0.29167 28.436
0.30208 27.099
0.31250 26.152
0.32292 27.992
0.33333 26.450
0.34375 29.704
0.35417 31.680
0.36458 31.782
0.37500 30.494
0.38542 30.650
0.39583 31.594
0.40625 31.485
0.41667 29.895
0.42708 27.622
0.43750 26.276
0.44792 31.996
0.45833 31.794
0.46875 31.171
0.47917 31.337
0.48958 30.467
0.50000 27.861
0.51042 30.568
0.52083 27.837
0.53125 27.828
0.54167 28.143
0.55208 29.309
0.56250 29.356
0.57292 31.095
0.58333 30.793
0.59375 29.120
0.60417 30.466
0.61458 29.743
0.62500 29.355
0.63542 29.379
0.64583 29.130
0.65625 28.520
0.66667 30.035
0.67708 30.660
0.68750 30.310
0.69792 30.918
0.70833 30.012
0.71875 30.413
0.72917 29.628
0.73958 29.556
0.75000 29.970
0.76042 29.567
0.77083 27.278
0.78125 27.930
0.79167 27.477
0.80208 30.884
0.81250 29.117
0.82292 29.248
0.83333 31.207
0.84375 30.570
0.85417 29.774
0.86458 29.781
0.87500 30.100
0.88542 29.374
0.89583 30.113
0.90625 29.683
0.91667 28.252
0.92708 29.837
0.93750 30.031
0.94792 28.803
0.95833 30.226
0.96875 28.388
0.97917 29.925
0.98958 29.660
1.00000 29.193
1.01042 29.725
1.02083 29.743
1.03125 31.115
1.04167 27.779
1.05208 28.647
1.06250 30.381
1.07292 32.251
1.08333 30.877
1.09375 29.412
1.10417 30.833
1.11458 28.928
1.12500 30.015
1.13542 30.751
1.14583 30.060
1.15625 30.722
1.16667 29.977
1.17708 30.498
1.18750 30.732
1.19792 28.081
1.20833 26.535
1.21875 30.188
1.22917 29.389
1.23958 30.660
1.25000 30.289
1.26042 29.717
1.27083 31.685
1.28125 31.303
1.29167 30.679
1.30208 30.026
1.31250 28.346
1.32292 27.184
1.33333 28.513
1.34375 30.740
1.35417 29.085
1.36458 29.693
1.37500 29.072
1.38542 28.408
1.39583 27.770
1.40625 28.851
1.41667 29.584
1.42708 28.392
1.43750 29.121
1.44792 30.770
1.45833 30.862
1.46875 30.287
1.47917 30.094
1.48958 30.112
1.50000 27.936
1.51042 28.095
1.52083 28.184
1.53125 28.866
1.54167 28.132
1.55208 28.647
1.56250 29.947
1.57292 27.783
1.58333 29.263
1.59375 29.585
1.60417 30.605
1.61458 30.535
1.62500 29.301
1.63542 28.826
1.64583 28.467
1.65625 29.066
1.66667 29.262
1.67708 29.002
1.68750 28.788
1.69792 31.244
1.70833 30.750
1.71875 32.201
1.72917 30.567
1.73958 29.859
1.75000 30.532
1.76042 30.644
1.77083 30.222
1.78125 31.978
1.79167 28.237
1.80208 30.204
1.81250 30.830
1.82292 31.779
1.83333 31.177
1.84375 30.432
1.85417 29.047
1.86458 29.407
1.87500 31.983
1.88542 32.014
1.89583 31.115
1.90625 29.325
1.91667 28.568
1.92708 29.175
1.93750 29.725
1.94792 29.627
1.95833 29.352
1.96875 30.901
1.97917 31.872
1.98958 31.238
2.00000 30.604
2.01042 34.411
2.02083 33.597
2.03125 31.862
2.04167 33.566
2.05208 30.365
2.06250 31.558
2.07292 31.884
2.08333 30.906
2.09375 32.813
2.10417 32.493
2.11458 33.201
2.12500 33.258
2.13542 32.560
2.14583 33.211
2.15625 35.709
2.16667 35.938
2.17708 35.555
2.18750 35.739
2.19792 36.518
2.20833 36.976
2.21875 36.157
2.22917 35.983
2.23958 35.326
2.25000 37.815
2.26042 38.388
2.27083 37.862
2.28125 38.939
2.29167 38.882
2.30208 35.892
2.31250 35.954
2.32292 38.392
2.33333 39.472
2.34375 43.165
2.35417 42.513
2.36458 42.131
2.37500 42.687
2.38542 43.621
2.39583 45.511
2.40625 45.821
2.41667 44.269
2.42708 42.348
2.43750 43.326
2.44792 46.009
2.45833 46.990
2.46875 46.527
2.47917 44.561
2.48958 46.203
2.50000 46.608
2.51042 46.453
2.52083 47.247
2.53125 46.566
2.54167 45.944
2.55208 45.848
2.56250 45.097
2.57292 47.851
2.58333 50.062
2.59375 51.147
2.60417 53.147
2.61458 54.377
2.62500 56.808
2.63542 55.677
2.64583 54.606
2.65625 56.031
2.66667 58.006
2.67708 57.965
2.68750 58.297
2.69792 59.583
2.70833 60.347
2.71875 61.396
2.72917 63.114
2.73958 64.495
2.75000 65.745
2.76042 67.212
2.77083 68.577
2.78125 71.794
2.79167 73.471
2.80208 76.194
2.81250 78.359
2.82292 83.165
2.83333 94.863
2.84375 103.267
2.85417 113.610
2.86458 118.620
2.87500 121.931
2.88542 127.004
2.89583 130.261
2.90625 131.813
2.91667 133.410
2.92708 134.833
2.93750 136.498
2.94792 137.705
2.95833 138.367
2.96875 139.517
2.97917 141.050
2.98958 141.265
3.00000 141.805
3.01042 142.298
3.02083 142.655
3.03125 143.825
3.04167 145.006
3.05208 145.854
3.06250 145.025
3.07292 144.395
3.08333 146.172
3.09375 146.550
3.10417 146.086
3.11458 146.384
3.12500 146.214
3.13542 146.714
3.14583 147.432
3.15625 147.309
3.16667 147.176
3.17708 147.159
3.18750 146.402
3.19792 146.187
3.20833 146.742
3.21875 146.441
3.22917 145.901
3.23958 145.446
3.25000 145.815
3.26042 145.691
3.27083 145.089
3.28125 145.773
3.29167 145.643
3.30208 145.143
3.31250 143.794
3.32292 142.873
3.33333 142.943
3.34375 141.785
3.35417 141.148
3.36458 139.973
3.37500 139.191
3.38542 137.875
3.39583 135.590
3.40625 133.567
3.41667 129.931
3.42708 121.336
3.43750 111.437
3.44792 104.955
3.45833 98.654
3.46875 92.128
3.47917 88.169
3.48958 85.429
3.50000 83.785
3.51042 80.707
3.52083 78.114
3.53125 77.557
3.54167 75.734
3.55208 74.173
3.56250 73.660
3.57292 71.741
3.58333 70.170
3.59375 70.311
3.60417 68.741
3.61458 66.578
3.62500 64.909
3.63542 63.829
3.64583 62.875
3.65625 61.900
3.66667 60.172
3.67708 59.815
3.68750 58.223
3.69792 56.871
3.70833 57.101
3.71875 57.023
3.72917 55.484
3.73958 54.767
3.75000 55.655
3.76042 56.474
3.77083 54.706
3.78125 51.230
3.79167 52.721
3.80208 52.439
3.81250 50.707
3.82292 49.837
3.83333 49.548
3.84375 49.645
3.85417 51.088
3.86458 49.601
3.87500 46.053
3.88542 47.836
3.89583 48.353
3.90625 47.122
3.91667 46.695
3.92708 46.410
3.93750 46.267
3.94792 44.970
3.95833 46.045
3.96875 47.181
3.97917 46.694
3.98958 46.469
4.00000 45.196
4.01042 46.238
4.02083 44.779
4.03125 43.180
4.04167 43.230
4.05208 45.506
4.06250 44.277
4.07292 45.297
4.08333 42.679
4.09375 44.223
4.10417 42.859
4.11458 40.998
4.12500 38.698
4.13542 38.979
4.14583 41.469
4.15625 41.861
4.16667 39.830
4.17708 38.742
4.18750 38.205
4.19792 38.393
4.20833 39.590
4.21875 40.152
4.22917 38.661
4.23958 38.445
4.25000 39.715
4.26042 41.002
4.27083 40.842
4.28125 40.331
4.29167 40.203
4.30208 38.121
4.31250 40.185
4.32292 40.087
4.33333 38.818
4.34375 37.896
4.35417 36.529
4.36458 40.133
4.37500 39.166
4.38542 38.634
4.39583 38.466
4.40625 37.634
4.41667 37.533
4.42708 38.750
4.43750 40.326
4.44792 38.422
4.45833 37.910
4.46875 39.060
4.47917 38.275
4.48958 37.967
4.50000 38.311
4.51042 38.451
4.52083 35.730
4.53125 37.593
4.54167 37.982
4.55208 38.813
4.56250 37.924
4.57292 39.471
4.58333 37.726
4.59375 36.217
4.60417 36.468
4.61458 36.526
4.62500 35.581
4.63542 35.426
4.64583 35.927
4.65625 35.700
4.66667 36.794
4.67708 34.337
4.68750 32.456
4.69792 34.330
4.70833 36.624
4.71875 35.979
4.72917 36.131
4.73958 37.832
4.75000 35.883
4.76042 33.912
4.77083 35.309
4.78125 36.213
4.79167 34.493
4.80208 34.251
4.81250 34.963
4.82292 35.070
4.83333 33.822
4.84375 35.572
4.85417 36.674
4.86458 35.485
4.87500 35.826
4.88542 34.844
4.89583 34.780
4.90625 33.546
4.91667 36.362
4.92708 37.322
4.93750 36.138
4.94792 34.874
4.95833 34.162
4.96875 33.764
4.97917 34.245
4.98958 34.729
5.00000 33.104
5.01042 34.634
5.02083 35.529
5.03125 33.681
5.04167 32.730
5.05208 32.183
5.06250 31.909
5.07292 32.540
5.08333 33.451
5.09375 34.733
5.10417 33.370
5.11458 33.287
5.12500 34.625
5.13542 33.011
5.14583 32.377
5.15625 32.655
5.16667 32.357
5.17708 32.286
5.18750 32.078
5.19792 33.361
5.20833 32.788
5.21875 32.764
5.22917 33.261
5.23958 32.520
5.25000 32.371
5.26042 32.575
5.27083 32.897
5.28125 31.262
5.29167 31.174
5.30208 31.394
5.31250 30.110
5.32292 32.003
5.33333 31.984
5.34375 29.317
5.35417 29.544
5.36458 32.384
5.37500 32.938
5.38542 28.747
5.39583 28.154
5.40625 29.533
5.41667 30.308
5.42708 29.084
5.43750 28.292
5.44792 29.251
5.45833 31.330
5.46875 30.796
5.47917 28.311
5.48958 26.839
5.50000 28.848
5.51042 31.671
5.52083 30.916
5.53125 27.102
5.54167 26.476
5.55208 28.407
5.56250 25.974
5.57292 25.954
5.58333 26.743
5.59375 28.211
5.60417 27.239
5.61458 28.915
5.62500 28.163
5.63542 29.953
5.64583 30.792
5.65625 30.158
5.66667 29.092
5.67708 27.194
5.68750 26.869
5.69792 27.065
5.70833 25.184
5.71875 26.329
5.72917 26.659
5.73958 26.772
5.75000 29.265
5.76042 29.217
5.77083 27.956
5.78125 27.387
5.79167 27.893
5.80208 19.978
5.81250 0.000
5.82292 0.000
5.83333 0.000
5.84375 0.000
5.85417 0.000
