0.00000 31.000
0.01042 32.890
0.02083 30.196
0.03125 28.089
0.04167 28.961
0.05208 28.297
0.06250 29.831
0.07292 30.107
0.08333 29.687
0.09375 27.941
0.10417 29.155
0.11458 29.755
0.12500 27.668
0.13542 27.144
0.14583 28.224
0.15625 28.237
0.16667 26.970
0.17708 29.543
0.18750 31.885
0.19792 30.666
0.20833 29.132
0.21875 28.614
0.22917 28.512
0.23958 28.480
0.25000 29.209
0.26042 29.555
0.27083 28.904
0.28125 28.607
0.29167 28.698
0.30208 29.189
0.31250 30.387
0.32292 30.214
0.33333 30.398
0.34375 32.046
0.35417 32.010
0.36458 29.754
0.37500 27.974
0.38542 29.123
0.39583 31.043
0.40625 32.074
0.41667 31.880
0.42708 31.942
0.43750 28.779
0.44792 28.479
0.45833 31.860
0.46875 31.923
0.47917 31.253
0.48958 31.838
0.50000 34.512
0.51042 34.059
0.52083 34.121
0.53125 33.636
0.54167 34.850
0.55208 33.575
0.56250 31.472
0.57292 29.482
0.58333 29.480
0.59375 32.064
0.60417 32.205
0.61458 31.945
0.62500 34.428
0.63542 34.493
0.64583 30.787
0.65625 35.206
0.66667 34.668
0.67708 34.957
0.68750 34.058
0.69792 33.700
0.70833 32.186
0.71875 34.718
0.72917 34.080
0.73958 35.053
0.75000 37.343
0.76042 35.294
0.77083 35.158
0.78125 37.955
0.79167 37.255
0.80208 35.467
0.81250 35.941
0.82292 37.560
0.83333 37.134
0.84375 37.442
0.85417 36.477
0.86458 36.545
0.87500 36.770
0.88542 36.707
0.89583 36.019
0.90625 36.458
0.91667 37.827
0.92708 38.138
0.93750 37.513
0.94792 37.283
0.95833 37.334
0.96875 36.508
0.97917 35.285
0.98958 36.454
1.00000 37.202
1.01042 38.236
1.02083 38.755
1.03125 35.940
1.04167 34.859
1.05208 38.678
1.06250 39.253
1.07292 37.783
1.08333 37.125
1.09375 37.286
1.10417 38.258
1.11458 37.150
1.12500 36.595
1.13542 36.200
1.14583 36.140
1.15625 37.726
1.16667 37.589
1.17708 36.200
1.18750 37.869
1.19792 38.463
1.20833 38.043
1.21875 37.433
1.22917 37.366
1.23958 38.353
1.25000 39.844
1.26042 37.450
1.27083 37.997
1.28125 38.298
1.29167 38.407
1.30208 35.908
1.31250 34.748
1.32292 36.421
1.33333 36.082
1.34375 38.705
1.35417 39.350
1.36458 40.523
1.37500 38.687
1.38542 38.655
1.39583 40.701
1.40625 42.198
1.41667 40.429
1.42708 39.938
1.43750 37.921
1.44792 36.502
1.45833 38.503
1.46875 41.538
1.47917 41.215
1.48958 38.976
1.50000 40.056
1.51042 41.217
1.52083 39.299
1.53125 38.519
1.54167 39.728
1.55208 39.001
1.56250 39.940
1.57292 42.130
1.58333 42.862
1.59375 42.050
1.60417 40.981
1.61458 41.308
1.62500 42.575
1.63542 44.517
1.64583 44.168
1.65625 41.408
1.66667 39.850
1.67708 40.062
1.68750 40.898
1.69792 40.451
1.70833 40.747
1.71875 44.270
1.72917 45.360
1.73958 44.834
1.75000 44.116
1.76042 44.550
1.77083 45.474
1.78125 46.707
1.79167 44.890
1.80208 43.431
1.81250 41.334
1.82292 43.002
1.83333 47.330
1.84375 44.752
1.85417 44.335
1.86458 44.152
1.87500 45.551
1.88542 46.334
1.89583 45.863
1.90625 46.418
1.91667 46.388
1.92708 45.025
1.93750 45.387
1.94792 47.368
1.95833 44.356
1.96875 46.768
1.97917 46.325
1.98958 49.060
2.00000 48.180
2.01042 48.821
2.02083 47.376
2.03125 47.589
2.04167 48.857
2.05208 46.785
2.06250 47.305
2.07292 46.336
2.08333 47.402
2.09375 46.602
2.10417 46.355
2.11458 47.905
2.12500 47.889
2.13542 48.825
2.14583 49.435
2.15625 48.922
2.16667 48.161
2.17708 49.147
2.18750 50.593
2.19792 49.279
2.20833 47.658
2.21875 50.037
2.22917 51.497
2.23958 52.036
2.25000 51.747
2.26042 50.760
2.27083 52.632
2.28125 55.294
2.29167 54.876
2.30208 53.415
2.31250 53.973
2.32292 56.257
2.33333 55.818
2.34375 56.159
2.35417 56.563
2.36458 55.975
2.37500 56.391
2.38542 57.856
2.39583 57.186
2.40625 56.119
2.41667 57.159
2.42708 57.950
2.43750 57.665
2.44792 57.210
2.45833 58.215
2.46875 59.942
2.47917 60.954
2.48958 59.976
2.50000 60.650
2.51042 61.704
2.52083 63.675
2.53125 64.499
2.54167 64.989
2.55208 64.737
2.56250 64.673
2.57292 65.480
2.58333 66.804
2.59375 66.665
2.60417 67.646
2.61458 70.447
2.62500 70.219
2.63542 71.594
2.64583 73.153
2.65625 73.400
2.66667 75.775
2.67708 76.868
2.68750 78.296
2.69792 78.967
2.70833 80.489
2.71875 84.036
2.72917 86.038
2.73958 87.334
2.75000 88.659
2.76042 89.875
2.77083 91.906
2.78125 93.578
2.79167 95.741
2.80208 98.457
2.81250 100.445
2.82292 103.381
2.83333 106.852
2.84375 110.741
2.85417 118.693
2.86458 127.405
2.87500 132.191
2.88542 135.318
2.89583 137.704
2.90625 140.048
2.91667 142.231
2.92708 143.137
2.93750 143.869
2.94792 144.261
2.95833 144.972
2.96875 144.942
2.97917 145.216
2.98958 145.946
3.00000 146.308
3.01042 145.680
3.02083 146.920
3.03125 147.598
3.04167 147.400
3.05208 147.377
3.06250 146.215
3.07292 146.142
3.08333 147.022
3.09375 147.327
3.10417 146.998
3.11458 147.236
3.12500 147.267
3.13542 146.745
3.14583 147.598
3.15625 147.996
3.16667 147.533
3.17708 147.358
3.18750 146.084
3.19792 146.236
3.20833 145.393
3.21875 145.352
3.22917 145.726
3.23958 144.850
3.25000 144.094
3.26042 143.785
3.27083 143.368
3.28125 142.808
3.29167 142.538
3.30208 140.928
3.31250 140.065
3.32292 139.464
3.33333 137.932
3.34375 137.782
3.35417 136.011
3.36458 134.627
3.37500 133.400
3.38542 130.932
3.39583 128.894
3.40625 124.773
3.41667 120.428
3.42708 115.840
3.43750 108.074
3.44792 101.536
3.45833 98.827
3.46875 96.282
3.47917 92.824
3.48958 84.372
3.50000 75.505
3.51042 72.049
3.52083 69.103
3.53125 66.975
3.54167 65.203
3.55208 63.250
3.56250 61.678
3.57292 60.269
3.58333 58.139
3.59375 56.687
3.60417 56.381
3.61458 55.445
3.62500 55.074
3.63542 53.855
3.64583 52.251
3.65625 53.299
3.66667 50.741
3.67708 48.263
3.68750 49.163
3.69792 48.960
3.70833 48.176
3.71875 47.381
3.72917 48.246
3.73958 47.577
3.75000 46.083
3.76042 47.617
3.77083 48.574
3.78125 46.346
3.79167 46.277
3.80208 47.338
3.81250 46.195
3.82292 46.881
3.83333 46.154
3.84375 42.222
3.85417 43.626
3.86458 45.508
3.87500 45.152
3.88542 40.126
3.89583 42.137
3.90625 43.080
3.91667 43.019
3.92708 41.660
3.93750 41.623
3.94792 41.064
3.95833 40.487
3.96875 39.778
3.97917 38.727
3.98958 37.889
4.00000 37.477
4.01042 36.597
4.02083 35.522
4.03125 36.545
4.04167 35.593
4.05208 35.529
4.06250 36.028
4.07292 35.235
4.08333 34.221
4.09375 34.057
4.10417 34.256
4.11458 34.514
4.12500 34.169
4.13542 34.347
4.14583 33.717
4.15625 32.305
4.16667 30.916
4.17708 30.736
4.18750 31.545
4.19792 30.591
4.20833 29.791
4.21875 29.648
4.22917 29.976
4.23958 29.625
4.25000 29.851
4.26042 29.485
4.27083 29.384
4.28125 29.219
4.29167 30.479
4.30208 31.891
4.31250 30.495
4.32292 29.608
4.33333 28.546
4.34375 30.355
4.35417 30.447
4.36458 31.468
4.37500 32.711
4.38542 29.819
4.39583 29.847
4.40625 32.218
4.41667 28.154
4.42708 31.719
4.43750 28.431
4.44792 28.458
4.45833 32.507
4.46875 31.484
4.47917 30.016
4.48958 31.760
4.50000 31.640
4.51042 30.160
4.52083 31.862
4.53125 31.966
4.54167 32.237
4.55208 32.561
4.56250 32.377
4.57292 31.031
4.58333 32.126
4.59375 32.736
4.60417 31.763
4.61458 30.033
4.62500 30.131
4.63542 30.604
4.64583 30.193
4.65625 30.634
4.66667 31.462
4.67708 28.723
4.68750 27.986
4.69792 29.213
4.70833 29.971
4.71875 31.290
4.72917 31.179
4.73958 31.203
4.75000 31.655
4.76042 30.623
4.77083 30.667
4.78125 31.232
4.79167 30.778
4.80208 31.721
4.81250 30.434
4.82292 29.835
4.83333 31.917
4.84375 31.618
4.85417 29.566
4.86458 30.096
4.87500 29.363
4.88542 29.300
4.89583 30.786
4.90625 32.032
4.91667 30.819
4.92708 31.330
4.93750 30.601
4.94792 30.667
4.95833 31.909
4.96875 31.577
4.97917 29.410
4.98958 28.064
5.00000 27.902
5.01042 30.155
5.02083 32.347
5.03125 32.457
5.04167 31.591
5.05208 31.342
5.06250 32.118
5.07292 31.367
5.08333 29.097
5.09375 28.248
5.10417 30.578
5.11458 30.622
5.12500 31.058
5.13542 30.472
5.14583 28.784
5.15625 30.527
5.16667 30.586
5.17708 30.647
5.18750 29.619
5.19792 27.195
5.20833 29.798
5.21875 29.770
5.22917 27.065
5.23958 28.044
5.25000 30.193
5.26042 31.403
5.27083 30.299
5.28125 28.725
5.29167 27.971
5.30208 29.201
5.31250 29.712
5.32292 29.650
5.33333 29.747
5.34375 29.581
5.35417 30.091
5.36458 29.950
5.37500 29.979
5.38542 30.122
5.39583 30.665
5.40625 30.810
5.41667 29.818
5.42708 29.541
5.43750 28.623
5.44792 28.543
5.45833 29.035
5.46875 28.906
5.47917 28.432
5.48958 28.374
5.50000 28.128
5.51042 28.582
5.52083 27.989
5.53125 25.772
5.54167 26.999
5.55208 28.168
5.56250 27.922
5.57292 30.797
5.58333 27.612
5.59375 26.922
5.60417 29.056
5.61458 25.380
5.62500 25.937
5.63542 25.568
5.64583 26.359
5.65625 27.168
5.66667 26.634
5.67708 26.063
5.68750 29.166
5.69792 29.561
5.70833 28.374
5.71875 27.253
5.72917 26.763
5.73958 25.238
5.75000 24.321
5.76042 26.167
5.77083 27.495
5.78125 26.430
5.79167 28.017
5.80208 28.282
5.81250 27.136
5.82292 26.901
5.83333 24.616
5.84375 24.520
5.85417 26.028
5.86458 26.468
5.87500 26.122
5.88542 28.513
5.89583 29.597
5.90625 29.746
5.91667 27.537
5.92708 26.588
5.93750 26.601
5.94792 27.963
5.95833 28.056
5.96875 27.564
5.97917 26.623
5.98958 25.317
6.00000 25.404
6.01042 24.940
6.02083 23.785
6.03125 23.684
6.04167 25.194
6.05208 26.698
6.06250 25.551
6.07292 24.898
6.08333 27.326
6.09375 28.205
6.10417 28.529
6.11458 29.078
6.12500 29.050
6.13542 26.724
6.14583 23.624
6.15625 24.265
6.16667 25.104
6.17708 28.197
6.18750 26.614
6.19792 27.231
6.20833 27.053
6.21875 28.065
6.22917 27.252
6.23958 26.506
6.25000 26.546
6.26042 24.840
6.27083 25.613
6.28125 30.201
6.29167 29.262
6.30208 25.850
6.31250 27.310
6.32292 29.333
