0.00000 28.333
0.01042 28.229
0.02083 28.882
0.03125 28.719
0.04167 28.473
0.05208 28.005
0.06250 26.558
0.07292 27.752
0.08333 26.903
0.09375 28.248
0.10417 28.375
0.11458 27.081
0.12500 27.803
0.13542 28.164
0.14583 28.878
0.15625 30.451
0.16667 29.932
0.17708 25.359
0.18750 25.072
0.19792 26.681
0.20833 26.417
0.21875 27.695
0.22917 27.667
0.23958 28.753
0.25000 28.487
0.26042 28.563
0.27083 30.892
0.28125 29.093
0.29167 26.287
0.30208 28.259
0.31250 30.398
0.32292 29.503
0.33333 27.397
0.34375 28.398
0.35417 29.531
0.36458 29.346
0.37500 30.347
0.38542 27.855
0.39583 29.540
0.40625 30.148
0.41667 30.652
0.42708 32.653
0.43750 30.667
0.44792 31.521
0.45833 31.140
0.46875 30.672
0.47917 32.079
0.48958 33.107
0.50000 31.352
0.51042 30.547
0.52083 30.554
0.53125 30.143
0.54167 29.190
0.55208 30.541
0.56250 33.137
0.57292 33.763
0.58333 34.216
0.59375 33.767
0.60417 33.411
0.61458 33.209
0.62500 33.271
0.63542 36.574
0.64583 36.571
0.65625 34.507
0.66667 33.729
0.67708 33.354
0.68750 34.339
0.69792 36.707
0.70833 35.167
0.71875 35.392
0.72917 32.379
0.73958 34.787
0.75000 34.976
0.76042 33.251
0.77083 34.858
0.78125 35.393
0.79167 35.969
0.80208 35.227
0.81250 36.691
0.82292 36.074
0.83333 35.802
0.84375 35.704
0.85417 37.797
0.86458 38.609
0.87500 37.112
0.88542 34.641
0.89583 33.656
0.90625 35.154
0.91667 37.414
0.92708 36.871
0.93750 38.301
0.94792 36.414
0.95833 35.975
0.96875 36.715
0.97917 38.206
0.98958 36.927
1.00000 36.005
1.01042 37.532
1.02083 38.086
1.03125 37.710
1.04167 37.854
1.05208 37.963
1.06250 37.802
1.07292 37.505
1.08333 38.256
1.09375 40.347
1.10417 38.287
1.11458 39.803
1.12500 39.125
1.13542 37.310
1.14583 36.368
1.15625 37.267
1.16667 39.546
1.17708 38.687
1.18750 37.319
1.19792 36.501
1.20833 38.133
1.21875 38.047
1.22917 37.341
1.23958 37.865
1.25000 38.019
1.26042 37.219
1.27083 39.980
1.28125 42.250
1.29167 41.294
1.30208 39.279
1.31250 39.201
1.32292 38.906
1.33333 37.654
1.34375 39.178
1.35417 39.632
1.36458 42.424
1.37500 42.084
1.38542 41.174
1.39583 40.963
1.40625 39.068
1.41667 39.667
1.42708 41.832
1.43750 40.016
1.44792 38.787
1.45833 42.075
1.46875 40.267
1.47917 40.672
1.48958 40.641
1.50000 40.032
1.51042 40.437
1.52083 39.603
1.53125 38.502
1.54167 40.598
1.55208 39.975
1.56250 39.226
1.57292 39.357
1.58333 40.714
1.59375 41.193
1.60417 42.027
1.61458 43.020
1.62500 42.078
1.63542 42.579
1.64583 42.017
1.65625 41.999
1.66667 41.411
1.67708 41.261
1.68750 40.798
1.69792 41.422
1.70833 42.816
1.71875 43.180
1.72917 44.885
1.73958 45.761
1.75000 45.858
1.76042 42.978
1.77083 44.604
1.78125 45.225
1.79167 44.760
1.80208 46.791
1.81250 47.083
1.82292 46.038
1.83333 45.616
1.84375 45.438
1.85417 45.997
1.86458 45.258
1.87500 46.239
1.88542 45.708
1.89583 43.965
1.90625 43.909
1.91667 46.511
1.92708 45.106
1.93750 45.497
1.94792 47.974
1.95833 47.144
1.96875 46.218
1.97917 46.142
1.98958 47.386
2.00000 46.901
2.01042 46.876
2.02083 47.211
2.03125 46.376
2.04167 45.978
2.05208 46.417
2.06250 46.120
2.07292 47.203
2.08333 49.275
2.09375 48.212
2.10417 50.604
2.11458 50.766
2.12500 51.375
2.13542 52.065
2.14583 51.041
2.15625 51.166
2.16667 52.379
2.17708 53.088
2.18750 53.655
2.19792 55.358
2.20833 55.884
2.21875 56.006
2.22917 55.279
2.23958 55.825
2.25000 56.874
2.26042 57.859
2.27083 57.740
2.28125 57.625
2.29167 58.914
2.30208 59.115
2.31250 59.901
2.32292 61.272
2.33333 62.020
2.34375 62.460
2.35417 63.165
2.36458 64.503
2.37500 66.278
2.38542 66.493
2.39583 69.030
2.40625 70.348
2.41667 71.028
2.42708 72.787
2.43750 74.750
2.44792 76.197
2.45833 77.591
2.46875 79.886
2.47917 82.052
2.48958 82.892
2.50000 85.546
2.51042 88.934
2.52083 93.552
2.53125 98.147
2.54167 100.743
2.55208 105.501
2.56250 113.748
2.57292 117.921
2.58333 123.136
2.59375 130.674
2.60417 135.427
2.61458 137.968
2.62500 139.745
2.63542 140.932
2.64583 141.526
2.65625 143.055
2.66667 144.245
2.67708 144.582
2.68750 144.940
2.69792 145.322
2.70833 145.529
2.71875 146.064
2.72917 146.368
2.73958 147.284
2.75000 147.727
2.76042 147.250
2.77083 147.865
2.78125 147.597
2.79167 146.748
2.80208 146.377
2.81250 146.447
2.82292 147.038
2.83333 147.333
2.84375 147.668
2.85417 147.621
2.86458 147.228
2.87500 146.456
2.88542 145.390
2.89583 145.141
2.90625 145.583
2.91667 145.077
2.92708 144.562
2.93750 144.426
2.94792 143.483
2.95833 142.564
2.96875 141.482
2.97917 141.166
2.98958 140.742
3.00000 140.069
3.01042 139.997
3.02083 138.273
3.03125 137.488
3.04167 136.299
3.05208 134.714
3.06250 133.485
3.07292 132.132
3.08333 130.942
3.09375 128.628
3.10417 125.810
3.11458 121.195
3.12500 117.630
3.13542 112.564
3.14583 100.628
3.15625 90.522
3.16667 84.264
3.17708 79.022
3.18750 73.854
3.19792 71.400
3.20833 67.909
3.21875 65.412
3.22917 63.974
3.23958 61.876
3.25000 59.610
3.26042 57.902
3.27083 57.285
3.28125 56.903
3.29167 55.764
3.30208 54.811
3.31250 52.662
3.32292 51.233
3.33333 49.649
3.34375 48.698
3.35417 48.809
3.36458 50.016
3.37500 52.339
3.38542 53.351
3.39583 50.032
3.40625 48.579
3.41667 47.682
3.42708 45.627
3.43750 46.010
3.44792 47.340
3.45833 48.402
3.46875 44.127
3.47917 45.318
3.48958 46.179
3.50000 44.513
3.51042 43.599
3.52083 44.878
3.53125 46.099
3.54167 42.542
3.55208 43.521
3.56250 42.310
3.57292 43.638
3.58333 41.927
3.59375 39.167
3.60417 38.659
3.61458 38.627
3.62500 38.857
3.63542 38.985
3.64583 37.186
3.65625 37.469
3.66667 38.754
3.67708 39.212
3.68750 39.090
3.69792 39.258
3.70833 38.770
3.71875 37.995
3.72917 37.083
3.73958 35.774
3.75000 36.841
3.76042 38.117
3.77083 35.878
3.78125 34.423
3.79167 34.534
3.80208 34.303
3.81250 35.283
3.82292 37.311
3.83333 35.730
3.84375 35.790
3.85417 34.556
3.86458 34.121
3.87500 33.154
3.88542 32.561
3.89583 31.552
3.90625 32.393
3.91667 32.402
3.92708 33.331
3.93750 31.960
3.94792 30.592
3.95833 33.250
3.96875 33.030
3.97917 31.810
3.98958 33.372
4.00000 34.415
4.01042 34.123
4.02083 33.979
4.03125 31.446
4.04167 31.989
4.05208 32.133
4.06250 33.425
4.07292 31.721
4.08333 31.535
4.09375 32.964
4.10417 30.024
4.11458 31.255
4.12500 31.066
4.13542 32.168
4.14583 31.272
4.15625 31.933
4.16667 31.392
4.17708 29.559
4.18750 31.508
4.19792 29.782
4.20833 26.854
4.21875 28.882
4.22917 29.308
4.23958 30.370
4.25000 27.167
4.26042 28.864
4.27083 31.398
4.28125 30.833
4.29167 27.722
4.30208 31.316
4.31250 31.217
4.32292 29.071
4.33333 29.897
4.34375 31.899
4.35417 30.233
4.36458 28.167
4.37500 28.823
4.38542 27.346
4.39583 27.065
4.40625 29.982
4.41667 30.495
4.42708 29.172
4.43750 28.252
4.44792 29.223
4.45833 28.816
4.46875 27.852
4.47917 27.209
4.48958 28.745
4.50000 28.084
4.51042 29.538
4.52083 30.461
4.53125 30.676
4.54167 30.192
4.55208 27.774
4.56250 27.956
4.57292 28.430
4.58333 29.427
4.59375 28.193
4.60417 29.615
4.61458 30.733
4.62500 28.021
4.63542 28.975
4.64583 29.212
4.65625 29.241
4.66667 30.504
4.67708 30.391
4.68750 29.513
4.69792 29.202
4.70833 29.528
4.71875 28.779
4.72917 28.475
4.73958 27.923
4.75000 27.518
4.76042 29.809
4.77083 29.889
4.78125 28.807
4.79167 27.286
4.80208 28.572
4.81250 28.997
4.82292 29.262
4.83333 27.543
4.84375 28.612
4.85417 29.552
4.86458 29.397
4.87500 29.312
4.88542 28.979
4.89583 29.249
4.90625 29.649
4.91667 27.863
4.92708 29.247
4.93750 30.269
4.94792 30.484
4.95833 28.500
4.96875 29.398
4.97917 30.227
4.98958 31.885
5.00000 32.142
5.01042 28.474
5.02083 28.198
5.03125 28.584
5.04167 26.109
5.05208 27.453
5.06250 28.358
5.07292 28.854
5.08333 29.746
5.09375 28.558
5.10417 29.370
5.11458 30.087
5.12500 30.215
5.13542 28.917
5.14583 28.631
5.15625 29.762
5.16667 29.547
5.17708 28.949
5.18750 29.377
5.19792 30.404
5.20833 27.866
5.21875 28.794
5.22917 28.244
5.23958 28.788
5.25000 28.845
5.26042 29.624
5.27083 29.673
5.28125 28.706
5.29167 27.874
5.30208 29.102
5.31250 27.469
5.32292 29.054
5.33333 27.077
5.34375 26.329
5.35417 26.317
5.36458 27.748
5.37500 28.087
5.38542 27.449
5.39583 28.925
5.40625 28.667
5.41667 28.254
5.42708 26.698
5.43750 26.306
5.44792 28.263
5.45833 30.125
5.46875 30.261
5.47917 26.253
5.48958 27.018
5.50000 23.864
5.51042 21.541
5.52083 24.672
5.53125 26.487
5.54167 26.862
5.55208 26.332
5.56250 27.182
5.57292 28.519
5.58333 28.031
5.59375 26.785
5.60417 26.351
5.61458 25.868
5.62500 25.446
5.63542 24.788
5.64583 26.287
5.65625 28.216
5.66667 26.333
