0.00000 29.333
0.01042 28.134
0.02083 26.835
0.03125 27.284
0.04167 28.170
0.05208 27.611
0.06250 26.985
0.07292 27.544
0.08333 28.685
0.09375 28.960
0.10417 28.003
0.11458 27.908
0.12500 24.905
0.13542 26.317
0.14583 29.305
0.15625 29.478
0.16667 28.004
0.17708 28.412
0.18750 27.815
0.19792 26.710
0.20833 24.649
0.21875 24.575
0.22917 26.138
0.23958 25.470
0.25000 26.436
0.26042 24.686
0.27083 24.390
0.28125 27.274
0.29167 24.830
0.30208 26.029
0.31250 28.890
0.32292 26.433
0.33333 28.010
0.34375 29.686
0.35417 29.601
0.36458 32.174
0.37500 28.444
0.38542 25.838
0.39583 27.755
0.40625 28.769
0.41667 27.924
0.42708 28.289
0.43750 29.846
0.44792 29.381
0.45833 28.544
0.46875 29.426
0.47917 31.414
0.48958 29.179
0.50000 28.538
0.51042 29.068
0.52083 30.771
0.53125 28.631
0.54167 26.421
0.55208 26.663
0.56250 26.251
0.57292 25.415
0.58333 25.399
0.59375 26.465
0.60417 30.005
0.61458 29.585
0.62500 29.749
0.63542 29.613
0.64583 30.670
0.65625 30.853
0.66667 29.323
0.67708 28.329
0.68750 27.689
0.69792 27.011
0.70833 28.693
0.71875 29.770
0.72917 29.250
0.73958 28.360
0.75000 27.887
0.76042 29.112
0.77083 29.895
0.78125 29.701
0.79167 28.771
0.80208 28.069
0.81250 28.939
0.82292 30.079
0.83333 28.925
0.84375 29.107
0.85417 29.790
0.86458 29.067
0.87500 29.080
0.88542 29.828
0.89583 30.317
0.90625 30.181
0.91667 31.975
0.92708 30.509
0.93750 28.660
0.94792 30.319
0.95833 29.500
0.96875 30.970
0.97917 31.503
0.98958 30.755
1.00000 29.456
1.01042 28.021
1.02083 27.658
1.03125 29.835
1.04167 31.307
1.05208 28.667
1.06250 27.203
1.07292 29.978
1.08333 32.805
1.09375 31.502
1.10417 29.465
1.11458 29.957
1.12500 28.724
1.13542 28.939
1.14583 27.086
1.15625 28.463
1.16667 29.964
1.17708 28.391
1.18750 28.703
1.19792 27.745
1.20833 30.054
1.21875 32.668
1.22917 30.477
1.23958 29.119
1.25000 28.524
1.26042 29.531
1.27083 29.810
1.28125 31.164
1.29167 31.889
1.30208 30.649
1.31250 29.236
1.32292 28.568
1.33333 30.019
1.34375 31.443
1.35417 30.901
1.36458 31.970
1.37500 30.852
1.38542 30.598
1.39583 31.606
1.40625 31.552
1.41667 32.757
1.42708 32.219
1.43750 32.434
1.44792 30.770
1.45833 31.599
1.46875 32.091
1.47917 30.410
1.48958 28.752
1.50000 30.053
1.51042 28.678
1.52083 27.606
1.53125 27.615
1.54167 28.422
1.55208 30.044
1.56250 28.630
1.57292 29.838
1.58333 29.369
1.59375 28.524
1.60417 31.476
1.61458 32.265
1.62500 30.481
1.63542 30.400
1.64583 31.994
1.65625 30.855
1.66667 30.532
1.67708 31.725
1.68750 31.820
1.69792 30.822
1.70833 30.962
1.71875 32.075
1.72917 30.598
1.73958 29.519
1.75000 30.740
1.76042 29.417
1.77083 27.272
1.78125 27.719
1.79167 29.743
1.80208 31.240
1.81250 29.937
1.82292 28.929
1.83333 30.897
1.84375 31.678
1.85417 30.394
1.86458 31.648
1.87500 31.139
1.88542 31.503
1.89583 29.736
1.90625 29.469
1.91667 29.974
1.92708 30.744
1.93750 30.368
1.94792 29.684
1.95833 30.809
1.96875 32.311
1.97917 31.048
1.98958 29.785
2.00000 29.928
2.01042 30.575
2.02083 30.453
2.03125 29.362
2.04167 30.431
2.05208 32.744
2.06250 32.363
2.07292 29.791
2.08333 30.941
2.09375 31.926
2.10417 34.222
2.11458 28.754
2.12500 33.567
2.13542 34.569
2.14583 32.878
2.15625 33.179
2.16667 32.792
2.17708 32.755
2.18750 32.084
2.19792 32.275
2.20833 33.841
2.21875 34.265
2.22917 35.797
2.23958 37.818
2.25000 38.038
2.26042 37.792
2.27083 36.394
2.28125 35.756
2.29167 36.516
2.30208 38.958
2.31250 40.349
2.32292 39.183
2.33333 39.608
2.34375 39.639
2.35417 41.074
2.36458 41.150
2.37500 42.926
2.38542 44.639
2.39583 41.641
2.40625 39.901
2.41667 45.128
2.42708 43.404
2.43750 44.507
2.44792 44.085
2.45833 43.982
2.46875 44.862
2.47917 43.775
2.48958 45.330
2.50000 44.561
2.51042 44.558
2.52083 46.642
2.53125 45.819
2.54167 44.967
2.55208 44.649
2.56250 45.597
2.57292 46.078
2.58333 46.226
2.59375 48.223
2.60417 49.575
2.61458 49.713
2.62500 51.250
2.63542 53.118
2.64583 54.661
2.65625 54.720
2.66667 54.922
2.67708 56.280
2.68750 55.945
2.69792 56.306
2.70833 55.811
2.71875 57.243
2.72917 58.267
2.73958 59.656
2.75000 62.167
2.76042 63.348
2.77083 64.551
2.78125 66.737
2.79167 68.539
2.80208 71.530
2.81250 77.061
2.82292 83.389
2.83333 90.994
2.84375 97.689
2.85417 103.259
2.86458 110.438
2.87500 117.311
2.88542 121.098
2.89583 125.483
2.90625 128.998
2.91667 130.656
2.92708 133.156
2.93750 134.442
2.94792 135.960
2.95833 138.000
2.96875 138.165
2.97917 139.320
2.98958 139.379
3.00000 141.272
3.01042 142.642
3.02083 142.984
3.03125 143.305
3.04167 142.901
3.05208 143.533
3.06250 144.310
3.07292 145.387
3.08333 145.273
3.09375 145.321
3.10417 145.870
3.11458 146.092
3.12500 146.860
3.13542 147.301
3.14583 147.730
3.15625 147.833
3.16667 147.317
3.17708 147.275
3.18750 147.073
3.19792 147.135
3.20833 147.392
3.21875 147.454
3.22917 147.088
3.23958 146.888
3.25000 147.574
3.26042 148.069
3.27083 147.339
3.28125 147.231
3.29167 146.393
3.30208 146.215
3.31250 146.035
3.32292 145.261
3.33333 144.224
3.34375 144.433
3.35417 144.355
3.36458 143.738
3.37500 142.614
3.38542 141.322
3.39583 140.904
3.40625 139.486
3.41667 137.844
3.42708 134.247
3.43750 129.189
3.44792 123.902
3.45833 115.327
3.46875 107.237
3.47917 103.660
3.48958 101.296
3.50000 98.379
3.51042 95.784
3.52083 92.439
3.53125 91.109
3.54167 88.913
3.55208 87.100
3.56250 85.874
3.57292 84.316
3.58333 82.246
3.59375 81.259
3.60417 79.778
3.61458 78.688
3.62500 78.123
3.63542 76.196
3.64583 74.272
3.65625 72.432
3.66667 72.075
3.67708 71.534
3.68750 71.466
3.69792 70.670
3.70833 69.067
3.71875 67.116
3.72917 66.408
3.73958 66.140
3.75000 65.568
3.76042 64.794
3.77083 64.109
3.78125 63.365
3.79167 63.951
3.80208 62.994
3.81250 61.422
3.82292 60.600
3.83333 59.704
3.84375 58.896
3.85417 57.944
3.86458 57.514
3.87500 57.448
3.88542 58.036
3.89583 58.668
3.90625 58.764
3.91667 57.422
3.92708 55.193
3.93750 56.531
3.94792 55.772
3.95833 54.768
3.96875 54.512
3.97917 54.481
3.98958 55.633
4.00000 54.628
4.01042 53.282
4.02083 52.259
4.03125 51.020
4.04167 51.211
4.05208 50.218
4.06250 48.639
4.07292 48.817
4.08333 49.920
4.09375 49.111
4.10417 47.021
4.11458 47.628
4.12500 48.323
4.13542 47.397
4.14583 47.162
4.15625 46.593
4.16667 48.210
4.17708 47.038
4.18750 46.686
4.19792 48.708
4.20833 47.222
4.21875 46.129
4.22917 48.370
4.23958 48.299
4.25000 46.951
4.26042 45.666
4.27083 48.334
4.28125 49.136
4.29167 48.214
4.30208 48.360
4.31250 48.484
4.32292 47.945
4.33333 47.515
4.34375 46.800
4.35417 45.492
4.36458 44.411
4.37500 46.287
4.38542 46.223
4.39583 45.280
4.40625 47.945
4.41667 48.240
4.42708 48.335
4.43750 46.791
4.44792 47.650
4.45833 46.679
4.46875 45.880
4.47917 47.381
4.48958 45.212
4.50000 46.645
4.51042 42.813
4.52083 42.783
4.53125 44.310
4.54167 42.659
4.55208 41.248
4.56250 41.862
4.57292 42.341
4.58333 43.428
4.59375 45.211
4.60417 43.368
4.61458 43.275
4.62500 41.404
4.63542 40.266
4.64583 39.655
4.65625 39.658
4.66667 41.419
4.67708 42.113
4.68750 42.995
4.69792 43.112
4.70833 41.979
4.71875 40.883
4.72917 40.509
4.73958 40.989
4.75000 39.191
4.76042 40.314
4.77083 39.165
4.78125 38.452
4.79167 41.470
4.80208 41.885
4.81250 40.290
4.82292 41.168
4.83333 41.635
4.84375 40.653
4.85417 40.169
4.86458 39.266
4.87500 38.249
4.88542 38.850
4.89583 38.822
4.90625 37.534
4.91667 36.873
4.92708 38.665
4.93750 39.120
4.94792 39.081
4.95833 38.817
4.96875 37.981
4.97917 38.622
4.98958 38.716
5.00000 38.175
5.01042 37.714
5.02083 37.208
5.03125 38.211
5.04167 37.360
5.05208 38.189
5.06250 37.462
5.07292 38.986
5.08333 39.885
5.09375 39.585
5.10417 38.163
5.11458 37.676
5.12500 35.560
5.13542 38.562
5.14583 40.390
5.15625 37.037
5.16667 38.785
5.17708 38.732
5.18750 35.529
5.19792 34.266
5.20833 36.625
5.21875 38.029
5.22917 36.732
5.23958 36.637
5.25000 37.988
5.26042 36.500
5.27083 35.122
5.28125 36.167
5.29167 37.231
5.30208 35.590
5.31250 33.267
5.32292 34.974
5.33333 37.072
5.34375 37.651
5.35417 38.903
5.36458 39.297
5.37500 37.421
5.38542 38.004
5.39583 35.869
5.40625 33.931
5.41667 37.696
5.42708 36.472
5.43750 37.515
5.44792 35.315
5.45833 33.771
5.46875 33.062
5.47917 33.066
5.48958 35.091
5.50000 36.046
5.51042 35.031
5.52083 34.937
5.53125 35.234
5.54167 35.847
5.55208 34.271
5.56250 32.816
5.57292 34.023
5.58333 34.124
5.59375 33.320
5.60417 34.066
5.61458 34.544
5.62500 36.162
5.63542 34.697
5.64583 32.756
5.65625 32.438
5.66667 32.446
5.67708 31.082
5.68750 31.983
5.69792 33.419
5.70833 35.927
5.71875 32.791
5.72917 32.548
5.73958 32.584
5.75000 31.142
5.76042 31.734
5.77083 32.447
5.78125 32.327
5.79167 29.609
5.80208 30.495
5.81250 31.512
5.82292 30.692
5.83333 30.743
5.84375 32.021
5.85417 32.188
5.86458 32.423
5.87500 32.405
5.88542 33.380
5.89583 32.140
5.90625 31.439
5.91667 33.859
5.92708 32.350
5.93750 30.207
5.94792 30.165
5.95833 30.587
5.96875 31.865
5.97917 31.961
5.98958 29.212
6.00000 29.957
6.01042 28.880
6.02083 28.108
6.03125 29.461
6.04167 29.950
6.05208 28.695
6.06250 30.081
6.07292 28.278
6.08333 29.342
6.09375 28.847
6.10417 27.604
6.11458 28.503
6.12500 30.146
6.13542 29.962
6.14583 29.225
6.15625 29.649
6.16667 29.898
6.17708 29.809
6.18750 28.869
6.19792 28.246
6.20833 28.809
6.21875 27.769
6.22917 28.006
6.23958 28.412
6.25000 29.065
6.26042 28.359
6.27083 30.907
6.28125 30.380
6.29167 29.566
6.30208 30.178
6.31250 27.667
