0.00000 27.000
0.01042 28.840
0.02083 28.704
0.03125 27.551
0.04167 27.368
0.05208 27.940
0.06250 28.903
0.07292 30.137
0.08333 31.461
0.09375 28.407
0.10417 28.230
0.11458 28.244
0.12500 28.435
0.13542 29.784
0.14583 30.732
0.15625 29.602
0.16667 31.631
0.17708 31.382
0.18750 29.062
0.19792 30.042
0.20833 29.796
0.21875 29.549
0.22917 30.049
0.23958 29.148
0.25000 29.046
0.26042 30.022
0.27083 30.612
0.28125 30.727
0.29167 28.329
0.30208 28.004
0.31250 29.081
0.32292 29.419
0.33333 29.384
0.34375 30.016
0.35417 28.801
0.36458 30.225
0.37500 29.669
0.38542 29.079
0.39583 28.207
0.40625 29.095
0.41667 29.736
0.42708 28.471
0.43750 26.685
0.44792 29.755
0.45833 31.509
0.46875 29.438
0.47917 27.934
0.48958 28.638
0.50000 29.287
0.51042 30.152
0.52083 27.708
0.53125 25.897
0.54167 29.476
0.55208 30.923
0.56250 31.033
0.57292 30.813
0.58333 29.544
0.59375 29.538
0.60417 30.239
0.61458 30.923
0.62500 32.054
0.63542 31.708
0.64583 31.738
0.65625 31.063
0.66667 31.042
0.67708 30.041
0.68750 29.976
0.69792 30.204
0.70833 32.188
0.71875 31.817
0.72917 31.798
0.73958 31.314
0.75000 30.686
0.76042 33.388
0.77083 34.775
0.78125 34.848
0.79167 35.648
0.80208 33.191
0.81250 32.605
0.82292 34.192
0.83333 34.602
0.84375 33.564
0.85417 32.562
0.86458 32.954
0.87500 32.192
0.88542 33.698
0.89583 34.594
0.90625 34.226
0.91667 32.859
0.92708 33.950
0.93750 34.611
0.94792 34.342
0.95833 33.025
0.96875 31.049
0.97917 33.460
0.98958 34.278
1.00000 35.058
1.01042 33.320
1.02083 33.137
1.03125 34.587
1.04167 37.241
1.05208 33.198
1.06250 34.630
1.07292 34.346
1.08333 34.667
1.09375 34.639
1.10417 35.751
1.11458 35.718
1.12500 34.123
1.13542 33.783
1.14583 32.583
1.15625 33.804
1.16667 33.432
1.17708 35.304
1.18750 34.749
1.19792 34.931
1.20833 34.948
1.21875 35.294
1.22917 35.222
1.23958 35.971
1.25000 35.691
1.26042 34.002
1.27083 34.018
1.28125 34.062
1.29167 34.788
1.30208 35.436
1.31250 32.873
1.32292 33.950
1.33333 34.723
1.34375 35.109
1.35417 36.021
1.36458 37.324
1.37500 36.050
1.38542 36.012
1.39583 35.883
1.40625 35.546
1.41667 37.022
1.42708 36.217
1.43750 35.705
1.44792 35.993
1.45833 35.285
1.46875 36.280
1.47917 36.146
1.48958 34.882
1.50000 35.826
1.51042 37.702
1.52083 36.283
1.53125 36.227
1.54167 37.180
1.55208 36.257
1.56250 35.971
1.57292 37.218
1.58333 36.441
1.59375 34.570
1.60417 36.299
1.61458 35.956
1.62500 36.609
1.63542 37.842
1.64583 36.852
1.65625 37.834
1.66667 39.635
1.67708 37.113
1.68750 38.215
1.69792 38.157
1.70833 38.083
1.71875 36.895
1.72917 36.417
1.73958 38.321
1.75000 37.978
1.76042 34.864
1.77083 37.193
1.78125 35.714
1.79167 35.454
1.80208 35.843
1.81250 36.544
1.82292 35.822
1.83333 36.136
1.84375 37.618
1.85417 39.126
1.86458 39.492
1.87500 39.157
1.88542 39.346
1.89583 39.535
1.90625 38.348
1.91667 39.076
1.92708 40.738
1.93750 39.167
1.94792 37.939
1.95833 38.499
1.96875 40.711
1.97917 41.376
1.98958 39.431
2.00000 38.544
2.01042 39.328
2.02083 41.496
2.03125 42.285
2.04167 43.005
2.05208 40.791
2.06250 39.089
2.07292 38.245
2.08333 39.338
2.09375 40.197
2.10417 41.379
2.11458 41.092
2.12500 40.414
2.13542 39.839
2.14583 41.297
2.15625 44.419
2.16667 46.382
2.17708 46.583
2.18750 44.198
2.19792 43.058
2.20833 45.352
2.21875 45.095
2.22917 45.725
2.23958 47.008
2.25000 44.201
2.26042 42.463
2.27083 43.591
2.28125 44.993
2.29167 46.243
2.30208 47.686
2.31250 49.244
2.32292 46.329
2.33333 46.440
2.34375 48.445
2.35417 45.244
2.36458 43.335
2.37500 45.108
2.38542 45.845
2.39583 46.086
2.40625 44.631
2.41667 44.416
2.42708 46.826
2.43750 45.904
2.44792 46.709
2.45833 47.556
2.46875 49.019
2.47917 48.770
2.48958 47.651
2.50000 48.372
2.51042 49.318
2.52083 48.660
2.53125 48.727
2.54167 48.450
2.55208 48.862
2.56250 47.958
2.57292 46.795
2.58333 47.883
2.59375 49.095
2.60417 51.456
2.61458 50.753
2.62500 50.321
2.63542 52.444
2.64583 53.632
2.65625 53.728
2.66667 54.016
2.67708 55.091
2.68750 56.130
2.69792 55.770
2.70833 55.045
2.71875 56.423
2.72917 55.768
2.73958 55.029
2.75000 56.559
2.76042 57.076
2.77083 57.772
2.78125 58.445
2.79167 59.138
2.80208 58.576
2.81250 60.529
2.82292 60.738
2.83333 61.006
2.84375 61.934
2.85417 62.992
2.86458 63.841
2.87500 65.008
2.88542 66.081
2.89583 67.607
2.90625 69.504
2.91667 70.458
2.92708 71.072
2.93750 72.082
2.94792 72.588
2.95833 74.276
2.96875 77.147
2.97917 77.860
2.98958 77.867
3.00000 79.952
3.01042 82.281
3.02083 83.586
3.03125 85.277
3.04167 87.151
3.05208 88.505
3.06250 91.028
3.07292 92.106
3.08333 94.849
3.09375 96.952
3.10417 99.581
3.11458 103.352
3.12500 110.808
3.13542 122.232
3.14583 128.760
3.15625 133.969
3.16667 136.845
3.17708 138.285
3.18750 139.616
3.19792 140.753
3.20833 141.921
3.21875 142.367
3.22917 142.591
3.23958 144.776
3.25000 144.500
3.26042 144.260
3.27083 144.458
3.28125 145.731
3.29167 146.926
3.30208 146.997
3.31250 146.619
3.32292 146.459
3.33333 146.623
3.34375 145.980
3.35417 146.404
3.36458 146.460
3.37500 146.132
3.38542 146.271
3.39583 146.631
3.40625 146.530
3.41667 146.333
3.42708 147.892
3.43750 147.632
3.44792 146.766
3.45833 146.383
3.46875 145.771
3.47917 145.929
3.48958 146.440
3.50000 146.438
3.51042 146.424
3.52083 146.458
3.53125 145.631
3.54167 145.732
3.55208 145.102
3.56250 144.459
3.57292 144.435
3.58333 143.488
3.59375 142.268
3.60417 140.818
3.61458 140.836
3.62500 139.758
3.63542 138.512
3.64583 137.302
3.65625 136.393
3.66667 134.636
3.67708 133.830
3.68750 131.149
3.69792 130.408
3.70833 127.707
3.71875 124.521
3.72917 121.297
3.73958 113.475
3.75000 100.465
3.76042 92.824
3.77083 88.236
3.78125 81.915
3.79167 78.410
3.80208 74.928
3.81250 72.780
3.82292 71.280
3.83333 69.983
3.84375 67.094
3.85417 67.180
3.86458 64.672
3.87500 61.938
3.88542 61.617
3.89583 61.192
3.90625 59.271
3.91667 58.556
3.92708 58.139
3.93750 58.795
3.94792 55.356
3.95833 54.742
3.96875 54.510
3.97917 53.847
3.98958 52.835
4.00000 52.166
4.01042 52.502
4.02083 50.932
4.03125 48.474
4.04167 47.276
4.05208 47.557
4.06250 46.271
4.07292 46.163
4.08333 46.063
4.09375 44.318
4.10417 44.378
4.11458 45.764
4.12500 43.430
4.13542 47.582
4.14583 47.641
4.15625 46.592
4.16667 46.312
4.17708 47.277
4.18750 45.536
4.19792 43.083
4.20833 43.256
4.21875 42.070
4.22917 42.883
4.23958 41.235
4.25000 42.309
4.26042 42.367
4.27083 41.635
4.28125 39.400
4.29167 40.252
4.30208 43.572
4.31250 41.463
4.32292 40.463
4.33333 40.443
4.34375 41.110
4.35417 43.273
4.36458 42.012
4.37500 39.283
4.38542 40.627
4.39583 37.960
4.40625 37.535
4.41667 38.630
4.42708 39.481
4.43750 39.283
4.44792 39.286
4.45833 38.928
4.46875 39.935
4.47917 37.649
4.48958 37.803
4.50000 37.113
4.51042 35.853
4.52083 36.284
4.53125 37.195
4.54167 36.507
4.55208 35.211
4.56250 35.742
4.57292 33.747
4.58333 34.396
4.59375 35.313
4.60417 35.771
4.61458 35.680
4.62500 36.048
4.63542 35.678
4.64583 36.583
4.65625 37.509
4.66667 36.344
4.67708 36.350
4.68750 34.936
4.69792 32.943
4.70833 33.457
4.71875 36.050
4.72917 33.301
4.73958 33.897
4.75000 34.397
4.76042 33.187
4.77083 35.117
4.78125 35.421
4.79167 34.427
4.80208 33.704
4.81250 31.959
4.82292 33.995
4.83333 31.748
4.84375 34.788
4.85417 35.469
4.86458 34.302
4.87500 32.712
4.88542 33.249
4.89583 33.724
4.90625 35.051
4.91667 34.664
4.92708 33.050
4.93750 33.814
4.94792 34.768
4.95833 35.789
4.96875 35.697
4.97917 32.398
4.98958 32.244
5.00000 31.168
5.01042 29.405
5.02083 30.900
5.03125 32.326
5.04167 32.067
5.05208 31.163
5.06250 31.164
5.07292 31.558
5.08333 31.316
5.09375 31.489
5.10417 33.555
5.11458 31.962
5.12500 31.958
5.13542 32.539
5.14583 31.122
5.15625 31.333
5.16667 33.481
5.17708 32.138
5.18750 32.454
5.19792 32.464
5.20833 32.927
5.21875 32.472
5.22917 33.148
5.23958 30.781
5.25000 29.895
5.26042 30.283
5.27083 30.513
5.28125 31.461
5.29167 31.359
5.30208 30.130
5.31250 28.842
5.32292 28.507
5.33333 31.424
5.34375 29.007
5.35417 28.810
5.36458 28.027
5.37500 31.188
5.38542 32.785
5.39583 32.832
5.40625 32.996
5.41667 31.228
5.42708 32.353
5.43750 29.527
5.44792 28.920
5.45833 31.503
5.46875 30.022
5.47917 31.012
5.48958 29.892
5.50000 28.466
5.51042 29.066
5.52083 29.985
5.53125 30.440
5.54167 28.878
5.55208 29.870
5.56250 30.827
5.57292 31.636
5.58333 28.913
5.59375 27.739
5.60417 31.106
5.61458 30.606
5.62500 31.772
5.63542 31.826
5.64583 31.846
5.65625 29.673
5.66667 27.178
5.67708 30.598
5.68750 29.248
5.69792 30.502
5.70833 28.771
5.71875 29.093
5.72917 29.011
5.73958 27.772
5.75000 27.122
5.76042 27.868
5.77083 27.842
5.78125 28.668
5.79167 28.261
5.80208 29.381
5.81250 29.647
5.82292 29.404
5.83333 27.498
5.84375 27.371
5.85417 28.814
5.86458 28.891
5.87500 28.758
5.88542 26.770
5.89583 27.812
5.90625 27.827
5.91667 27.479
5.92708 28.707
5.93750 27.613
5.94792 28.536
5.95833 28.494
5.96875 27.901
5.97917 28.062
5.98958 29.651
6.00000 28.527
6.01042 28.930
6.02083 29.742
6.03125 30.173
6.04167 31.601
6.05208 30.405
6.06250 29.858
6.07292 28.845
6.08333 28.670
6.09375 27.489
6.10417 27.013
6.11458 28.183
6.12500 28.010
6.13542 27.829
6.14583 27.951
6.15625 28.176
6.16667 26.861
6.17708 25.960
6.18750 27.618
6.19792 27.386
6.20833 26.386
6.21875 28.379
6.22917 26.830
6.23958 25.411
6.25000 25.792
6.26042 25.741
6.27083 27.094
6.28125 27.751
6.29167 27.235
6.30208 28.304
6.31250 26.986
6.32292 28.361
6.33333 29.863
6.34375 27.490
6.35417 27.215
6.36458 29.978
6.37500 30.063
6.38542 28.275
6.39583 30.679
6.40625 28.466
6.41667 24.039
6.42708 25.648
6.43750 26.615
6.44792 27.484
6.45833 30.851
6.46875 30.010
6.47917 30.868
6.48958 30.738
6.50000 29.919
6.51042 27.891
6.52083 26.667
6.53125 26.646
6.54167 25.576
6.55208 26.634
6.56250 29.150
6.57292 29.721
6.58333 29.463
6.59375 24.891
6.60417 25.341
6.61458 25.503
6.62500 26.615
6.63542 27.804
6.64583 26.063
6.65625 28.250
6.66667 29.035
6.67708 26.655
6.68750 27.081
6.69792 28.097
6.70833 28.809
6.71875 28.802
6.72917 28.462
6.73958 29.126
6.75000 26.285
6.76042 26.165
6.77083 28.206
6.78125 28.529
6.79167 26.213
6.80208 25.775
6.81250 26.141
6.82292 27.547
6.83333 29.000
