0.00000 28.667
0.01042 27.192
0.02083 28.628
0.03125 28.217
0.04167 27.911
0.05208 28.841
0.06250 29.892
0.07292 30.067
0.08333 30.462
0.09375 28.804
0.10417 30.078
0.11458 28.053
0.12500 27.928
0.13542 29.140
0.14583 30.668
0.15625 31.727
0.16667 29.962
0.17708 30.128
0.18750 31.725
0.19792 29.829
0.20833 30.374
0.21875 31.648
0.22917 30.121
0.23958 27.200
0.25000 27.383
0.26042 29.334
0.27083 29.153
0.28125 30.677
0.29167 28.582
0.30208 29.680
0.31250 29.326
0.32292 29.456
0.33333 28.715
0.34375 27.696
0.35417 28.711
0.36458 28.735
0.37500 27.451
0.38542 30.030
0.39583 29.637
0.40625 28.693
0.41667 29.616
0.42708 30.718
0.43750 29.545
0.44792 29.771
0.45833 28.741
0.46875 28.499
0.47917 27.307
0.48958 28.746
0.50000 29.840
0.51042 27.945
0.52083 26.974
0.53125 29.739
0.54167 30.726
0.55208 28.567
0.56250 27.020
0.57292 29.803
0.58333 27.577
0.59375 27.389
0.60417 29.418
0.61458 29.990
0.62500 30.783
0.63542 32.066
0.64583 29.640
0.65625 31.458
0.66667 30.360
0.67708 31.247
0.68750 31.190
0.69792 31.934
0.70833 32.273
0.71875 31.920
0.72917 30.621
0.73958 28.528
0.75000 27.278
0.76042 31.177
0.77083 31.520
0.78125 29.900
0.79167 28.477
0.80208 29.870
0.81250 31.971
0.82292 31.589
0.83333 33.796
0.84375 34.934
0.85417 34.454
0.86458 32.589
0.87500 30.643
0.88542 30.647
0.89583 32.601
0.90625 31.328
0.91667 31.377
0.92708 33.247
0.93750 32.192
0.94792 32.530
0.95833 33.720
0.96875 34.608
0.97917 34.778
0.98958 32.388
1.00000 34.827
1.01042 33.767
1.02083 31.881
1.03125 30.577
1.04167 32.848
1.05208 35.100
1.06250 35.148
1.07292 34.545
1.08333 34.638
1.09375 32.175
1.10417 34.436
1.11458 36.181
1.12500 35.114
1.13542 34.217
1.14583 34.059
1.15625 34.054
1.16667 34.323
1.17708 32.946
1.18750 35.211
1.19792 36.000
1.20833 33.603
1.21875 34.086
1.22917 33.942
1.23958 35.627
1.25000 34.965
1.26042 35.368
1.27083 37.179
1.28125 35.734
1.29167 33.104
1.30208 35.512
1.31250 36.256
1.32292 35.290
1.33333 34.446
1.34375 35.220
1.35417 34.343
1.36458 34.443
1.37500 32.546
1.38542 33.379
1.39583 33.787
1.40625 35.470
1.41667 37.098
1.42708 36.565
1.43750 34.973
1.44792 34.716
1.45833 35.741
1.46875 35.829
1.47917 33.885
1.48958 34.424
1.50000 37.537
1.51042 38.142
1.52083 36.407
1.53125 35.324
1.54167 36.979
1.55208 36.459
1.56250 34.384
1.57292 34.840
1.58333 34.948
1.59375 34.371
1.60417 34.148
1.61458 35.087
1.62500 35.277
1.63542 35.405
1.64583 35.570
1.65625 36.083
1.66667 37.698
1.67708 36.973
1.68750 36.763
1.69792 35.236
1.70833 35.828
1.71875 37.023
1.72917 36.286
1.73958 32.249
1.75000 35.491
1.76042 38.344
1.77083 37.610
1.78125 35.414
1.79167 34.912
1.80208 34.365
1.81250 36.299
1.82292 38.185
1.83333 37.002
1.84375 36.532
1.85417 35.009
1.86458 37.097
1.87500 37.029
1.88542 36.042
1.89583 34.526
1.90625 36.958
1.91667 38.000
1.92708 38.105
1.93750 39.001
1.94792 36.910
1.95833 35.555
1.96875 36.595
1.97917 37.596
1.98958 38.017
2.00000 38.469
2.01042 38.896
2.02083 38.470
2.03125 37.698
2.04167 38.481
2.05208 37.649
2.06250 39.155
2.07292 39.757
2.08333 38.043
2.09375 38.192
2.10417 39.181
2.11458 37.913
2.12500 36.869
2.13542 39.127
2.14583 41.290
2.15625 41.880
2.16667 41.220
2.17708 40.987
2.18750 40.467
2.19792 39.855
2.20833 40.437
2.21875 40.943
2.22917 40.142
2.23958 41.453
2.25000 42.276
2.26042 41.878
2.27083 40.055
2.28125 39.665
2.29167 42.481
2.30208 44.441
2.31250 43.300
2.32292 43.906
2.33333 42.606
2.34375 43.609
2.35417 45.281
2.36458 45.530
2.37500 44.675
2.38542 43.586
2.39583 43.667
2.40625 45.256
2.41667 45.233
2.42708 44.655
2.43750 46.635
2.44792 45.746
2.45833 43.307
2.46875 44.364
2.47917 43.774
2.48958 43.503
2.50000 43.463
2.51042 45.761
2.52083 46.011
2.53125 44.423
2.54167 45.284
2.55208 47.168
2.56250 46.972
2.57292 45.823
2.58333 45.778
2.59375 46.393
2.60417 46.054
2.61458 45.597
2.62500 47.120
2.63542 47.133
2.64583 47.153
2.65625 47.728
2.66667 46.519
2.67708 48.879
2.68750 48.740
2.69792 49.674
2.70833 49.326
2.71875 48.737
2.72917 48.467
2.73958 49.183
2.75000 48.501
2.76042 50.674
2.77083 48.267
2.78125 52.642
2.79167 51.548
2.80208 50.495
2.81250 51.498
2.82292 51.233
2.83333 53.611
2.84375 55.152
2.85417 56.096
2.86458 55.576
2.87500 56.107
2.88542 56.232
2.89583 55.953
2.90625 55.867
2.91667 57.086
2.92708 56.738
2.93750 55.994
2.94792 58.666
2.95833 58.880
2.96875 59.330
2.97917 60.538
2.98958 61.181
3.00000 61.328
3.01042 62.985
3.02083 64.450
3.03125 65.300
3.04167 65.332
3.05208 65.386
3.06250 67.825
3.07292 69.135
3.08333 70.989
3.09375 72.159
3.10417 72.841
3.11458 74.773
3.12500 76.016
3.13542 78.548
3.14583 79.530
3.15625 80.111
3.16667 81.423
3.17708 83.072
3.18750 84.461
3.19792 86.666
3.20833 89.168
3.21875 90.914
3.22917 93.712
3.23958 95.472
3.25000 96.561
3.26042 100.240
3.27083 104.479
3.28125 109.062
3.29167 117.181
3.30208 128.297
3.31250 132.815
3.32292 137.110
3.33333 138.555
3.34375 139.078
3.35417 139.920
3.36458 141.106
3.37500 142.497
3.38542 143.635
3.39583 144.904
3.40625 145.307
3.41667 144.761
3.42708 144.674
3.43750 145.423
3.44792 146.185
3.45833 146.668
3.46875 146.767
3.47917 146.661
3.48958 146.935
3.50000 147.732
3.51042 146.784
3.52083 146.871
3.53125 146.400
3.54167 146.363
3.55208 146.747
3.56250 146.942
3.57292 147.299
3.58333 147.568
3.59375 148.000
3.60417 147.510
3.61458 147.342
3.62500 146.104
3.63542 145.848
3.64583 146.465
3.65625 146.814
3.66667 146.402
3.67708 146.114
3.68750 145.952
3.69792 145.331
3.70833 145.170
3.71875 144.475
3.72917 144.684
3.73958 143.841
3.75000 142.246
3.76042 141.600
3.77083 140.945
3.78125 141.003
3.79167 139.296
3.80208 138.156
3.81250 137.436
3.82292 135.852
3.83333 134.787
3.84375 133.217
3.85417 130.432
3.86458 129.482
3.87500 126.071
3.88542 123.428
3.89583 117.445
3.90625 105.064
3.91667 95.449
3.92708 89.744
3.93750 85.265
3.94792 79.896
3.95833 77.078
3.96875 73.768
3.97917 72.295
3.98958 71.194
4.00000 68.905
4.01042 67.241
4.02083 66.061
4.03125 63.227
4.04167 61.771
4.05208 61.820
4.06250 60.201
4.07292 58.800
4.08333 58.629
4.09375 58.626
4.10417 57.221
4.11458 54.836
4.12500 54.990
4.13542 54.451
4.14583 53.186
4.15625 52.441
4.16667 52.497
4.17708 51.887
4.18750 49.790
4.19792 47.496
4.20833 47.747
4.21875 46.970
4.22917 45.734
4.23958 46.795
4.25000 44.884
4.26042 44.169
4.27083 45.149
4.28125 44.567
4.29167 45.572
4.30208 47.848
4.31250 47.787
4.32292 45.384
4.33333 47.255
4.34375 46.483
4.35417 43.875
4.36458 43.701
4.37500 42.802
4.38542 42.201
4.39583 41.806
4.40625 41.037
4.41667 43.303
4.42708 42.568
4.43750 40.446
4.44792 40.118
4.45833 41.438
4.46875 41.814
4.47917 39.575
4.48958 39.860
4.50000 40.136
4.51042 42.464
4.52083 42.142
4.53125 38.627
4.54167 39.887
4.55208 39.827
4.56250 37.812
4.57292 38.523
4.58333 38.676
4.59375 39.080
4.60417 38.087
4.61458 39.710
4.62500 39.203
4.63542 38.432
4.64583 37.660
4.65625 35.942
4.66667 34.983
4.67708 34.552
4.68750 36.640
4.69792 35.746
4.70833 35.019
4.71875 35.533
4.72917 36.919
4.73958 34.037
4.75000 33.991
4.76042 36.617
4.77083 36.877
4.78125 35.823
4.79167 38.000
4.80208 35.536
4.81250 34.298
4.82292 34.554
4.83333 36.173
4.84375 36.087
4.85417 35.497
4.86458 35.012
4.87500 34.395
4.88542 33.411
4.89583 34.469
4.90625 34.725
4.91667 34.172
4.92708 34.971
4.93750 36.689
4.94792 35.153
4.95833 33.535
4.96875 33.486
4.97917 35.854
4.98958 35.065
5.00000 33.393
5.01042 33.467
5.02083 33.500
5.03125 33.107
5.04167 33.270
5.05208 33.267
5.06250 33.247
5.07292 32.631
5.08333 33.135
5.09375 33.447
5.10417 35.281
5.11458 34.178
5.12500 32.006
5.13542 32.290
5.14583 31.363
5.15625 33.231
5.16667 30.893
5.17708 33.019
5.18750 33.821
5.19792 34.165
5.20833 31.155
5.21875 31.098
5.22917 31.562
5.23958 31.879
5.25000 31.325
5.26042 31.890
5.27083 30.747
5.28125 30.677
5.29167 30.229
5.30208 31.023
5.31250 30.506
5.32292 30.514
5.33333 30.839
5.34375 29.612
5.35417 28.847
5.36458 30.603
5.37500 31.278
5.38542 30.293
5.39583 30.822
5.40625 31.214
5.41667 31.910
5.42708 31.135
5.43750 29.223
5.44792 30.204
5.45833 29.643
5.46875 30.356
5.47917 29.371
5.48958 27.381
5.50000 29.280
5.51042 29.827
5.52083 32.497
5.53125 31.355
5.54167 30.579
5.55208 30.008
5.56250 31.401
5.57292 33.003
5.58333 32.591
5.59375 31.561
5.60417 30.120
5.61458 29.696
5.62500 29.573
5.63542 27.972
5.64583 28.791
5.65625 29.225
5.66667 31.878
5.67708 32.265
5.68750 29.812
5.69792 30.106
5.70833 31.598
5.71875 30.943
5.72917 29.839
5.73958 29.916
5.75000 30.227
5.76042 28.140
5.77083 28.438
5.78125 29.907
5.79167 29.448
5.80208 29.270
5.81250 29.099
5.82292 29.413
5.83333 30.122
5.84375 28.448
5.85417 26.034
5.86458 28.088
5.87500 29.592
5.88542 28.428
5.89583 27.260
5.90625 26.830
5.91667 29.634
5.92708 29.905
5.93750 27.957
5.94792 26.840
5.95833 27.580
5.96875 30.634
5.97917 29.258
5.98958 27.333
6.00000 28.136
6.01042 26.595
6.02083 25.663
6.03125 26.984
6.04167 27.238
6.05208 26.389
6.06250 27.160
6.07292 28.038
6.08333 29.528
6.09375 29.664
6.10417 25.657
6.11458 25.961
6.12500 27.213
6.13542 28.182
6.14583 28.437
6.15625 27.847
6.16667 25.542
6.17708 24.155
6.18750 25.630
6.19792 26.189
6.20833 27.098
6.21875 27.424
6.22917 27.973
6.23958 29.623
6.25000 27.720
6.26042 29.655
6.27083 29.068
6.28125 29.003
6.29167 29.491
6.30208 29.496
6.31250 29.182
6.32292 27.651
6.33333 28.185
6.34375 27.362
6.35417 26.282
6.36458 27.069
6.37500 25.308
6.38542 25.070
6.39583 24.517
6.40625 26.252
6.41667 27.485
6.42708 27.755
6.43750 25.271
6.44792 26.421
6.45833 27.902
6.46875 26.907
6.47917 26.279
6.48958 25.641
6.50000 26.173
6.51042 27.783
6.52083 27.034
6.53125 29.723
6.54167 29.332
6.55208 28.129
6.56250 29.369
6.57292 28.436
6.58333 27.918
6.59375 27.082
6.60417 27.940
6.61458 27.822
6.62500 28.802
6.63542 28.383
6.64583 25.792
6.65625 26.966
6.66667 25.960
6.67708 25.563
6.68750 26.971
6.69792 29.086
6.70833 28.493
6.71875 26.597
6.72917 26.453
6.73958 27.299
6.75000 26.774
6.76042 27.884
6.77083 25.459
6.78125 22.121
6.79167 25.427
6.80208 28.485
6.81250 30.761
6.82292 29.039
6.83333 28.159
6.84375 25.249
6.85417 23.594
6.86458 24.995
6.87500 27.257
6.88542 25.528
6.89583 24.971
6.90625 27.256
6.91667 25.142
6.92708 25.625
6.93750 27.380
6.94792 28.053
6.95833 28.256
6.96875 27.847
6.97917 27.733
6.98958 27.052
7.00000 26.429
7.01042 25.397
7.02083 26.372
7.03125 25.994
7.04167 26.025
7.05208 27.797
7.06250 27.988
7.07292 27.442
7.08333 27.290
7.09375 26.211
7.10417 26.706
7.11458 26.484
7.12500 27.788
7.13542 27.708
7.14583 27.476
7.15625 28.980
7.16667 30.559
7.17708 28.687
7.18750 28.333
