0 20.000
1 19.354
2 16.354
3 19.175
4 19.996
5 20.544
6 20.414
7 19.483
8 17.498
9 18.000
10 19.561
11 17.551
12 16.667
13 19.492
14 17.814
15 18.542
16 17.646
17 18.437
18 20.857
19 20.333
20 20.734
21 21.561
22 21.405
23 20.515
24 19.414
25 19.736
26 18.962
27 19.091
28 18.819
29 19.776
30 21.435
31 18.365
32 17.359
33 18.696
34 17.511
35 20.928
36 21.814
37 18.707
38 20.527
39 19.297
40 18.089
41 17.928
42 17.992
43 19.333
44 19.228
45 18.061
46 19.118
47 17.162
48 17.975
49 21.449
50 20.308
51 18.561
52 18.494
53 19.989
54 21.000
55 20.753
56 18.637
57 20.327
58 19.772
59 20.911
60 20.266
61 19.977
62 19.717
63 19.354
64 20.650
65 21.648
66 20.304
67 17.574
68 21.283
69 20.639
70 21.954
71 21.667
72 20.890
73 20.437
74 19.781
75 20.538
76 20.017
77 22.728
78 22.937
79 20.667
80 22.447
81 24.376
82 24.143
83 19.249
84 24.089
85 24.460
86 22.722
87 22.082
88 24.211
89 24.300
90 25.392
91 23.546
92 23.333
93 27.030
94 27.890
95 26.011
96 25.603
97 28.070
98 27.000
99 27.578
100 30.169
101 31.745
102 29.013
103 30.074
104 30.042
105 30.559
106 31.333
107 31.947
108 31.722
109 31.266
110 31.186
111 28.658
112 31.755
113 35.667
114 31.987
115 32.306
116 31.224
117 36.135
118 34.709
119 33.844
120 32.869
121 32.838
122 36.101
123 35.595
124 34.384
125 37.245
126 36.992
127 35.333
128 35.667
129 35.361
130 35.447
131 35.382
132 35.823
133 39.110
134 37.333
135 37.243
136 36.637
137 38.439
138 37.122
139 38.063
140 37.190
141 37.846
142 37.498
143 37.333
144 37.705
145 37.804
146 37.873
147 38.435
148 38.895
149 38.905
150 38.916
151 38.667
152 38.873
153 39.070
154 39.207
155 38.667
156 39.937
157 39.989
158 39.333
159 40.000
160 40.312
161 40.000
162 40.376
163 40.947
164 40.937
165 41.519
166 41.333
167 41.333
168 41.333
169 41.333
170 42.127
171 42.411
172 41.519
173 42.175
174 42.671
175 42.975
176 43.143
177 43.534
178 43.578
179 44.445
180 43.869
181 45.091
182 45.333
183 45.667
184 46.274
185 46.382
186 46.705
187 46.612
188 46.684
189 47.006
190 47.338
191 48.637
192 48.333
193 48.774
194 49.093
195 49.610
196 50.532
197 50.667
198 50.823
199 50.333
200 50.667
201 51.268
202 50.857
203 51.475
204 51.333
205 51.667
206 51.679
207 51.667
208 52.055
209 52.205
210 52.549
211 52.323
212 51.861
213 52.000
214 52.257
215 52.137
216 52.000
217 51.289
218 51.865
219 51.954
220 51.025
221 51.987
222 51.342
223 51.352
224 51.059
225 51.040
226 50.051
227 50.061
228 49.549
229 49.165
230 48.519
231 48.540
232 48.105
233 48.667
234 48.468
235 47.395
236 47.291
237 47.333
238 48.042
239 48.188
240 47.865
241 48.542
242 48.447
243 49.230
244 49.962
245 50.584
246 51.595
247 52.816
248 54.283
249 55.627
250 56.970
251 59.648
252 60.658
253 62.333
254 64.692
255 65.736
256 69.734
257 72.044
258 73.000
259 76.333
260 78.181
261 79.420
262 82.958
263 85.108
264 88.333
265 89.924
266 92.333
267 95.667
268 97.333
269 98.992
270 103.848
271 105.667
272 108.738
273 110.880
274 112.333
275 117.333
276 120.000
277 126.000
278 129.797
279 133.114
280 137.000
281 138.928
282 140.667
283 143.681
284 145.667
285 151.044
286 154.169
287 159.886
288 168.819
289 170.000
290 170.000
291 170.000
292 170.000
293 170.000
294 170.000
295 170.000
296 170.000
297 170.000
298 170.000
299 170.000
300 170.000
301 170.000
302 170.000
303 170.000
304 170.000
305 170.000
306 170.000
307 170.000
308 170.000
309 170.000
310 170.000
311 170.000
312 170.000
313 170.000
314 170.000
315 170.000
316 170.000
317 170.000
318 170.000
319 170.000
320 170.000
321 170.000
322 170.000
323 170.000
324 170.000
325 170.000
326 170.000
327 170.000
328 170.000
329 170.000
330 170.000
331 170.000
332 170.000
333 170.000
334 170.000
335 170.000
336 170.000
337 170.000
338 170.000
339 170.000
340 170.000
341 170.000
342 170.000
343 169.667
344 166.257
345 162.000
346 155.717
347 154.340
348 151.667
349 150.348
350 149.308
351 147.000
352 146.241
353 145.276
354 143.266
355 142.000
356 140.489
357 139.802
358 138.890
359 137.426
360 136.869
361 135.667
362 135.030
363 134.162
364 132.827
365 130.966
366 129.806
367 127.076
368 125.549
369 122.774
370 121.764
371 120.087
372 117.819
373 117.065
374 116.333
375 114.245
376 113.300
377 111.000
378 110.937
379 109.996
380 108.333
381 107.686
382 105.392
383 104.960
384 104.101
385 102.789
386 102.405
387 101.165
388 100.333
389 99.667
390 98.333
391 97.000
392 97.063
393 96.000
394 95.333
395 94.667
396 93.312
397 93.000
398 90.802
399 90.916
400 90.553
401 89.793
402 89.333
403 88.333
404 86.738
405 86.939
406 86.051
407 85.333
408 85.363
409 84.333
410 83.658
411 82.662
412 82.346
413 82.023
414 81.000
415 80.667
416 80.612
417 79.667
418 79.667
419 78.173
420 78.000
421 77.774
422 76.688
423 76.667
424 76.333
425 75.517
426 75.333
427 74.496
428 74.152
429 73.808
430 73.203
431 72.667
432 71.890
433 71.333
434 71.333
435 70.922
436 70.198
437 70.496
438 69.907
439 69.559
440 69.000
441 69.000
442 68.329
443 67.346
444 67.350
445 66.722
446 66.705
447 66.951
448 65.882
449 65.000
450 64.920
451 65.000
452 64.797
453 63.667
454 63.789
455 63.867
456 63.143
457 62.821
458 62.000
459 62.333
460 62.186
461 61.667
462 61.253
463 60.899
464 60.878
465 60.333
466 60.000
467 60.000
468 60.207
469 59.614
470 59.333
471 58.428
472 58.333
473 58.979
474 58.333
475 58.323
476 58.333
477 58.032
478 58.333
479 57.667
480 57.063
481 57.074
482 56.249
483 56.333
484 55.544
485 55.899
486 55.620
487 55.333
488 55.333
489 55.017
490 54.494
491 54.821
492 55.190
493 54.667
494 54.333
495 54.000
496 53.899
497 53.576
498 53.506
499 53.403
500 52.667
501 53.049
502 53.000
503 52.361
504 52.034
505 51.679
506 51.667
507 51.985
508 51.308
509 51.703
510 51.287
511 51.610
512 51.532
513 50.766
514 50.578
515 50.135
516 49.776
517 49.454
518 49.726
519 49.475
520 49.304
521 49.504
522 48.667
523 48.333
524 48.333
525 47.871
526 48.000
527 47.323
528 47.097
529 47.000
530 45.819
531 45.595
532 45.000
533 44.800
534 44.068
535 43.403
536 43.359
537 43.000
538 42.017
539 41.686
540 41.667
541 41.414
542 40.949
543 41.333
544 39.405
545 38.918
546 38.186
547 37.850
548 37.105
549 36.916
550 35.802
551 37.146
552 37.958
553 37.167
554 35.624
555 34.854
556 37.072
557 35.418
558 35.430
559 33.897
560 34.852
561 32.502
562 31.025
563 32.395
564 27.354
565 32.880
566 33.030
567 31.981
568 32.709
569 32.329
570 30.346
571 32.574
572 30.468
573 31.044
574 27.004
575 27.732
576 25.122
577 26.272
578 26.236
579 23.882
580 24.633
581 24.000
582 24.751
583 22.715
584 24.814
585 26.325
586 24.363
587 24.112
588 26.608
589 25.825
590 23.354
591 23.568
592 21.312
593 22.156
594 21.671
595 19.943
596 20.435
597 21.892
598 23.747
599 21.838
600 21.987
601 24.314
602 22.034
603 20.918
604 22.076
605 19.770
606 20.747
607 21.667
608 21.840
609 21.757
610 22.304
611 21.667
612 22.810
613 23.068
614 22.857
615 21.000
616 22.000
617 21.367
618 21.371
619 22.686
620 22.759
621 22.348
622 23.194
623 23.810
624 20.755
625 21.000
626 22.506
627 22.000
628 19.629
629 21.492
630 21.021
631 19.958
632 20.333
