0 20.333
1 19.015
2 19.683
3 20.510
4 20.170
5 17.633
6 18.428
7 19.998
8 19.912
9 20.818
10 19.739
11 19.557
12 20.465
13 19.623
14 20.496
15 21.609
16 21.785
17 20.638
18 18.891
19 17.804
20 19.198
21 18.624
22 17.331
23 17.740
24 20.304
25 22.568
26 22.429
27 19.856
28 18.062
29 19.986
30 20.891
31 20.475
32 19.531
33 20.367
34 21.296
35 20.443
36 19.178
37 21.027
38 22.792
39 21.152
40 20.901
41 21.227
42 19.070
43 18.363
44 18.713
45 17.923
46 19.818
47 18.554
48 18.578
49 20.922
50 21.543
51 20.122
52 18.630
53 19.032
54 20.330
55 18.465
56 16.625
57 17.587
58 18.723
59 18.630
60 18.950
61 20.310
62 19.704
63 19.150
64 19.412
65 19.280
66 17.813
67 16.925
68 16.323
69 19.196
70 20.493
71 19.125
72 17.917
73 19.069
74 17.200
75 19.634
76 19.535
77 19.446
78 22.486
79 21.784
80 21.483
81 19.088
82 18.515
83 19.777
84 18.190
85 17.297
86 16.036
87 18.045
88 18.229
89 19.577
90 20.738
91 19.846
92 20.742
93 19.752
94 18.660
95 19.271
96 18.399
97 20.240
98 18.575
99 17.535
100 18.190
101 20.133
102 20.560
103 20.328
104 21.271
105 21.600
106 21.278
107 18.638
108 20.313
109 20.444
110 22.154
111 20.445
112 18.159
113 20.738
114 22.107
115 22.955
116 21.936
117 21.399
118 21.029
119 21.574
120 20.903
121 18.384
122 18.856
123 20.501
124 18.825
125 18.739
126 18.919
127 18.494
128 18.895
129 17.667
130 18.360
131 19.904
132 19.357
133 18.989
134 20.203
135 19.707
136 18.483
137 18.530
138 18.286
139 18.840
140 20.143
141 18.313
142 18.095
143 18.488
144 19.436
145 18.380
146 17.278
147 18.663
148 19.521
149 19.730
150 18.604
151 19.619
152 20.145
153 22.323
154 20.617
155 18.094
156 18.162
157 17.915
158 17.305
159 17.966
160 17.485
161 17.812
162 17.910
163 19.989
164 22.491
165 21.136
166 19.982
167 19.112
168 19.059
169 19.536
170 19.995
171 19.583
172 19.069
173 18.000
174 20.541
175 21.092
176 21.147
177 22.655
178 24.201
179 21.289
180 19.276
181 21.010
182 21.185
183 22.551
184 23.218
185 22.705
186 22.355
187 23.761
188 25.688
189 26.143
190 23.869
191 24.078
192 23.756
193 24.400
194 23.437
195 26.868
196 27.796
197 25.821
198 26.348
199 29.668
200 29.572
201 28.531
202 25.609
203 27.476
204 30.029
205 29.866
206 29.237
207 28.741
208 29.599
209 31.688
210 32.637
211 31.975
212 31.793
213 31.294
214 31.449
215 33.886
216 32.702
217 32.397
218 33.651
219 34.890
220 36.502
221 35.710
222 33.134
223 32.338
224 33.195
225 33.035
226 33.252
227 34.904
228 35.133
229 35.137
230 36.699
231 36.453
232 36.268
233 36.017
234 34.960
235 35.324
236 36.415
237 35.951
238 37.371
239 36.682
240 37.283
241 36.607
242 36.141
243 37.108
244 37.503
245 37.124
246 37.179
247 37.317
248 37.672
249 38.017
250 37.983
251 38.103
252 38.453
253 38.684
254 38.538
255 38.807
256 39.113
257 38.719
258 39.071
259 39.613
260 39.395
261 39.681
262 39.858
263 39.909
264 40.112
265 40.676
266 40.997
267 41.120
268 41.295
269 41.166
270 41.400
271 41.667
272 41.895
273 41.882
274 42.464
275 42.749
276 42.608
277 42.384
278 43.344
279 43.988
280 43.575
281 43.347
282 43.576
283 43.690
284 43.534
285 43.429
286 44.796
287 45.115
288 44.787
289 45.733
290 46.070
291 45.989
292 45.942
293 45.793
294 47.030
295 47.667
296 47.714
297 47.988
298 47.877
299 48.215
300 48.767
301 48.693
302 49.897
303 50.967
304 51.211
305 51.366
306 52.143
307 52.261
308 52.280
309 52.758
310 53.570
311 54.400
312 54.437
313 54.670
314 55.278
315 56.170
316 56.766
317 56.747
318 57.434
319 58.568
320 59.306
321 59.614
322 60.948
323 61.244
324 61.497
325 62.088
326 63.308
327 63.818
328 64.413
329 65.294
330 66.192
331 66.820
332 67.552
333 68.154
334 68.788
335 69.476
336 70.532
337 71.471
338 72.289
339 73.377
340 73.930
341 74.581
342 75.362
343 76.282
344 77.511
345 78.423
346 79.272
347 79.240
348 80.523
349 81.433
350 82.230
351 83.445
352 84.171
353 84.760
354 85.536
355 87.036
356 87.542
357 88.254
358 89.456
359 90.327
360 91.487
361 92.064
362 93.548
363 95.117
364 96.471
365 97.878
366 99.092
367 101.398
368 103.517
369 105.270
370 108.163
371 111.520
372 113.149
373 115.396
374 120.215
375 129.071
376 134.811
377 138.945
378 143.520
379 148.722
380 153.825
381 159.969
382 165.033
383 168.765
384 169.909
385 170.000
386 170.000
387 170.000
388 170.000
389 170.000
390 170.000
391 170.000
392 170.000
393 170.000
394 170.000
395 170.000
396 170.000
397 170.000
398 170.000
399 170.000
400 170.000
401 170.000
402 170.000
403 170.000
404 170.000
405 170.000
406 170.000
407 170.000
408 170.000
409 170.000
410 170.000
411 170.000
412 170.000
413 170.000
414 170.000
415 170.000
416 170.000
417 170.000
418 170.000
419 170.000
420 170.000
421 170.000
422 170.000
423 170.000
424 170.000
425 170.000
426 170.000
427 170.000
428 170.000
429 170.000
430 170.000
431 170.000
432 170.000
433 170.000
434 170.000
435 170.000
436 170.000
437 170.000
438 169.933
439 168.970
440 166.425
441 162.617
442 157.360
443 151.801
444 147.860
445 146.065
446 144.466
447 142.170
448 140.909
449 140.008
450 139.102
451 138.166
452 136.944
453 136.221
454 135.148
455 134.695
456 133.387
457 132.333
458 130.942
459 128.394
460 127.203
461 126.337
462 124.317
463 122.792
464 120.551
465 119.579
466 118.232
467 116.714
468 115.448
469 114.372
470 113.822
471 111.085
472 109.789
473 109.195
474 109.014
475 107.851
476 106.495
477 105.401
478 104.285
479 102.909
480 102.268
481 101.345
482 100.637
483 99.726
484 98.692
485 97.870
486 97.050
487 96.615
488 95.929
489 95.134
490 94.220
491 93.532
492 92.779
493 92.004
494 91.532
495 91.216
496 90.238
497 89.971
498 89.214
499 88.359
500 88.022
501 87.837
502 86.871
503 85.826
504 85.519
505 85.251
506 84.745
507 84.207
508 84.019
509 83.188
510 82.320
511 81.483
512 81.207
513 80.761
514 80.386
515 80.159
516 79.983
517 79.455
518 78.743
519 77.687
520 77.457
521 77.215
522 77.181
523 76.653
524 76.081
525 76.299
526 75.987
527 75.676
528 74.542
529 74.436
530 74.194
531 73.567
532 73.495
533 73.299
534 72.606
535 72.087
536 71.535
537 70.807
538 70.702
539 70.648
540 70.138
541 69.708
542 69.667
543 69.041
544 68.853
545 69.012
546 68.502
547 68.333
548 68.209
549 67.681
550 67.424
551 67.191
552 66.823
553 66.605
554 66.176
555 65.673
556 65.368
557 65.336
558 65.215
559 64.947
560 64.496
561 64.312
562 64.056
563 64.110
564 63.683
565 63.278
566 62.991
567 62.848
568 62.551
569 61.963
570 62.181
571 61.405
572 61.384
573 61.724
574 61.419
575 60.741
576 60.447
577 60.389
578 60.504
579 59.955
580 59.814
581 59.667
582 59.583
583 58.958
584 58.615
585 58.362
586 58.580
587 58.406
588 57.992
589 57.768
590 57.651
591 57.138
592 57.000
593 57.103
594 57.278
595 56.095
596 55.808
597 55.692
598 55.297
599 54.913
600 54.886
601 54.890
602 54.820
603 54.407
604 53.466
605 53.029
606 52.958
607 52.556
608 52.038
609 51.747
610 51.540
611 50.991
612 50.389
613 49.931
614 49.185
615 48.460
616 48.252
617 48.172
618 47.748
619 47.176
620 45.823
621 45.667
622 45.513
623 45.296
624 43.941
625 43.409
626 43.077
627 42.289
628 41.694
629 41.160
630 40.761
631 39.901
632 38.060
633 37.512
634 37.359
635 37.021
636 35.793
637 35.495
638 34.683
639 34.031
640 34.365
641 32.590
642 32.296
643 33.892
644 31.781
645 31.725
646 30.059
647 29.444
648 28.544
649 31.519
650 30.825
651 29.526
652 30.237
653 29.486
654 29.361
655 27.769
656 25.858
657 24.331
658 26.029
659 25.915
660 27.973
661 24.886
662 24.646
663 24.803
664 25.837
665 26.369
666 26.440
667 24.082
668 24.082
669 22.713
670 21.758
671 22.119
672 22.709
673 20.419
674 19.940
675 19.902
676 22.053
677 23.553
678 21.555
679 21.819
680 21.597
681 21.522
682 21.657
683 21.668
684 22.133
685 21.014
686 22.258
687 20.824
688 20.162
689 21.777
690 21.628
691 19.558
692 18.993
693 21.091
694 20.894
695 18.100
696 19.978
697 23.109
698 23.876
699 21.550
700 20.678
701 21.758
702 22.378
703 21.126
704 21.854
705 20.583
706 21.752
707 20.443
708 19.627
709 18.110
710 19.197
711 20.698
712 19.119
713 20.156
714 21.533
715 19.679
716 19.553
717 18.849
718 20.921
719 22.161
720 21.381
721 19.108
722 18.994
723 19.665
724 21.007
725 21.097
726 21.231
727 22.390
728 22.810
729 21.222
730 20.576
731 21.093
732 20.369
733 21.626
734 22.498
735 20.991
736 21.284
737 21.207
738 21.631
739 19.901
740 20.122
741 22.167
742 23.280
743 22.974
744 22.120
745 20.615
746 21.082
747 22.792
748 21.908
749 21.145
750 19.380
751 19.696
752 19.754
753 19.820
754 19.414
755 18.303
756 19.506
757 19.880
758 20.951
759 21.057
760 18.040
761 18.414
762 21.340
763 22.120
764 19.048
765 20.316
766 20.858
767 20.911
768 19.847
769 20.424
770 19.186
771 17.976
772 19.864
773 21.024
774 20.713
775 20.052
776 19.283
777 20.611
778 22.474
779 20.917
780 21.409
781 22.912
782 22.339
783 21.582
784 20.421
785 20.700
786 20.381
787 20.477
788 20.347
789 22.290
790 20.427
791 19.543
792 20.908
793 20.387
794 19.987
795 19.113
796 20.317
797 19.565
798 18.154
799 17.523
800 20.320
801 22.744
802 20.672
803 19.674
804 18.655
805 17.453
806 8.736
807 0.000
808 0.000
809 0.000
810 0.000
811 0.000
812 0.000
813 0.000
