0 23.000
1 19.683
2 20.229
3 19.137
4 19.691
5 18.809
6 19.917
7 20.723
8 20.610
9 20.955
10 21.115
11 20.562
12 20.638
13 20.665
14 18.423
15 18.072
16 17.820
17 18.513
18 19.263
19 18.824
20 18.696
21 19.530
22 21.329
23 19.824
24 19.149
25 21.520
26 21.530
27 20.720
28 21.473
29 20.135
30 19.326
31 19.896
32 19.875
33 20.626
34 21.541
35 20.946
36 21.756
37 21.204
38 22.194
39 21.455
40 20.839
41 22.361
42 23.783
43 21.283
44 22.948
45 21.050
46 20.381
47 19.925
48 21.291
49 23.518
50 22.394
51 22.064
52 23.756
53 23.098
54 25.143
55 25.557
56 23.961
57 22.472
58 22.788
59 22.383
60 22.397
61 23.591
62 23.672
63 23.347
64 25.030
65 26.464
66 24.657
67 25.214
68 27.278
69 27.081
70 25.669
71 24.344
72 23.941
73 23.788
74 25.866
75 27.635
76 27.060
77 26.489
78 26.748
79 26.061
80 27.004
81 29.119
82 28.947
83 29.500
84 30.928
85 29.663
86 28.082
87 27.229
88 30.282
89 27.619
90 28.646
91 28.976
92 29.636
93 32.724
94 33.626
95 32.047
96 30.970
97 30.896
98 32.363
99 31.417
100 31.692
101 33.363
102 30.816
103 31.429
104 33.105
105 33.209
106 30.784
107 29.597
108 31.017
109 31.872
110 31.993
111 32.295
112 32.496
113 32.788
114 33.026
115 33.095
116 32.765
117 33.574
118 34.708
119 32.658
120 30.961
121 32.886
122 32.350
123 33.393
124 34.697
125 32.248
126 32.160
127 32.657
128 33.581
129 32.656
130 33.126
131 33.839
132 31.571
133 33.384
134 33.628
135 34.078
136 32.314
137 32.593
138 33.783
139 32.844
140 32.253
141 31.640
142 33.167
143 32.106
144 31.718
145 33.360
146 32.418
147 32.419
148 32.238
149 32.521
150 32.777
151 33.439
152 34.341
153 33.933
154 34.507
155 34.524
156 34.388
157 35.860
158 35.324
159 34.521
160 34.974
161 36.277
162 36.488
163 35.560
164 36.298
165 37.009
166 37.364
167 36.806
168 36.952
169 37.421
170 36.489
171 37.118
172 37.785
173 38.024
174 38.708
175 38.956
176 40.245
177 40.868
178 40.348
179 40.604
180 41.533
181 40.952
182 41.622
183 41.676
184 41.983
185 42.860
186 43.556
187 44.433
188 45.208
189 46.045
190 46.140
191 45.942
192 46.570
193 47.300
194 47.291
195 48.031
196 48.898
197 49.586
198 50.745
199 51.440
200 51.411
201 51.575
202 52.234
203 52.630
204 52.882
205 53.486
206 54.241
207 54.855
208 55.599
209 56.445
210 56.750
211 57.686
212 58.523
213 58.917
214 60.087
215 60.906
216 61.635
217 62.677
218 63.481
219 64.325
220 64.746
221 65.847
222 66.635
223 67.062
224 68.481
225 69.588
226 70.249
227 72.469
228 72.739
229 73.931
230 74.824
231 75.730
232 77.135
233 78.133
234 79.022
235 80.776
236 81.723
237 82.587
238 84.016
239 85.100
240 86.512
241 88.183
242 89.498
243 90.687
244 91.384
245 92.993
246 95.131
247 96.779
248 98.435
249 100.108
250 101.948
251 103.910
252 105.346
253 106.907
254 109.438
255 111.509
256 112.948
257 116.095
258 118.007
259 121.524
260 124.003
261 126.092
262 129.428
263 131.295
264 135.540
265 137.905
266 141.247
267 149.501
268 155.058
269 160.020
270 165.326
271 168.583
272 169.835
273 170.000
274 170.000
275 170.000
276 170.000
277 170.000
278 170.000
279 170.000
280 170.000
281 170.000
282 170.000
283 170.000
284 170.000
285 170.000
286 170.000
287 170.000
288 170.000
289 170.000
290 170.000
291 170.000
292 170.000
293 170.000
294 170.000
295 170.000
296 170.000
297 170.000
298 170.000
299 170.000
300 170.000
301 170.000
302 170.000
303 170.000
304 170.000
305 170.000
306 170.000
307 170.000
308 170.000
309 170.000
310 170.000
311 170.000
312 170.000
313 170.000
314 170.000
315 170.000
316 170.000
317 170.000
318 170.000
319 170.000
320 170.000
321 170.000
322 170.000
323 170.000
324 170.000
325 170.000
326 169.282
327 168.216
328 165.610
329 161.482
330 157.487
331 152.330
332 147.282
333 144.850
334 142.452
335 140.143
336 138.999
337 137.046
338 135.988
339 134.804
340 133.709
341 132.231
342 129.924
343 127.516
344 125.270
345 122.152
346 120.660
347 119.478
348 116.936
349 115.786
350 114.018
351 112.377
352 111.160
353 108.507
354 106.797
355 105.339
356 104.082
357 102.965
358 101.038
359 99.529
360 98.778
361 97.336
362 95.973
363 95.156
364 93.669
365 92.534
366 91.192
367 89.768
368 88.695
369 87.402
370 86.407
371 85.598
372 84.638
373 84.032
374 83.237
375 81.864
376 80.855
377 80.110
378 79.125
379 78.780
380 77.916
381 76.879
382 75.602
383 74.322
384 73.678
385 72.604
386 72.135
387 71.008
388 70.572
389 69.770
390 69.637
391 68.640
392 68.048
393 66.893
394 66.130
395 65.975
396 65.053
397 64.723
398 64.377
399 63.871
400 64.155
401 63.731
402 63.323
403 62.904
404 62.458
405 61.748
406 61.113
407 60.651
408 60.530
409 60.402
410 60.333
411 60.134
412 59.779
413 59.564
414 59.262
415 58.956
416 58.957
417 58.596
418 58.016
419 57.856
420 57.735
421 57.176
422 56.842
423 56.297
424 55.789
425 55.774
426 55.896
427 55.511
428 55.303
429 54.652
430 54.287
431 54.126
432 54.133
433 54.007
434 53.961
435 53.327
436 53.048
437 52.667
438 52.716
439 52.265
440 52.132
441 51.848
442 51.189
443 51.023
444 50.959
445 51.051
446 50.725
447 50.615
448 50.162
449 49.772
450 49.840
451 49.251
452 49.052
453 49.178
454 48.950
455 48.740
456 48.854
457 48.826
458 48.806
459 48.537
460 48.080
461 47.599
462 47.499
463 47.684
464 47.507
465 47.233
466 46.929
467 47.112
468 46.585
469 46.528
470 46.056
471 45.927
472 45.544
473 45.209
474 44.680
475 44.293
476 44.394
477 44.674
478 43.627
479 43.015
480 43.601
481 43.059
482 42.681
483 42.293
484 42.625
485 41.473
486 41.201
487 40.696
488 40.694
489 39.661
490 39.660
491 39.972
492 38.408
493 37.920
494 37.761
495 36.751
496 36.157
497 36.333
498 35.203
499 34.118
500 34.188
501 33.984
502 33.138
503 32.818
504 33.048
505 34.455
506 34.221
507 32.296
508 32.113
509 31.546
510 30.643
511 30.407
512 29.582
513 30.096
514 31.168
515 29.375
516 28.455
517 28.288
518 30.839
519 29.464
520 27.561
521 27.705
522 27.294
523 25.968
524 27.156
525 24.130
526 22.420
527 25.153
528 25.329
529 25.840
530 23.078
531 24.695
532 24.964
533 24.551
534 24.341
535 23.104
536 21.748
537 22.229
538 21.468
539 20.833
540 19.272
541 20.718
542 23.332
543 23.461
544 22.928
545 21.606
546 20.619
547 19.752
548 18.461
549 18.945
550 20.550
551 20.894
552 20.716
553 19.623
554 19.354
555 21.387
556 20.484
557 20.499
558 20.993
559 20.316
560 20.206
561 21.483
562 21.015
563 15.350
564 0.000
565 0.000
566 0.000
567 0.000
568 0.000
