0 23.000
1 19.399
2 18.265
3 19.470
4 21.420
5 21.065
6 22.971
7 23.500
8 22.084
9 19.637
10 20.246
11 21.524
12 22.309
13 19.373
14 18.916
15 20.461
16 19.621
17 21.444
18 23.112
19 21.444
20 19.121
21 19.565
22 22.615
23 21.636
24 20.569
25 19.868
26 18.563
27 20.737
28 20.196
29 19.856
30 19.513
31 19.528
32 17.805
33 19.153
34 20.676
35 21.300
36 22.209
37 21.879
38 21.668
39 22.122
40 22.218
41 20.058
42 17.747
43 20.543
44 22.365
45 21.214
46 19.316
47 21.889
48 22.766
49 22.038
50 22.180
51 22.493
52 19.056
53 18.813
54 19.821
55 20.994
56 20.674
57 19.301
58 19.217
59 21.240
60 22.743
61 20.997
62 19.025
63 21.342
64 21.597
65 20.786
66 21.204
67 21.216
68 19.381
69 19.924
70 22.770
71 24.148
72 23.664
73 21.306
74 21.285
75 21.484
76 21.157
77 20.463
78 21.039
79 20.325
80 20.783
81 22.484
82 23.797
83 23.118
84 22.497
85 20.757
86 21.942
87 23.499
88 25.587
89 23.994
90 23.381
91 24.758
92 24.465
93 22.991
94 23.298
95 25.457
96 25.663
97 25.484
98 24.644
99 26.628
100 25.557
101 23.697
102 22.017
103 25.840
104 26.004
105 25.471
106 25.450
107 27.048
108 30.252
109 29.067
110 28.387
111 27.617
112 27.703
113 28.506
114 29.486
115 30.215
116 29.401
117 30.476
118 30.239
119 31.405
120 32.873
121 31.973
122 31.738
123 34.352
124 35.391
125 35.236
126 35.697
127 35.960
128 36.154
129 37.031
130 37.804
131 38.569
132 39.013
133 39.393
134 40.325
135 40.731
136 41.296
137 41.788
138 42.439
139 43.109
140 43.912
141 44.604
142 44.877
143 45.348
144 46.085
145 46.790
146 47.027
147 47.684
148 47.971
149 48.333
150 48.831
151 49.183
152 49.825
153 50.570
154 51.401
155 51.330
156 51.645
157 52.107
158 52.168
159 52.452
160 53.675
161 53.986
162 53.858
163 53.797
164 54.430
165 54.610
166 55.051
167 55.430
168 55.524
169 55.203
170 55.760
171 56.201
172 56.507
173 56.398
174 56.417
175 56.465
176 56.851
177 57.156
178 57.599
179 57.973
180 58.382
181 58.576
182 58.360
183 58.282
184 58.125
185 58.855
186 59.375
187 59.740
188 59.862
189 59.919
190 59.495
191 59.979
192 60.502
193 60.588
194 61.122
195 61.510
196 61.688
197 62.133
198 62.232
199 62.178
200 62.975
201 62.514
202 63.299
203 63.914
204 64.199
205 64.325
206 64.968
207 65.147
208 65.264
209 65.526
210 65.908
211 65.685
212 66.506
213 66.964
214 66.767
215 66.921
216 67.638
217 67.739
218 68.112
219 68.553
220 68.550
221 68.945
222 69.691
223 69.714
224 69.846
225 69.899
226 70.626
227 71.080
228 71.853
229 71.924
230 72.282
231 72.688
232 73.130
233 73.441
234 74.024
235 74.488
236 74.750
237 74.957
238 75.225
239 75.359
240 75.860
241 76.269
242 76.559
243 77.434
244 77.761
245 78.349
246 78.495
247 78.773
248 79.721
249 80.178
250 80.447
251 80.845
252 81.850
253 81.961
254 82.374
255 82.892
256 83.154
257 83.486
258 84.194
259 84.677
260 85.419
261 86.434
262 86.737
263 87.417
264 87.746
265 88.131
266 88.632
267 89.074
268 89.599
269 90.073
270 90.505
271 91.021
272 92.127
273 93.263
274 93.876
275 94.745
276 95.352
277 96.117
278 97.320
279 98.194
280 99.268
281 100.307
282 100.704
283 100.972
284 102.323
285 103.791
286 104.521
287 105.148
288 106.539
289 107.166
290 108.638
291 110.034
292 110.711
293 111.180
294 112.431
295 114.129
296 115.225
297 116.270
298 118.370
299 119.811
300 120.898
301 122.147
302 123.006
303 124.522
304 126.852
305 128.100
306 129.523
307 131.107
308 132.944
309 134.272
310 134.843
311 135.799
312 136.624
313 137.359
314 138.258
315 138.992
316 140.217
317 141.531
318 142.491
319 143.595
320 146.222
321 148.820
322 151.480
323 154.476
324 160.737
325 165.763
326 169.165
327 170.000
328 170.000
329 170.000
330 170.000
331 170.000
332 170.000
333 170.000
334 170.000
335 170.000
336 170.000
337 170.000
338 170.000
339 170.000
340 170.000
341 170.000
342 170.000
343 170.000
344 170.000
345 170.000
346 170.000
347 170.000
348 170.000
349 170.000
350 170.000
351 170.000
352 170.000
353 170.000
354 170.000
355 170.000
356 170.000
357 170.000
358 170.000
359 170.000
360 170.000
361 170.000
362 170.000
363 170.000
364 170.000
365 170.000
366 170.000
367 170.000
368 170.000
369 170.000
370 170.000
371 170.000
372 170.000
373 170.000
374 170.000
375 170.000
376 170.000
377 170.000
378 170.000
379 170.000
380 170.000
381 170.000
382 167.279
383 161.746
384 153.890
385 144.826
386 142.110
387 139.368
388 134.719
389 129.446
390 125.955
391 121.551
392 116.534
393 113.514
394 111.178
395 108.555
396 106.576
397 105.221
398 103.064
399 101.249
400 100.573
401 99.124
402 97.143
403 95.889
404 94.459
405 92.488
406 91.999
407 91.380
408 90.125
409 88.483
410 87.119
411 85.664
412 84.780
413 83.448
414 82.526
415 80.862
416 79.787
417 79.172
418 78.089
419 77.005
420 75.864
421 74.142
422 73.422
423 72.473
424 71.028
425 69.560
426 68.982
427 68.985
428 67.219
429 66.212
430 65.355
431 64.007
432 63.665
433 63.401
434 62.742
435 61.404
436 61.129
437 60.648
438 59.115
439 58.623
440 57.856
441 56.811
442 56.076
443 55.696
444 54.962
445 54.945
446 54.615
447 53.075
448 52.759
449 52.457
450 51.921
451 51.351
452 51.399
453 50.878
454 50.136
455 49.789
456 49.171
457 48.634
458 47.993
459 47.635
460 46.790
461 46.584
462 46.492
463 45.855
464 45.467
465 45.655
466 45.058
467 44.706
468 44.473
469 43.977
470 43.187
471 42.898
472 42.642
473 42.917
474 42.295
475 42.073
476 41.737
477 40.674
478 40.885
479 40.243
480 40.213
481 40.194
482 39.964
483 39.380
484 39.307
485 38.999
486 38.882
487 38.391
488 38.406
489 38.462
490 38.030
491 37.810
492 37.695
493 37.711
494 37.444
495 37.451
496 37.190
497 36.931
498 36.097
499 37.216
500 36.299
501 35.674
502 35.101
503 34.337
504 34.389
505 34.312
506 34.087
507 34.407
508 35.297
509 33.676
510 33.952
511 33.536
512 33.794
513 34.347
514 34.652
515 33.888
516 32.473
517 31.969
518 32.919
519 35.537
520 32.551
521 31.803
522 32.817
523 34.984
524 33.113
525 32.961
526 32.972
527 31.542
528 31.665
529 31.380
530 32.454
531 31.202
532 31.038
533 32.147
534 30.257
535 32.389
536 33.107
537 32.444
538 30.527
539 29.215
540 30.603
541 29.462
542 28.486
543 28.883
544 30.999
545 30.264
546 29.126
547 29.381
548 30.530
549 30.554
550 30.638
551 29.781
552 30.184
553 29.153
554 28.056
555 25.344
556 27.477
557 26.686
558 25.514
559 23.996
560 26.137
561 26.760
562 24.804
563 23.565
564 23.543
565 24.111
566 24.381
567 24.521
568 25.111
569 25.451
570 23.537
571 21.592
572 23.769
573 23.741
574 22.446
575 18.183
576 20.141
577 22.520
578 22.603
579 21.751
580 21.146
581 20.832
582 19.897
583 19.922
584 20.426
585 18.323
586 15.011
587 19.288
588 21.163
589 20.419
590 20.017
591 19.186
592 19.765
593 19.429
594 19.115
595 19.154
596 22.487
597 21.447
598 19.691
599 19.126
600 18.853
601 17.980
602 17.710
603 18.599
604 20.050
605 20.626
606 18.712
607 19.123
608 18.704
609 18.460
610 18.567
611 20.567
612 20.824
613 19.483
614 19.828
615 19.587
616 19.919
617 20.785
618 19.877
619 18.864
620 18.783
621 17.591
622 18.898
623 20.162
624 19.910
625 18.159
626 17.559
627 17.559
628 19.124
629 18.809
630 17.777
631 18.783
632 20.121
633 19.005
634 18.893
635 19.647
636 20.871
637 20.647
638 20.284
639 20.117
640 19.227
641 19.989
642 18.279
643 19.388
644 21.370
645 21.555
646 20.988
647 20.711
648 20.810
649 21.232
650 20.054
651 19.524
652 19.014
653 20.316
654 19.936
655 19.509
656 18.618
657 17.953
658 17.631
659 17.133
660 17.519
661 16.198
662 16.387
663 16.231
664 18.386
665 17.632
666 19.305
667 20.117
668 20.769
669 19.671
670 18.960
671 19.982
672 21.542
673 17.629
674 17.211
675 17.752
676 18.251
677 17.377
678 15.769
679 17.671
680 17.632
681 18.868
682 19.087
683 19.175
684 19.474
685 19.540
686 18.211
687 17.729
688 20.818
689 20.399
690 18.386
691 19.067
692 22.141
693 21.825
694 20.282
695 17.922
696 17.388
697 18.557
698 18.521
699 16.412
700 17.388
701 18.619
702 21.094
703 22.184
704 21.794
705 19.186
706 19.503
707 19.125
708 21.245
709 21.333
