0 18.667
1 20.606
2 23.006
3 23.841
4 20.211
5 17.899
6 19.740
7 22.002
8 23.407
9 19.707
10 18.852
11 19.593
12 22.645
13 22.713
14 21.605
15 19.805
16 20.690
17 21.989
18 22.212
19 22.577
20 20.940
21 21.959
22 21.832
23 22.336
24 22.355
25 20.805
26 17.443
27 21.270
28 24.640
29 24.920
30 22.899
31 19.529
32 20.518
33 21.784
34 20.270
35 19.667
36 20.426
37 23.973
38 24.056
39 21.951
40 21.205
41 22.907
42 23.324
43 23.490
44 21.633
45 20.421
46 20.329
47 20.562
48 20.629
49 22.021
50 21.686
51 22.467
52 22.948
53 22.479
54 21.587
55 22.496
56 21.004
57 22.592
58 24.095
59 21.854
60 19.442
61 21.162
62 22.408
63 22.299
64 21.563
65 20.690
66 21.896
67 21.703
68 21.657
69 22.680
70 23.134
71 22.910
72 22.401
73 22.840
74 22.519
75 21.725
76 21.145
77 22.121
78 21.969
79 21.799
80 21.343
81 21.817
82 22.370
83 23.331
84 24.816
85 24.127
86 23.679
87 23.370
88 21.912
89 21.150
90 21.619
91 24.795
92 25.120
93 24.927
94 23.245
95 24.002
96 25.530
97 25.464
98 26.817
99 25.287
100 23.540
101 23.836
102 27.670
103 26.776
104 27.056
105 25.874
106 25.766
107 27.469
108 28.069
109 27.865
110 26.046
111 28.699
112 30.026
113 31.465
114 31.793
115 30.775
116 31.164
117 31.476
118 32.422
119 33.175
120 32.476
121 32.904
122 34.225
123 33.667
124 35.146
125 35.326
126 34.780
127 35.618
128 35.379
129 34.596
130 35.125
131 36.057
132 36.649
133 37.671
134 37.225
135 38.076
136 38.051
137 39.542
138 41.646
139 41.133
140 40.071
141 40.006
142 40.369
143 40.934
144 41.330
145 41.629
146 42.126
147 42.237
148 42.504
149 43.445
150 43.523
151 43.693
152 43.678
153 44.120
154 44.345
155 44.533
156 44.560
157 44.850
158 44.789
159 45.505
160 45.503
161 45.958
162 46.569
163 46.848
164 47.000
165 46.785
166 47.189
167 47.771
168 47.751
169 47.424
170 47.855
171 48.397
172 48.404
173 48.050
174 48.074
175 48.742
176 49.260
177 49.092
178 50.432
179 50.275
180 50.256
181 50.359
182 50.515
183 50.283
184 50.537
185 50.668
186 50.887
187 50.901
188 51.341
189 51.460
190 51.214
191 51.893
192 52.015
193 52.268
194 52.593
195 53.250
196 53.223
197 53.160
198 53.016
199 53.271
200 53.614
201 53.756
202 53.669
203 54.588
204 54.605
205 54.861
206 55.051
207 55.305
208 55.229
209 55.302
210 56.068
211 56.200
212 55.765
213 56.218
214 56.888
215 57.018
216 57.012
217 57.181
218 57.241
219 57.430
220 57.879
221 58.116
222 58.732
223 59.581
224 58.848
225 59.116
226 59.817
227 60.000
228 60.008
229 60.691
230 60.662
231 60.588
232 60.662
233 61.265
234 61.839
235 62.409
236 62.698
237 63.225
238 63.365
239 64.027
240 64.866
241 64.356
242 64.507
243 64.749
244 65.394
245 65.635
246 66.111
247 66.497
248 67.116
249 67.612
250 67.512
251 67.910
252 68.193
253 68.498
254 69.173
255 69.638
256 69.505
257 69.848
258 70.897
259 71.078
260 71.355
261 71.892
262 72.780
263 73.121
264 73.398
265 74.070
266 74.572
267 74.869
268 75.633
269 76.010
270 76.337
271 76.927
272 77.469
273 78.128
274 78.597
275 78.887
276 79.688
277 80.113
278 81.001
279 81.390
280 82.066
281 83.023
282 84.069
283 84.552
284 84.944
285 85.821
286 86.618
287 86.981
288 87.715
289 88.870
290 89.781
291 90.692
292 91.737
293 92.426
294 93.204
295 93.943
296 94.916
297 95.519
298 96.994
299 98.107
300 99.121
301 99.818
302 100.608
303 102.230
304 103.119
305 104.158
306 105.553
307 106.533
308 107.359
309 108.609
310 110.080
311 111.841
312 112.810
313 114.885
314 116.201
315 117.723
316 119.281
317 121.224
318 123.246
319 125.146
320 126.715
321 128.024
322 129.300
323 131.262
324 133.228
325 134.351
326 135.901
327 137.119
328 137.741
329 138.854
330 139.747
331 141.079
332 141.997
333 143.132
334 144.827
335 147.132
336 149.327
337 152.176
338 159.769
339 166.347
340 169.331
341 170.000
342 170.000
343 170.000
344 170.000
345 170.000
346 170.000
347 170.000
348 170.000
349 170.000
350 170.000
351 170.000
352 170.000
353 170.000
354 170.000
355 170.000
356 170.000
357 170.000
358 170.000
359 170.000
360 170.000
361 170.000
362 170.000
363 170.000
364 170.000
365 170.000
366 170.000
367 170.000
368 170.000
369 170.000
370 170.000
371 170.000
372 170.000
373 170.000
374 170.000
375 170.000
376 170.000
377 170.000
378 170.000
379 170.000
380 170.000
381 170.000
382 170.000
383 170.000
384 170.000
385 170.000
386 170.000
387 170.000
388 170.000
389 170.000
390 170.000
391 170.000
392 170.000
393 170.000
394 170.000
395 170.000
396 170.000
397 169.458
398 168.194
399 165.708
400 160.150
401 154.602
402 149.859
403 144.980
404 141.396
405 138.793
406 136.359
407 135.117
408 133.672
409 131.563
410 127.741
411 124.626
412 121.657
413 118.976
414 117.619
415 115.913
416 113.401
417 111.179
418 109.705
419 108.614
420 106.965
421 105.054
422 103.645
423 102.183
424 100.678
425 99.881
426 99.016
427 97.765
428 96.148
429 94.902
430 93.966
431 92.858
432 91.667
433 90.692
434 89.572
435 88.439
436 87.492
437 86.005
438 84.631
439 84.115
440 83.207
441 81.882
442 80.795
443 80.454
444 79.710
445 78.648
446 77.632
447 76.965
448 75.622
449 74.748
450 74.144
451 72.806
452 72.412
453 71.792
454 71.035
455 69.923
456 68.996
457 68.376
458 67.870
459 67.303
460 66.702
461 65.982
462 65.165
463 64.597
464 64.342
465 63.549
466 63.268
467 62.603
468 61.317
469 60.844
470 60.623
471 60.294
472 59.595
473 59.270
474 58.884
475 58.306
476 57.745
477 56.892
478 56.538
479 56.139
480 55.948
481 55.389
482 55.042
483 54.717
484 54.456
485 53.687
486 52.880
487 52.524
488 52.470
489 52.930
490 52.180
491 51.815
492 51.333
493 50.820
494 49.689
495 49.972
496 49.978
497 49.589
498 49.374
499 48.603
500 48.561
501 49.133
502 48.412
503 47.614
504 47.167
505 47.333
506 47.313
507 47.203
508 46.575
509 45.902
510 45.447
511 45.240
512 44.842
513 44.419
514 43.544
515 43.945
516 43.847
517 43.449
518 43.290
519 43.354
520 43.555
521 43.514
522 42.984
523 42.042
524 42.443
525 42.447
526 42.339
527 42.741
528 42.377
529 41.757
530 41.785
531 41.258
532 40.807
533 40.806
534 41.206
535 41.676
536 39.996
537 40.061
538 39.873
539 39.811
540 39.342
541 39.107
542 38.929
543 39.096
544 38.535
545 38.202
546 38.477
547 38.060
548 38.399
549 37.086
550 36.620
551 37.335
552 37.811
553 37.456
554 36.227
555 35.009
556 33.831
557 33.987
558 34.064
559 32.978
560 32.852
561 32.944
562 33.851
563 33.275
564 33.302
565 32.420
566 31.126
567 31.065
568 30.770
569 30.933
570 31.148
571 30.985
572 31.458
573 29.537
574 29.222
575 29.562
576 29.170
577 29.608
578 27.759
579 28.738
580 28.051
581 27.249
582 27.066
583 28.208
584 27.069
585 24.746
586 24.692
587 25.875
588 27.981
589 28.057
590 24.635
591 22.610
592 23.792
593 24.989
594 25.271
595 23.395
596 20.405
597 21.624
598 21.923
599 20.359
600 20.718
601 22.045
602 22.968
603 20.536
604 21.649
605 22.229
606 20.871
607 21.695
608 21.680
609 19.536
610 18.928
611 18.757
612 19.777
613 19.028
614 19.726
615 19.972
616 19.365
617 21.219
618 20.331
619 20.997
620 22.876
621 21.574
622 19.027
623 19.390
624 16.518
625 16.710
626 18.551
627 19.206
628 18.444
629 18.762
630 18.550
631 15.697
632 15.521
633 20.458
634 20.532
635 19.452
636 19.703
637 18.950
638 20.089
639 20.310
640 19.701
641 19.566
642 20.101
643 20.475
644 19.730
645 18.598
646 19.149
647 20.346
648 22.515
649 21.838
650 20.578
651 19.563
652 21.059
653 19.897
654 18.960
655 19.927
656 17.407
657 17.643
658 18.439
659 19.522
660 19.803
661 18.665
662 17.067
663 20.712
664 20.440
665 18.187
666 17.463
667 17.957
668 18.697
669 18.947
670 17.658
671 17.834
672 19.688
673 20.119
674 18.333
675 17.072
676 16.800
677 17.076
678 18.997
679 20.577
680 20.501
681 21.000
682 20.542
683 18.126
684 17.733
685 18.501
686 18.789
687 19.341
688 20.121
689 19.538
690 17.555
691 17.595
692 17.797
693 18.796
694 20.344
695 21.222
696 20.632
697 19.926
698 19.977
699 18.692
700 18.582
701 17.645
702 17.434
703 17.989
704 19.772
705 18.014
706 19.444
707 18.605
708 16.859
709 18.482
710 19.779
711 20.082
712 18.904
713 16.126
714 18.092
715 18.524
716 18.208
717 20.095
718 19.486
719 18.466
720 19.105
721 20.980
722 20.994
723 19.279
724 17.476
725 16.169
726 18.052
727 17.984
728 18.229
729 18.369
730 16.255
731 17.715
732 18.711
733 17.879
734 17.095
735 18.361
736 17.731
737 18.862
738 18.333
