0 18.667
1 18.482
2 18.421
3 21.978
4 21.221
5 22.462
6 20.799
7 19.208
8 18.315
9 18.669
10 19.768
11 19.596
12 18.316
13 18.238
14 19.165
15 19.772
16 18.237
17 19.182
18 18.983
19 17.713
20 19.386
21 21.519
22 20.000
23 20.437
24 21.456
25 21.569
26 21.338
27 19.174
28 18.434
29 19.124
30 19.211
31 20.691
32 20.399
33 20.323
34 20.280
35 18.094
36 18.129
37 18.958
38 20.204
39 19.680
40 19.447
41 21.061
42 20.323
43 19.387
44 19.800
45 18.167
46 17.482
47 19.824
48 18.532
49 18.090
50 16.509
51 18.210
52 20.632
53 20.028
54 21.678
55 20.316
56 18.794
57 16.717
58 17.966
59 17.396
60 18.130
61 20.921
62 20.528
63 18.558
64 17.387
65 17.851
66 19.520
67 18.122
68 19.667
69 21.662
70 21.376
71 22.514
72 21.514
73 20.181
74 19.464
75 20.175
76 20.703
77 20.549
78 20.381
79 20.411
80 19.672
81 20.641
82 21.900
83 22.286
84 21.872
85 22.648
86 23.357
87 22.997
88 23.992
89 24.596
90 23.842
91 24.127
92 24.530
93 23.346
94 23.008
95 23.671
96 24.317
97 24.234
98 24.955
99 27.467
100 27.006
101 25.809
102 28.090
103 28.275
104 25.352
105 27.148
106 27.367
107 28.045
108 29.120
109 29.256
110 29.545
111 28.434
112 29.686
113 31.159
114 31.578
115 31.146
116 30.789
117 29.428
118 28.757
119 32.758
120 32.059
121 29.357
122 31.158
123 32.618
124 32.476
125 31.043
126 31.059
127 31.775
128 33.024
129 32.048
130 32.844
131 33.290
132 33.070
133 33.094
134 33.142
135 33.539
136 32.973
137 31.746
138 33.049
139 31.343
140 31.378
141 31.973
142 32.204
143 32.946
144 33.091
145 32.294
146 31.971
147 31.607
148 31.747
149 32.256
150 32.602
151 33.579
152 34.529
153 34.347
154 32.423
155 31.776
156 32.432
157 32.045
158 31.470
159 33.138
160 33.610
161 32.812
162 33.146
163 33.564
164 34.412
165 34.392
166 34.456
167 34.178
168 35.747
169 36.605
170 35.216
171 35.202
172 35.733
173 35.847
174 35.234
175 36.470
176 36.362
177 37.861
178 37.672
179 36.659
180 37.062
181 37.304
182 37.721
183 37.662
184 37.627
185 37.681
186 38.044
187 38.537
188 38.573
189 38.374
190 38.656
191 37.978
192 37.770
193 37.791
194 37.975
195 38.374
196 39.117
197 38.920
198 38.859
199 38.345
200 38.123
201 37.721
202 38.348
203 38.357
204 38.136
205 37.942
206 38.486
207 38.134
208 37.967
209 38.552
210 37.539
211 37.889
212 37.739
213 37.465
214 37.134
215 37.091
216 37.778
217 37.125
218 36.817
219 37.873
220 37.934
221 36.875
222 36.858
223 36.921
224 36.877
225 36.879
226 37.351
227 37.339
228 37.566
229 37.483
230 38.536
231 38.744
232 38.462
233 39.718
234 39.895
235 39.810
236 40.699
237 41.170
238 41.863
239 43.141
240 44.074
241 44.727
242 45.710
243 46.411
244 47.482
245 48.019
246 48.565
247 49.749
248 50.509
249 51.148
250 52.504
251 53.837
252 54.709
253 55.662
254 56.976
255 58.164
256 59.788
257 60.964
258 62.114
259 63.423
260 64.101
261 66.584
262 67.703
263 68.697
264 71.465
265 73.470
266 75.353
267 77.975
268 79.721
269 82.086
270 84.056
271 85.799
272 88.259
273 90.784
274 92.702
275 94.552
276 97.241
277 99.767
278 103.237
279 104.866
280 106.728
281 110.251
282 111.652
283 114.691
284 116.511
285 118.435
286 122.452
287 126.187
288 130.193
289 135.277
290 139.496
291 144.741
292 151.236
293 155.257
294 159.805
295 165.045
296 168.383
297 170.000
298 170.000
299 170.000
300 170.000
301 170.000
302 170.000
303 170.000
304 170.000
305 170.000
306 170.000
307 170.000
308 170.000
309 170.000
310 170.000
311 170.000
312 170.000
313 170.000
314 170.000
315 170.000
316 170.000
317 170.000
318 170.000
319 170.000
320 170.000
321 170.000
322 170.000
323 170.000
324 170.000
325 170.000
326 170.000
327 170.000
328 170.000
329 170.000
330 170.000
331 170.000
332 170.000
333 170.000
334 170.000
335 170.000
336 170.000
337 170.000
338 170.000
339 170.000
340 170.000
341 170.000
342 170.000
343 170.000
344 170.000
345 170.000
346 170.000
347 170.000
348 170.000
349 170.000
350 169.997
351 169.481
352 168.033
353 162.812
354 158.680
355 155.331
356 151.866
357 149.825
358 148.103
359 146.203
360 144.667
361 143.288
362 142.013
363 141.213
364 140.560
365 138.858
366 138.135
367 136.432
368 136.257
369 135.833
370 135.088
371 134.935
372 133.651
373 131.912
374 130.444
375 128.579
376 126.874
377 125.694
378 124.331
379 122.891
380 121.151
381 119.158
382 118.187
383 117.040
384 114.904
385 114.341
386 113.363
387 111.649
388 111.055
389 109.296
390 108.312
391 107.347
392 106.121
393 104.718
394 103.852
395 103.185
396 102.463
397 101.686
398 100.831
399 99.878
400 98.875
401 97.811
402 96.929
403 95.366
404 94.849
405 94.292
406 93.220
407 92.469
408 91.951
409 91.040
410 90.370
411 89.767
412 89.344
413 88.802
414 87.921
415 86.589
416 86.194
417 85.818
418 85.528
419 84.477
420 83.543
421 83.341
422 82.720
423 82.102
424 82.257
425 80.839
426 80.037
427 79.670
428 79.357
429 78.781
430 78.187
431 77.715
432 77.407
433 76.723
434 75.888
435 75.740
436 75.298
437 74.881
438 74.551
439 74.022
440 73.607
441 73.254
442 72.743
443 72.502
444 71.994
445 71.462
446 70.982
447 70.392
448 69.820
449 69.912
450 69.404
451 69.170
452 68.742
453 68.375
454 67.989
455 67.864
456 67.123
457 66.710
458 66.968
459 67.077
460 66.989
461 66.282
462 65.853
463 65.495
464 65.228
465 64.915
466 64.742
467 64.505
468 64.241
469 63.966
470 63.782
471 63.288
472 62.963
473 62.537
474 62.027
475 62.017
476 61.640
477 61.287
478 61.121
479 61.352
480 60.988
481 60.449
482 59.806
483 59.314
484 58.939
485 58.805
486 58.771
487 58.320
488 58.057
489 57.481
490 58.267
491 57.865
492 57.372
493 56.793
494 56.583
495 56.974
496 56.611
497 56.071
498 55.869
499 55.848
500 55.512
501 55.258
502 55.333
503 55.085
504 54.737
505 54.557
506 53.968
507 53.475
508 53.412
509 53.382
510 52.786
511 52.981
512 53.269
513 53.105
514 52.825
515 52.516
516 52.425
517 51.873
518 51.569
519 51.825
520 51.705
521 51.206
522 51.117
523 50.941
524 50.336
525 50.048
526 49.544
527 49.549
528 49.521
529 48.912
530 48.582
531 47.863
532 47.509
533 47.218
534 46.601
535 46.460
536 46.172
537 45.535
538 45.185
539 44.685
540 43.806
541 42.550
542 42.789
543 41.779
544 41.871
545 40.789
546 40.389
547 40.813
548 41.078
549 39.689
550 38.204
551 38.079
552 37.308
553 36.563
554 35.760
555 35.527
556 34.996
557 34.227
558 35.014
559 34.668
560 31.491
561 34.100
562 33.012
563 32.984
564 33.663
565 32.299
566 30.760
567 30.526
568 30.924
569 31.108
570 30.348
571 30.294
572 29.698
573 29.533
574 30.050
575 29.804
576 26.119
577 24.670
578 27.324
579 25.734
580 24.587
581 26.722
582 26.971
583 25.784
584 25.033
585 24.151
586 24.698
587 24.159
588 21.997
589 23.987
590 24.532
591 23.793
592 24.466
593 24.208
594 24.438
595 22.929
596 23.072
597 20.641
598 19.640
599 21.685
600 23.920
601 24.715
602 24.585
603 24.711
604 23.878
605 21.750
606 20.886
607 21.155
608 20.582
609 20.458
610 23.175
611 24.300
612 23.511
613 22.853
614 23.054
615 20.110
616 20.732
617 18.472
618 19.351
619 21.300
620 22.640
621 20.481
622 19.439
623 20.739
624 21.432
625 21.053
626 20.851
627 20.421
628 20.837
629 19.146
630 21.946
631 22.340
632 20.434
633 21.292
634 22.683
635 21.016
636 20.956
637 21.311
638 20.436
639 21.035
640 21.679
641 20.623
642 19.982
643 20.518
644 20.345
645 17.357
646 19.135
647 19.570
648 17.667
