0 17.667
1 18.911
2 18.236
3 19.396
4 21.101
5 19.700
6 18.262
7 14.428
8 15.498
9 17.478
10 18.808
11 18.942
12 18.863
13 17.586
14 15.755
15 17.190
16 17.452
17 19.104
18 18.638
19 18.355
20 20.526
21 20.498
22 20.316
23 19.989
24 20.369
25 22.339
26 21.501
27 19.285
28 19.639
29 19.352
30 18.492
31 19.212
32 18.745
33 18.066
34 18.453
35 20.018
36 22.138
37 21.179
38 19.456
39 18.357
40 18.787
41 18.533
42 19.692
43 20.603
44 19.285
45 18.240
46 19.253
47 18.202
48 17.249
49 19.376
50 20.096
51 19.354
52 18.784
53 18.286
54 19.366
55 19.482
56 19.454
57 19.388
58 18.091
59 17.942
60 19.220
61 20.839
62 21.340
63 18.126
64 18.369
65 19.612
66 19.822
67 19.101
68 20.647
69 22.231
70 21.758
71 20.084
72 17.925
73 18.213
74 17.249
75 16.357
76 17.699
77 19.287
78 23.586
79 21.280
80 21.616
81 21.400
82 21.199
83 20.702
84 19.614
85 19.844
86 20.748
87 19.551
88 19.198
89 19.271
90 19.093
91 18.977
92 19.198
93 20.216
94 18.407
95 16.740
96 17.878
97 20.116
98 19.591
99 20.320
100 18.744
101 18.266
102 18.996
103 18.319
104 16.093
105 16.400
106 18.571
107 21.366
108 20.076
109 19.578
110 20.676
111 22.246
112 21.265
113 19.172
114 20.355
115 19.770
116 18.088
117 18.848
118 19.570
119 20.114
120 18.047
121 16.792
122 18.753
123 18.216
124 19.361
125 20.137
126 20.448
127 19.620
128 20.097
129 19.830
130 18.193
131 18.090
132 18.465
133 20.088
134 19.403
135 21.632
136 21.444
137 21.820
138 22.250
139 22.280
140 22.931
141 23.938
142 24.239
143 23.296
144 24.836
145 24.662
146 22.303
147 21.493
148 23.977
149 23.952
150 24.065
151 24.803
152 23.857
153 21.961
154 22.517
155 25.041
156 26.319
157 24.599
158 22.988
159 24.476
160 25.740
161 24.901
162 22.173
163 25.416
164 27.576
165 24.510
166 22.864
167 24.654
168 25.143
169 26.354
170 29.407
171 28.982
172 27.753
173 26.807
174 28.300
175 28.814
176 27.045
177 26.654
178 28.227
179 28.135
180 26.976
181 28.573
182 29.129
183 27.504
184 28.288
185 28.066
186 27.133
187 27.780
188 28.171
189 29.269
190 29.744
191 30.134
192 26.581
193 28.571
194 28.370
195 27.768
196 26.987
197 27.838
198 29.199
199 31.542
200 32.644
201 31.171
202 29.299
203 28.498
204 30.057
205 29.690
206 32.038
207 34.633
208 34.952
209 34.737
210 32.734
211 31.783
212 35.333
213 34.447
214 33.413
215 33.969
216 33.241
217 33.589
218 32.851
219 33.101
220 34.734
221 33.398
222 32.219
223 33.038
224 33.521
225 34.524
226 33.743
227 33.658
228 32.075
229 31.531
230 31.801
231 31.867
232 33.536
233 33.218
234 33.454
235 32.308
236 32.545
237 32.807
238 33.128
239 33.426
240 34.751
241 34.841
242 34.146
243 34.134
244 35.084
245 37.516
246 38.083
247 35.698
248 36.567
249 37.604
250 37.571
251 37.909
252 38.195
253 38.236
254 39.316
255 39.367
256 38.930
257 39.010
258 39.348
259 40.113
260 40.776
261 41.051
262 41.520
263 41.990
264 41.854
265 42.333
266 43.166
267 43.845
268 44.030
269 44.827
270 45.386
271 45.714
272 46.316
273 47.068
274 47.602
275 47.885
276 48.719
277 49.229
278 50.033
279 50.475
280 51.159
281 52.083
282 53.391
283 54.243
284 54.520
285 55.550
286 56.122
287 56.595
288 57.121
289 58.207
290 59.593
291 59.332
292 60.013
293 61.023
294 61.553
295 61.954
296 63.295
297 64.953
298 65.490
299 67.170
300 68.431
301 69.042
302 70.253
303 71.918
304 72.964
305 73.895
306 75.701
307 77.150
308 78.881
309 80.827
310 81.979
311 83.739
312 85.848
313 86.974
314 88.025
315 89.786
316 92.242
317 93.863
318 96.190
319 97.601
320 98.888
321 100.807
322 102.375
323 104.085
324 106.367
325 107.931
326 109.197
327 112.102
328 114.873
329 116.651
330 119.544
331 123.276
332 126.172
333 131.801
334 134.878
335 137.136
336 140.477
337 146.191
338 152.031
339 157.579
340 167.126
341 169.761
342 170.000
343 170.000
344 170.000
345 170.000
346 170.000
347 170.000
348 170.000
349 170.000
350 170.000
351 170.000
352 170.000
353 170.000
354 170.000
355 170.000
356 170.000
357 170.000
358 170.000
359 170.000
360 170.000
361 170.000
362 170.000
363 170.000
364 170.000
365 170.000
366 170.000
367 170.000
368 170.000
369 170.000
370 170.000
371 170.000
372 170.000
373 170.000
374 170.000
375 170.000
376 170.000
377 170.000
378 170.000
379 170.000
380 170.000
381 170.000
382 170.000
383 170.000
384 170.000
385 170.000
386 170.000
387 170.000
388 170.000
389 170.000
390 170.000
391 170.000
392 170.000
393 170.000
394 169.936
395 169.366
396 167.022
397 160.789
398 156.435
399 153.002
400 149.339
401 146.647
402 145.420
403 144.499
404 142.942
405 141.752
406 140.346
407 139.098
408 138.483
409 137.727
410 136.385
411 135.892
412 135.203
413 134.289
414 133.639
415 132.321
416 130.243
417 129.445
418 128.011
419 125.794
420 124.073
421 122.787
422 120.888
423 119.713
424 118.857
425 117.200
426 116.332
427 115.305
428 113.671
429 112.071
430 111.271
431 109.509
432 108.664
433 108.174
434 106.831
435 105.336
436 104.595
437 104.397
438 103.123
439 102.973
440 101.318
441 100.256
442 99.632
443 99.022
444 98.057
445 97.324
446 96.643
447 95.333
448 94.741
449 93.913
450 92.856
451 92.245
452 91.654
453 91.368
454 90.789
455 90.042
456 89.259
457 88.880
458 88.478
459 87.568
460 86.483
461 86.456
462 85.685
463 84.851
464 84.429
465 83.919
466 82.975
467 82.330
468 82.108
469 81.750
470 81.335
471 81.005
472 80.183
473 79.991
474 79.017
475 78.788
476 78.428
477 77.738
478 77.352
479 76.963
480 75.975
481 75.897
482 76.231
483 75.123
484 74.371
485 73.953
486 73.551
487 73.000
488 73.000
489 72.350
490 71.774
491 71.594
492 71.415
493 70.884
494 70.305
495 69.696
496 69.069
497 69.176
498 68.811
499 68.391
500 68.230
501 67.758
502 67.377
503 67.478
504 66.893
505 66.532
506 66.535
507 66.079
508 65.337
509 64.798
510 64.718
511 64.670
512 64.308
513 64.008
514 63.734
515 63.782
516 63.994
517 62.881
518 62.566
519 62.644
520 62.357
521 62.182
522 61.971
523 61.443
524 61.551
525 61.173
526 60.551
527 59.910
528 59.804
529 59.600
530 59.476
531 59.075
532 58.716
533 59.108
534 58.780
535 58.372
536 57.408
537 57.671
538 57.538
539 57.579
540 57.364
541 56.704
542 56.462
543 56.387
544 56.662
545 56.602
546 55.821
547 55.487
548 55.484
549 55.650
550 55.368
551 54.992
552 54.910
553 54.665
554 54.628
555 54.353
556 54.386
557 54.173
558 53.485
559 53.240
560 53.017
561 52.670
562 52.305
563 52.516
564 52.445
565 51.769
566 51.653
567 51.068
568 50.608
569 50.237
570 50.088
571 49.431
572 48.725
573 48.834
574 48.183
575 47.947
576 47.673
577 46.643
578 45.932
579 45.970
580 45.407
581 44.407
582 44.162
583 43.476
584 42.977
585 42.703
586 42.030
587 40.486
588 40.074
589 40.536
590 39.178
591 37.474
592 37.931
593 37.976
594 36.398
595 35.507
596 34.922
597 34.966
598 34.714
599 34.152
600 33.127
601 31.062
602 29.459
603 31.844
604 33.534
605 32.126
606 31.796
607 31.784
608 29.792
609 27.157
610 29.732
611 31.707
612 30.553
613 30.099
614 28.835
615 29.175
616 28.948
617 29.554
618 28.128
619 25.987
620 24.172
621 26.899
622 26.339
623 24.048
624 24.107
625 24.296
626 23.892
627 23.825
628 24.606
629 24.462
630 24.548
631 22.362
632 21.066
633 21.168
634 22.147
635 23.793
636 25.333
637 23.299
638 22.484
639 19.152
640 19.831
641 22.113
642 22.417
643 20.719
644 21.410
645 21.934
646 20.966
647 19.918
648 22.216
649 23.996
650 23.347
651 23.513
652 19.349
653 19.359
654 22.016
655 23.398
656 24.232
657 20.614
658 17.128
659 19.602
660 22.416
661 23.840
662 23.721
663 22.916
664 21.793
665 18.816
666 20.083
667 21.319
668 20.674
669 18.818
670 18.620
671 21.284
672 17.939
673 19.488
674 20.896
675 19.986
676 19.895
677 19.049
678 22.991
679 23.427
680 21.834
681 21.499
682 21.834
683 22.318
684 21.200
685 21.293
686 22.210
687 21.880
688 20.140
689 19.429
690 18.603
691 18.614
692 20.257
693 21.526
694 22.613
695 22.115
696 21.080
697 20.316
698 19.378
699 17.633
700 20.582
701 19.472
702 20.065
703 20.298
704 19.859
705 21.050
706 22.464
707 18.016
708 19.667
709 19.135
710 19.930
711 21.290
712 21.890
713 22.543
714 21.593
715 22.908
716 22.534
717 22.402
718 20.775
719 19.832
720 20.963
721 19.469
722 18.416
723 18.180
724 17.971
725 18.657
726 20.949
727 21.630
728 21.847
729 20.702
730 21.863
731 21.943
732 21.161
733 19.403
734 19.629
735 22.250
736 21.404
737 18.950
738 19.398
739 20.355
740 18.788
741 18.686
742 22.000
