0 22.667
1 19.951
2 20.818
3 20.948
4 20.190
5 18.005
6 21.441
7 22.712
8 22.238
9 21.673
10 20.255
11 20.394
12 21.302
13 22.207
14 23.618
15 23.913
16 23.859
17 21.636
18 24.018
19 23.963
20 22.893
21 21.373
22 22.311
23 21.689
24 22.483
25 23.199
26 23.462
27 23.387
28 18.939
29 18.970
30 22.249
31 22.310
32 21.787
33 21.200
34 21.438
35 22.754
36 23.167
37 23.727
38 22.644
39 21.958
40 21.961
41 23.138
42 23.622
43 23.943
44 23.889
45 23.875
46 24.328
47 24.565
48 23.227
49 25.273
50 25.453
51 23.232
52 22.074
53 25.053
54 26.326
55 26.361
56 24.788
57 25.198
58 26.631
59 28.270
60 27.209
61 26.280
62 27.594
63 26.263
64 24.220
65 26.881
66 26.833
67 24.079
68 26.387
69 30.154
70 31.000
71 28.939
72 29.608
73 29.994
74 29.663
75 29.822
76 30.605
77 31.317
78 33.169
79 31.958
80 32.039
81 33.298
82 33.927
83 33.510
84 33.331
85 34.150
86 32.571
87 35.011
88 35.156
89 35.742
90 36.528
91 36.299
92 36.286
93 37.655
94 37.953
95 38.202
96 38.559
97 39.016
98 38.510
99 39.467
100 39.579
101 39.287
102 40.020
103 40.614
104 40.056
105 40.627
106 41.119
107 41.407
108 41.885
109 41.960
110 42.611
111 42.223
112 42.818
113 43.373
114 43.825
115 43.950
116 44.174
117 44.437
118 44.428
119 44.239
120 43.837
121 44.361
122 44.763
123 45.031
124 44.905
125 44.813
126 45.337
127 45.405
128 45.082
129 45.703
130 45.933
131 46.240
132 46.267
133 46.928
134 47.061
135 47.014
136 47.218
137 47.343
138 47.582
139 47.381
140 47.370
141 47.621
142 48.003
143 48.222
144 48.433
145 48.640
146 48.534
147 48.656
148 48.767
149 49.352
150 49.702
151 49.642
152 49.327
153 49.472
154 50.333
155 50.664
156 50.667
157 50.445
158 50.508
159 50.910
160 51.020
161 51.383
162 51.535
163 51.125
164 51.512
165 52.083
166 52.341
167 51.952
168 51.949
169 52.463
170 53.132
171 52.722
172 53.305
173 52.878
174 52.926
175 53.551
176 54.067
177 54.199
178 53.454
179 53.959
180 54.193
181 54.827
182 55.178
183 55.060
184 55.680
185 56.096
186 56.260
187 56.056
188 56.492
189 56.812
190 56.450
191 57.319
192 57.333
193 57.581
194 58.174
195 58.711
196 59.256
197 59.313
198 59.067
199 59.380
200 60.242
201 60.331
202 60.908
203 60.826
204 61.302
205 61.789
206 61.539
207 62.693
208 63.172
209 63.139
210 63.753
211 64.745
212 65.338
213 65.679
214 65.963
215 66.331
216 66.909
217 67.412
218 67.880
219 68.204
220 68.444
221 69.090
222 69.453
223 70.008
224 70.731
225 71.036
226 71.876
227 72.787
228 72.875
229 72.940
230 74.287
231 74.850
232 75.237
233 75.928
234 76.967
235 77.359
236 77.920
237 78.273
238 78.869
239 79.474
240 80.198
241 80.843
242 81.800
243 82.537
244 82.494
245 83.444
246 84.642
247 85.244
248 85.335
249 86.586
250 87.766
251 88.423
252 89.406
253 90.144
254 90.788
255 91.705
256 92.820
257 93.664
258 95.124
259 96.235
260 96.980
261 98.049
262 99.085
263 99.954
264 101.133
265 102.434
266 103.101
267 105.109
268 106.905
269 107.848
270 108.758
271 110.464
272 111.673
273 113.115
274 114.526
275 116.056
276 116.931
277 119.539
278 121.641
279 123.007
280 125.003
281 128.012
282 130.045
283 131.939
284 133.563
285 134.584
286 135.989
287 137.345
288 138.341
289 138.845
290 140.166
291 141.548
292 142.686
293 144.184
294 145.847
295 147.205
296 149.616
297 152.000
298 155.145
299 159.693
300 166.953
301 169.794
302 170.000
303 170.000
304 170.000
305 170.000
306 170.000
307 170.000
308 170.000
309 170.000
310 170.000
311 170.000
312 170.000
313 170.000
314 170.000
315 170.000
316 170.000
317 170.000
318 170.000
319 170.000
320 170.000
321 170.000
322 170.000
323 170.000
324 170.000
325 170.000
326 170.000
327 170.000
328 170.000
329 170.000
330 170.000
331 170.000
332 170.000
333 170.000
334 170.000
335 170.000
336 170.000
337 170.000
338 170.000
339 170.000
340 170.000
341 170.000
342 170.000
343 170.000
344 170.000
345 170.000
346 170.000
347 170.000
348 170.000
349 170.000
350 170.000
351 170.000
352 170.000
353 170.000
354 170.000
355 170.000
356 170.000
357 170.000
358 169.469
359 167.985
360 165.584
361 160.822
362 154.238
363 149.000
364 145.146
365 142.221
366 138.845
367 135.581
368 134.469
369 130.963
370 127.772
371 125.132
372 122.741
373 119.341
374 117.489
375 115.618
376 113.596
377 111.325
378 109.459
379 107.583
380 106.152
381 104.781
382 102.960
383 101.367
384 99.830
385 97.528
386 96.543
387 95.888
388 93.984
389 91.762
390 90.682
391 89.812
392 88.260
393 86.548
394 85.418
395 83.730
396 82.933
397 82.130
398 80.880
399 79.281
400 78.419
401 77.542
402 76.351
403 75.490
404 74.727
405 73.994
406 73.295
407 72.211
408 70.829
409 69.594
410 69.146
411 68.312
412 67.249
413 66.616
414 65.714
415 65.522
416 64.680
417 64.098
418 63.667
419 63.558
420 62.488
421 62.119
422 61.576
423 60.959
424 60.299
425 59.855
426 59.401
427 59.000
428 58.446
429 57.900
430 57.324
431 57.055
432 56.471
433 55.965
434 55.618
435 55.378
436 54.910
437 54.715
438 54.072
439 53.474
440 53.222
441 53.316
442 53.094
443 52.444
444 52.116
445 51.839
446 51.215
447 51.190
448 50.713
449 50.970
450 50.322
451 49.833
452 49.331
453 49.102
454 49.031
455 48.524
456 47.969
457 47.617
458 47.973
459 47.646
460 47.154
461 47.291
462 46.933
463 46.570
464 46.283
465 46.008
466 46.360
467 46.215
468 45.495
469 45.323
470 44.997
471 44.864
472 43.937
473 44.111
474 44.169
475 44.255
476 43.994
477 43.748
478 43.904
479 43.641
480 43.565
481 43.446
482 43.548
483 43.242
484 43.156
485 43.060
486 43.325
487 42.934
488 42.360
489 42.578
490 42.319
491 42.047
492 42.119
493 42.567
494 41.883
495 41.917
496 41.485
497 41.408
498 41.461
499 41.292
500 40.656
501 40.591
502 40.500
503 40.224
504 40.289
505 40.116
506 39.300
507 39.413
508 38.446
509 38.515
510 38.202
511 38.333
512 39.027
513 38.579
514 36.326
515 35.862
516 35.740
517 35.117
518 34.461
519 34.740
520 34.107
521 34.321
522 34.841
523 34.924
524 33.980
525 34.350
526 34.449
527 33.174
528 33.200
529 32.813
530 34.014
531 33.712
532 32.940
533 32.721
534 34.465
535 32.142
536 31.689
537 30.420
538 30.609
539 28.761
540 28.253
541 27.718
542 27.909
543 26.536
544 25.988
545 23.535
546 26.139
547 26.728
548 27.678
549 26.759
550 26.889
551 27.801
552 27.137
553 27.180
554 26.475
555 26.149
556 24.215
557 21.532
558 23.072
559 22.931
560 20.686
561 21.600
562 23.669
563 23.662
564 23.717
565 23.260
566 22.192
567 19.662
568 18.315
569 21.382
570 20.858
571 20.246
572 19.511
573 19.936
574 18.812
575 18.639
576 20.666
577 22.112
578 22.742
579 21.281
580 19.345
581 19.769
582 21.379
583 20.350
584 18.163
585 18.389
586 19.702
587 18.188
588 21.223
589 22.148
590 19.655
591 18.411
592 18.494
593 19.033
594 18.867
595 17.648
596 21.216
597 21.148
598 19.943
599 19.321
600 19.493
601 19.454
602 18.401
603 18.887
604 20.532
605 21.417
606 20.293
607 19.398
608 18.659
609 18.883
610 17.421
611 16.703
612 17.216
613 19.006
614 17.296
615 18.183
616 20.600
617 21.088
618 18.977
619 18.493
620 18.452
621 17.950
622 17.072
623 17.825
624 19.935
625 19.745
626 17.310
627 18.767
628 20.404
629 20.637
630 21.152
631 18.852
632 19.498
633 20.559
634 19.048
635 17.271
636 19.037
637 20.684
638 21.067
639 21.397
640 21.238
641 21.071
642 20.344
643 18.843
644 20.590
645 19.138
646 17.989
647 19.169
648 18.965
649 18.411
650 19.527
651 18.934
652 19.241
653 17.692
654 17.112
655 20.539
656 20.326
657 18.346
658 19.008
659 19.254
660 17.333
