0 19.333
1 18.059
2 17.898
3 17.629
4 17.825
5 17.970
6 18.332
7 19.447
8 20.384
9 20.457
10 19.451
11 21.082
12 19.316
13 18.207
14 17.503
15 17.540
16 18.459
17 19.537
18 20.563
19 20.431
20 18.557
21 19.069
22 18.072
23 18.155
24 20.237
25 20.771
26 19.240
27 18.559
28 19.209
29 19.347
30 20.650
31 19.621
32 18.821
33 17.743
34 18.427
35 19.634
36 18.640
37 16.750
38 18.441
39 20.189
40 18.168
41 18.358
42 18.926
43 21.230
44 21.488
45 18.558
46 16.181
47 20.497
48 19.892
49 17.479
50 18.891
51 18.363
52 19.071
53 20.898
54 19.117
55 18.678
56 17.314
57 20.080
58 20.346
59 18.740
60 19.878
61 21.360
62 20.010
63 19.216
64 18.312
65 18.760
66 19.627
67 19.177
68 18.758
69 19.473
70 18.243
71 18.322
72 18.808
73 21.827
74 20.870
75 16.531
76 16.995
77 17.082
78 18.322
79 19.006
80 16.956
81 19.019
82 20.524
83 21.416
84 20.642
85 18.586
86 18.762
87 19.639
88 17.232
89 19.684
90 22.729
91 22.219
92 20.755
93 20.978
94 19.772
95 19.948
96 19.988
97 18.757
98 18.572
99 20.166
100 20.322
101 20.983
102 18.029
103 19.386
104 19.254
105 19.227
106 17.682
107 18.378
108 19.057
109 19.617
110 20.169
111 18.221
112 16.854
113 18.778
114 20.313
115 19.524
116 18.256
117 17.015
118 21.196
119 21.463
120 20.311
121 18.242
122 19.112
123 18.357
124 17.619
125 17.360
126 17.577
127 16.716
128 17.220
129 17.926
130 21.434
131 20.486
132 19.945
133 19.249
134 16.928
135 16.400
136 17.532
137 15.958
138 16.537
139 17.615
140 18.901
141 18.923
142 16.922
143 18.045
144 21.548
145 20.342
146 18.653
147 19.042
148 22.092
149 22.919
150 21.028
151 19.642
152 19.648
153 22.445
154 24.132
155 20.304
156 19.524
157 18.626
158 19.762
159 21.514
160 22.634
161 22.390
162 22.297
163 21.603
164 21.595
165 22.449
166 23.624
167 24.608
168 24.005
169 22.887
170 21.742
171 23.297
172 22.992
173 21.797
174 23.607
175 24.756
176 24.469
177 24.584
178 25.220
179 27.002
180 25.524
181 25.307
182 26.802
183 27.373
184 27.765
185 27.876
186 25.762
187 28.111
188 29.612
189 29.946
190 31.743
191 30.778
192 30.552
193 30.336
194 29.254
195 30.274
196 31.645
197 31.809
198 31.869
199 31.418
200 30.529
201 31.982
202 32.022
203 31.808
204 31.626
205 31.408
206 33.734
207 34.922
208 33.978
209 33.501
210 33.179
211 33.696
212 34.635
213 35.430
214 34.493
215 34.740
216 34.479
217 35.176
218 35.979
219 37.026
220 36.173
221 36.747
222 36.544
223 36.886
224 36.705
225 37.421
226 37.209
227 37.038
228 37.175
229 37.249
230 37.222
231 37.242
232 37.008
233 37.732
234 38.169
235 38.301
236 38.039
237 38.314
238 38.986
239 38.573
240 38.687
241 38.955
242 39.667
243 39.484
244 39.270
245 39.350
246 40.168
247 40.244
248 40.433
249 40.435
250 40.401
251 40.626
252 40.859
253 41.024
254 41.042
255 41.410
256 41.963
257 41.787
258 41.006
259 41.524
260 42.295
261 42.405
262 42.341
263 43.222
264 43.484
265 43.246
266 43.009
267 43.559
268 43.768
269 44.380
270 44.651
271 44.558
272 44.667
273 44.695
274 45.285
275 45.816
276 45.705
277 45.500
278 46.595
279 46.899
280 47.093
281 47.502
282 47.313
283 47.935
284 48.053
285 48.546
286 49.270
287 49.673
288 50.006
289 50.286
290 51.115
291 51.313
292 51.391
293 51.807
294 52.330
295 52.536
296 53.182
297 53.708
298 54.330
299 54.700
300 54.928
301 55.193
302 56.057
303 57.057
304 57.322
305 56.906
306 57.795
307 58.866
308 59.258
309 60.012
310 60.684
311 60.998
312 61.624
313 62.432
314 63.307
315 63.468
316 64.145
317 65.155
318 65.993
319 66.272
320 67.379
321 68.113
322 68.431
323 68.758
324 69.403
325 70.527
326 71.465
327 72.113
328 72.532
329 73.624
330 74.450
331 75.168
332 75.614
333 76.328
334 77.334
335 78.262
336 78.943
337 79.433
338 79.685
339 80.709
340 82.147
341 82.381
342 83.255
343 83.948
344 84.274
345 84.897
346 86.685
347 88.060
348 88.424
349 89.407
350 90.979
351 91.763
352 92.684
353 93.891
354 95.474
355 97.499
356 98.925
357 100.692
358 102.583
359 105.656
360 107.798
361 110.185
362 112.574
363 115.424
364 120.501
365 124.928
366 132.341
367 137.760
368 142.174
369 145.310
370 152.016
371 160.146
372 163.432
373 167.326
374 169.826
375 170.000
376 170.000
377 170.000
378 170.000
379 170.000
380 170.000
381 170.000
382 170.000
383 170.000
384 170.000
385 170.000
386 170.000
387 170.000
388 170.000
389 170.000
390 170.000
391 170.000
392 170.000
393 170.000
394 170.000
395 170.000
396 170.000
397 170.000
398 170.000
399 170.000
400 170.000
401 170.000
402 170.000
403 170.000
404 170.000
405 170.000
406 170.000
407 170.000
408 170.000
409 170.000
410 170.000
411 170.000
412 170.000
413 170.000
414 170.000
415 170.000
416 170.000
417 170.000
418 170.000
419 170.000
420 170.000
421 170.000
422 170.000
423 170.000
424 170.000
425 170.000
426 170.000
427 170.000
428 169.700
429 168.597
430 166.969
431 163.647
432 157.432
433 151.714
434 148.748
435 145.719
436 143.538
437 142.169
438 140.861
439 139.420
440 138.273
441 137.686
442 136.877
443 135.325
444 135.000
445 133.946
446 132.976
447 131.670
448 129.755
449 127.680
450 126.620
451 125.264
452 122.972
453 121.693
454 120.265
455 118.375
456 116.814
457 116.333
458 116.164
459 114.142
460 111.803
461 110.995
462 110.270
463 108.589
464 107.407
465 106.757
466 106.075
467 104.608
468 103.123
469 102.475
470 101.869
471 100.947
472 99.986
473 99.089
474 97.923
475 97.380
476 96.868
477 96.108
478 95.013
479 94.678
480 94.204
481 93.622
482 92.572
483 91.845
484 91.091
485 90.344
486 89.701
487 89.059
488 88.456
489 87.958
490 87.202
491 86.709
492 86.336
493 85.875
494 85.182
495 84.654
496 84.283
497 83.710
498 82.445
499 82.139
500 81.530
501 81.872
502 80.497
503 80.294
504 80.260
505 79.809
506 79.296
507 78.937
508 78.450
509 77.973
510 77.432
511 77.237
512 76.471
513 75.831
514 75.433
515 75.120
516 74.842
517 74.373
518 73.882
519 73.667
520 73.667
521 72.919
522 72.601
523 72.350
524 71.902
525 71.122
526 70.556
527 70.543
528 70.257
529 69.990
530 69.710
531 69.408
532 68.959
533 68.508
534 68.013
535 67.637
536 67.357
537 67.205
538 66.644
539 66.390
540 66.278
541 66.188
542 65.692
543 65.358
544 65.112
545 64.985
546 65.009
547 64.858
548 64.565
549 64.250
550 63.919
551 63.921
552 63.467
553 63.052
554 63.016
555 62.451
556 62.087
557 61.403
558 61.042
559 60.625
560 60.131
561 60.792
562 60.654
563 59.952
564 59.433
565 59.268
566 58.900
567 58.794
568 58.525
569 58.265
570 57.569
571 57.732
572 57.965
573 57.985
574 57.275
575 57.069
576 57.056
577 56.627
578 56.651
579 56.466
580 56.108
581 55.758
582 55.080
583 55.251
584 54.667
585 54.667
586 54.255
587 53.847
588 53.704
589 53.482
590 53.390
591 52.808
592 53.081
593 52.915
594 52.320
595 51.586
596 51.025
597 51.173
598 50.486
599 49.835
600 49.382
601 49.191
602 48.758
603 47.990
604 47.946
605 47.677
606 47.462
607 46.303
608 45.761
609 45.712
610 44.811
611 44.208
612 43.955
613 43.722
614 42.927
615 42.340
616 40.861
617 40.442
618 40.218
619 39.901
620 39.372
621 38.763
622 38.378
623 37.722
624 37.385
625 37.863
626 35.511
627 34.415
628 32.801
629 32.864
630 33.834
631 31.331
632 30.586
633 29.903
634 31.500
635 31.938
636 30.341
637 28.538
638 27.487
639 27.892
640 28.736
641 28.065
642 27.270
643 27.631
644 29.092
645 28.346
646 27.688
647 26.683
648 25.090
649 24.825
650 26.444
651 26.668
652 25.131
653 23.521
654 24.246
655 23.957
656 24.686
657 22.815
658 22.554
659 24.411
660 23.746
661 23.453
662 23.092
663 23.132
664 23.476
665 23.750
666 23.459
667 22.955
668 21.208
669 21.092
670 22.138
671 21.378
672 20.269
673 20.885
674 21.880
675 23.087
676 21.701
677 20.236
678 21.036
679 22.526
680 22.096
681 20.697
682 22.143
683 23.160
684 23.476
685 20.514
686 20.341
687 19.691
688 20.436
689 20.120
690 19.038
691 21.073
692 22.209
693 22.627
694 20.408
695 20.965
696 20.209
697 20.266
698 19.621
699 19.681
700 19.481
701 21.147
702 21.478
703 21.577
704 21.874
705 20.305
706 19.364
707 20.246
708 20.563
709 19.921
710 20.943
711 22.437
712 20.563
713 17.872
714 19.538
715 20.253
716 18.941
717 18.588
718 19.081
719 18.425
720 18.497
721 18.968
722 20.971
723 20.783
724 18.767
725 19.763
726 20.368
727 21.162
728 21.974
729 19.441
730 18.683
731 20.011
732 20.406
733 19.244
734 20.852
735 19.208
736 20.126
737 20.518
738 19.575
739 19.812
740 21.843
741 21.619
742 21.965
743 21.567
744 20.154
745 20.891
746 22.916
747 20.726
748 20.707
749 20.727
750 19.999
751 17.714
752 17.911
753 19.210
754 19.470
755 20.007
756 19.433
757 20.468
758 21.794
759 21.505
760 19.519
761 19.334
762 20.612
763 19.239
764 18.684
765 18.058
766 17.650
767 20.375
768 21.823
769 22.041
770 22.234
771 21.495
772 21.932
773 21.267
774 19.287
775 19.769
776 18.581
777 20.068
778 20.118
779 21.183
780 21.236
781 17.690
782 11.349
783 0.803
784 0.000
785 0.000
786 0.000
787 0.000
788 0.000
789 0.000
