0 17.333
1 19.424
2 19.054
3 17.721
4 20.290
5 21.088
6 19.595
7 18.667
8 19.131
9 20.986
10 20.970
11 19.782
12 19.242
13 18.162
14 18.612
15 20.695
16 19.612
17 17.739
18 18.402
19 21.478
20 19.685
21 18.708
22 18.916
23 21.047
24 20.988
25 19.325
26 16.712
27 19.702
28 20.546
29 17.992
30 18.702
31 18.370
32 18.890
33 20.385
34 19.140
35 19.828
36 18.990
37 19.430
38 20.394
39 19.580
40 19.147
41 21.823
42 19.989
43 18.893
44 18.041
45 18.918
46 18.648
47 19.018
48 18.489
49 19.332
50 17.693
51 17.336
52 17.653
53 22.097
54 21.599
55 18.466
56 16.221
57 17.069
58 18.396
59 20.239
60 17.523
61 19.082
62 20.313
63 21.174
64 20.248
65 18.496
66 18.384
67 19.129
68 17.579
69 19.437
70 22.509
71 23.125
72 21.023
73 20.968
74 20.582
75 19.882
76 19.864
77 18.757
78 18.480
79 19.331
80 20.152
81 21.168
82 18.824
83 18.958
84 19.514
85 19.177
86 18.190
87 18.227
88 19.203
89 19.456
90 20.815
91 18.526
92 17.154
93 17.730
94 20.323
95 19.597
96 18.754
97 16.138
98 20.078
99 21.437
100 20.767
101 18.381
102 19.035
103 18.258
104 17.662
105 17.061
106 17.863
107 16.813
108 17.122
109 17.427
110 20.780
111 20.671
112 20.539
113 19.181
114 17.278
115 16.426
116 17.382
117 16.425
118 16.247
119 17.088
120 18.686
121 18.886
122 17.453
123 16.882
124 20.839
125 20.762
126 18.716
127 18.405
128 20.876
129 22.823
130 21.556
131 20.170
132 19.339
133 21.125
134 24.615
135 20.751
136 19.665
137 18.536
138 19.740
139 21.250
140 22.365
141 22.835
142 22.828
143 22.025
144 21.551
145 21.840
146 23.331
147 24.095
148 24.139
149 23.135
150 21.908
151 23.250
152 23.780
153 21.108
154 22.767
155 24.312
156 24.120
157 24.194
158 24.837
159 25.659
160 26.078
161 24.893
162 26.108
163 26.601
164 27.690
165 28.493
166 27.298
167 27.300
168 29.195
169 29.474
170 31.589
171 30.768
172 30.564
173 30.655
174 30.284
175 30.381
176 31.724
177 31.387
178 31.456
179 32.518
180 30.626
181 31.048
182 31.669
183 32.140
184 31.838
185 31.249
186 32.830
187 34.436
188 33.507
189 33.377
190 33.424
191 33.377
192 34.185
193 35.146
194 34.951
195 35.277
196 35.146
197 35.087
198 35.567
199 36.510
200 36.337
201 36.722
202 36.525
203 36.790
204 37.164
205 36.686
206 37.185
207 37.028
208 37.000
209 37.531
210 37.244
211 37.242
212 37.159
213 37.293
214 37.819
215 38.082
216 37.783
217 37.975
218 38.386
219 37.982
220 38.734
221 38.430
222 39.117
223 38.983
224 39.321
225 38.817
226 39.520
227 40.050
228 39.950
229 40.152
230 40.318
231 40.564
232 40.354
233 40.604
234 40.792
235 41.066
236 41.533
237 41.689
238 41.085
239 40.853
240 41.730
241 42.181
242 42.486
243 42.431
244 43.139
245 42.879
246 43.017
247 43.299
248 43.685
249 44.164
250 44.655
251 44.625
252 44.432
253 44.659
254 44.437
255 45.200
256 45.645
257 45.860
258 45.827
259 46.457
260 46.806
261 47.048
262 47.118
263 47.792
264 48.000
265 48.275
266 48.715
267 48.993
268 49.319
269 49.688
270 50.242
271 50.610
272 50.471
273 51.386
274 51.769
275 51.810
276 52.148
277 53.137
278 54.011
279 54.020
280 54.229
281 54.573
282 55.288
283 55.974
284 56.716
285 56.819
286 57.170
287 57.709
288 57.728
289 58.578
290 59.627
291 61.013
292 61.285
293 61.780
294 62.743
295 63.467
296 63.747
297 64.181
298 64.941
299 65.645
300 66.411
301 67.313
302 67.758
303 68.580
304 68.739
305 69.500
306 70.552
307 71.539
308 71.950
309 72.946
310 74.519
311 74.761
312 75.369
313 76.171
314 77.156
315 77.790
316 78.760
317 79.121
318 80.079
319 80.640
320 81.641
321 82.674
322 83.615
323 84.255
324 84.853
325 85.435
326 86.795
327 87.894
328 88.225
329 89.603
330 90.985
331 91.729
332 92.267
333 93.795
334 95.617
335 97.149
336 98.421
337 99.974
338 102.474
339 104.451
340 106.277
341 110.032
342 112.291
343 114.194
344 116.531
345 124.318
346 131.923
347 137.013
348 141.282
349 145.771
350 151.957
351 155.562
352 162.599
353 167.264
354 169.513
355 169.999
356 170.000
357 170.000
358 170.000
359 170.000
360 170.000
361 170.000
362 170.000
363 170.000
364 170.000
365 170.000
366 170.000
367 170.000
368 170.000
369 170.000
370 170.000
371 170.000
372 170.000
373 170.000
374 170.000
375 170.000
376 170.000
377 170.000
378 170.000
379 170.000
380 170.000
381 170.000
382 170.000
383 170.000
384 170.000
385 170.000
386 170.000
387 170.000
388 170.000
389 170.000
390 170.000
391 170.000
392 170.000
393 170.000
394 170.000
395 170.000
396 170.000
397 170.000
398 170.000
399 170.000
400 170.000
401 170.000
402 170.000
403 170.000
404 170.000
405 170.000
406 170.000
407 170.000
408 170.000
409 168.880
410 166.761
411 163.510
412 159.813
413 154.740
414 149.401
415 146.628
416 144.286
417 142.724
418 141.283
419 139.732
420 138.293
421 137.027
422 135.959
423 135.657
424 135.057
425 134.136
426 132.758
427 131.104
428 129.750
429 128.357
430 126.477
431 124.513
432 123.182
433 121.154
434 120.083
435 118.710
436 117.680
437 116.576
438 114.256
439 112.982
440 112.085
441 110.733
442 109.652
443 108.543
444 107.560
445 106.148
446 104.965
447 104.075
448 103.326
449 102.064
450 101.073
451 100.325
452 99.748
453 98.671
454 97.842
455 97.261
456 96.439
457 95.588
458 95.057
459 94.432
460 93.757
461 92.977
462 92.146
463 91.087
464 90.767
465 89.930
466 88.936
467 88.665
468 88.024
469 87.169
470 86.933
471 86.759
472 85.845
473 85.012
474 84.737
475 84.265
476 83.221
477 82.686
478 82.923
479 82.470
480 81.563
481 80.795
482 80.998
483 80.193
484 79.536
485 79.083
486 78.988
487 78.842
488 78.134
489 77.623
490 77.207
491 76.497
492 75.909
493 75.660
494 75.403
495 74.831
496 74.673
497 74.305
498 74.028
499 73.583
500 72.911
501 72.440
502 72.020
503 71.514
504 71.341
505 71.198
506 70.753
507 70.404
508 70.144
509 69.726
510 69.517
511 68.783
512 68.739
513 68.085
514 67.443
515 67.667
516 67.667
517 67.027
518 66.667
519 66.631
520 66.124
521 65.795
522 65.100
523 65.325
524 64.944
525 64.612
526 64.039
527 64.024
528 63.451
529 63.543
530 62.876
531 62.539
532 62.312
533 61.866
534 61.171
535 61.207
536 61.602
537 61.292
538 60.717
539 60.062
540 60.150
541 60.667
542 59.614
543 58.857
544 58.665
545 58.453
546 58.226
547 57.815
548 58.119
549 58.048
550 57.656
551 57.307
552 57.231
553 57.499
554 56.836
555 56.019
556 55.801
557 56.289
558 56.321
559 56.145
560 56.093
561 54.955
562 54.735
563 54.893
564 54.896
565 54.042
566 53.852
567 53.839
568 53.778
569 53.093
570 52.802
571 52.343
572 52.279
573 52.116
574 51.948
575 51.536
576 51.023
577 50.375
578 49.757
579 49.717
580 49.571
581 48.874
582 48.466
583 48.017
584 47.478
585 46.775
586 46.631
587 46.656
588 46.139
589 45.679
590 44.879
591 44.668
592 43.825
593 43.267
594 42.627
595 41.617
596 41.124
597 40.798
598 39.861
599 39.688
600 38.458
601 38.185
602 37.450
603 37.613
604 36.603
605 34.871
606 34.533
607 35.892
608 35.275
609 34.480
610 34.733
611 33.927
612 31.767
613 31.658
614 31.961
615 29.974
616 27.818
617 31.589
618 29.438
619 27.106
620 27.229
621 27.876
622 27.081
623 28.299
624 26.914
625 25.681
626 25.281
627 24.853
628 24.599
629 22.338
630 22.034
631 22.614
632 21.584
633 22.869
634 22.714
635 24.567
636 23.508
637 22.986
638 21.498
639 22.062
640 23.230
641 22.204
642 21.283
643 19.863
644 17.480
645 20.836
646 22.381
647 23.546
648 22.042
649 21.377
650 20.022
651 20.443
652 20.656
653 21.305
654 21.949
655 21.712
656 21.507
657 22.052
658 20.610
659 19.511
660 21.131
661 21.544
662 21.372
663 19.031
664 20.381
665 19.461
666 18.435
667 19.439
668 19.848
669 21.923
670 20.006
671 19.517
672 21.510
673 19.667
674 20.474
675 22.093
676 21.005
677 19.547
678 21.177
679 22.262
680 23.320
681 22.232
682 19.458
683 20.421
684 20.863
685 20.353
686 20.935
687 20.982
688 21.906
689 20.447
690 18.784
691 17.811
692 19.183
693 20.111
694 20.948
695 20.765
696 20.887
697 19.950
698 20.918
699 20.145
700 21.464
701 22.380
702 22.709
703 21.737
704 21.380
705 21.789
706 20.131
707 21.079
708 20.296
709 19.681
710 20.674
711 20.203
712 19.038
713 19.706
714 21.700
715 20.916
716 19.776
717 20.188
718 20.465
719 19.674
720 19.140
721 19.481
722 21.839
723 21.685
724 22.973
725 22.639
726 22.921
727 21.845
728 19.628
729 18.368
730 20.055
731 20.524
732 21.679
733 20.343
734 19.168
735 19.061
736 20.069
737 20.455
738 19.373
739 18.890
740 17.715
741 19.019
742 18.952
743 18.436
744 21.298
745 22.119
746 21.934
747 20.902
748 18.945
749 19.992
750 21.235
751 21.441
752 20.757
753 19.444
754 19.516
755 20.349
756 20.170
757 18.966
758 19.174
759 12.341
760 1.170
761 0.000
762 0.000
763 0.000
764 0.000
765 0.000
766 0.000
