0 17.000
1 17.816
2 19.796
3 22.061
4 23.125
5 22.098
6 19.806
7 18.162
8 18.483
9 19.610
10 17.526
11 16.788
12 18.649
13 18.876
14 19.363
15 17.615
16 17.411
17 17.811
18 17.829
19 18.763
20 20.261
21 21.106
22 17.435
23 15.447
24 17.482
25 19.270
26 18.076
27 16.962
28 18.000
29 19.371
30 17.831
31 17.289
32 18.787
33 19.812
34 20.216
35 19.195
36 17.978
37 18.800
38 19.859
39 20.044
40 19.917
41 19.731
42 19.941
43 21.317
44 22.189
45 18.243
46 17.128
47 17.397
48 18.162
49 19.264
50 20.297
51 18.966
52 17.725
53 18.502
54 18.276
55 18.576
56 19.960
57 19.048
58 16.630
59 18.339
60 20.391
61 20.266
62 19.166
63 17.983
64 19.096
65 20.054
66 17.940
67 18.575
68 19.265
69 19.756
70 21.851
71 21.435
72 22.118
73 21.492
74 19.180
75 20.179
76 21.621
77 20.884
78 19.820
79 17.868
80 18.818
81 18.022
82 18.552
83 18.771
84 17.393
85 17.710
86 19.268
87 20.569
88 21.209
89 20.832
90 18.826
91 16.680
92 19.314
93 21.409
94 20.747
95 20.493
96 20.435
97 21.633
98 22.007
99 20.089
100 17.702
101 16.286
102 18.043
103 18.954
104 19.296
105 19.092
106 18.617
107 18.722
108 18.048
109 18.463
110 19.298
111 20.271
112 19.627
113 19.403
114 18.583
115 20.250
116 21.605
117 20.543
118 21.124
119 21.541
120 21.731
121 21.721
122 22.707
123 22.676
124 23.220
125 22.670
126 22.611
127 23.574
128 23.967
129 25.614
130 23.966
131 21.289
132 21.606
133 23.109
134 23.645
135 23.309
136 23.035
137 22.291
138 22.086
139 25.064
140 24.950
141 23.341
142 24.220
143 26.562
144 26.768
145 27.425
146 27.471
147 27.343
148 26.502
149 26.684
150 26.118
151 29.305
152 28.911
153 26.683
154 26.221
155 26.030
156 27.301
157 28.321
158 27.586
159 27.847
160 28.597
161 28.667
162 28.933
163 31.078
164 32.193
165 32.006
166 31.141
167 32.616
168 30.297
169 30.873
170 31.458
171 33.023
172 33.150
173 30.673
174 33.291
175 33.812
176 33.586
177 35.060
178 34.696
179 34.329
180 35.523
181 33.828
182 32.947
183 34.511
184 32.801
185 32.374
186 32.431
187 32.141
188 32.267
189 32.267
190 31.505
191 32.537
192 33.804
193 34.462
194 34.216
195 33.022
196 31.667
197 32.207
198 32.910
199 32.739
200 32.758
201 33.603
202 33.429
203 33.868
204 34.604
205 35.886
206 36.377
207 34.595
208 36.165
209 35.817
210 35.129
211 36.222
212 36.473
213 36.691
214 38.167
215 38.381
216 37.152
217 37.007
218 37.090
219 37.408
220 37.987
221 38.177
222 38.147
223 38.457
224 38.667
225 39.297
226 39.382
227 39.741
228 39.799
229 39.387
230 40.467
231 41.003
232 41.329
233 41.105
234 41.958
235 42.000
236 42.462
237 43.155
238 44.000
239 43.674
240 44.015
241 44.442
242 44.943
243 45.581
244 45.930
245 46.657
246 46.870
247 47.213
248 48.026
249 48.116
250 48.715
251 49.709
252 50.488
253 50.845
254 51.047
255 51.335
256 52.146
257 52.239
258 52.913
259 53.809
260 54.446
261 54.997
262 55.297
263 56.090
264 56.553
265 57.444
266 58.145
267 58.357
268 59.710
269 60.776
270 61.500
271 62.150
272 62.830
273 63.320
274 63.705
275 65.289
276 66.514
277 67.188
278 68.949
279 69.714
280 70.000
281 70.748
282 71.848
283 73.244
284 73.981
285 75.686
286 76.661
287 78.224
288 79.878
289 81.058
290 81.604
291 83.242
292 84.343
293 85.513
294 87.106
295 89.196
296 90.068
297 92.034
298 93.537
299 94.518
300 95.718
301 97.597
302 98.799
303 100.000
304 100.940
305 102.279
306 105.057
307 107.141
308 108.224
309 109.586
310 112.428
311 116.417
312 118.654
313 123.352
314 128.281
315 132.914
316 136.049
317 140.539
318 142.355
319 146.720
320 155.106
321 163.028
322 168.036
323 169.975
324 170.000
325 170.000
326 170.000
327 170.000
328 170.000
329 170.000
330 170.000
331 170.000
332 170.000
333 170.000
334 170.000
335 170.000
336 170.000
337 170.000
338 170.000
339 170.000
340 170.000
341 170.000
342 170.000
343 170.000
344 170.000
345 170.000
346 170.000
347 170.000
348 170.000
349 170.000
350 170.000
351 170.000
352 170.000
353 170.000
354 170.000
355 170.000
356 170.000
357 170.000
358 170.000
359 170.000
360 170.000
361 170.000
362 170.000
363 170.000
364 170.000
365 170.000
366 170.000
367 170.000
368 170.000
369 170.000
370 170.000
371 170.000
372 170.000
373 170.000
374 170.000
375 170.000
376 170.000
377 169.655
378 167.736
379 163.309
380 155.963
381 152.499
382 150.037
383 147.484
384 144.791
385 143.106
386 142.113
387 141.019
388 139.484
389 138.460
390 137.707
391 137.126
392 136.277
393 135.195
394 134.037
395 133.974
396 132.769
397 130.386
398 128.804
399 127.455
400 125.854
401 124.734
402 123.121
403 121.419
404 119.905
405 118.953
406 117.620
407 116.291
408 115.084
409 114.044
410 112.645
411 111.204
412 110.385
413 108.917
414 107.774
415 106.941
416 105.796
417 104.834
418 103.844
419 103.317
420 102.446
421 101.131
422 100.518
423 99.522
424 98.904
425 97.436
426 96.465
427 95.901
428 95.415
429 94.568
430 93.591
431 92.464
432 91.762
433 91.095
434 90.307
435 89.242
436 88.956
437 89.190
438 88.692
439 87.721
440 87.209
441 86.739
442 85.913
443 85.890
444 85.780
445 84.782
446 83.881
447 83.188
448 82.492
449 82.182
450 82.175
451 81.438
452 81.315
453 81.333
454 80.522
455 79.399
456 78.807
457 78.135
458 78.203
459 77.808
460 77.275
461 76.830
462 76.333
463 76.143
464 75.719
465 75.227
466 75.040
467 74.709
468 74.524
469 73.832
470 73.422
471 73.536
472 73.201
473 72.798
474 72.144
475 71.939
476 71.172
477 70.927
478 70.541
479 70.246
480 69.794
481 69.468
482 69.297
483 68.587
484 68.124
485 67.707
486 67.434
487 67.210
488 67.302
489 67.053
490 66.347
491 65.914
492 65.300
493 65.175
494 65.045
495 64.691
496 64.495
497 64.426
498 64.333
499 64.178
500 63.506
501 63.234
502 62.459
503 62.498
504 62.667
505 62.259
506 61.942
507 61.321
508 60.846
509 60.790
510 60.468
511 59.931
512 60.427
513 60.615
514 60.159
515 60.056
516 59.490
517 59.137
518 58.383
519 58.590
520 58.836
521 58.311
522 57.594
523 57.682
524 57.833
525 57.205
526 57.000
527 56.984
528 56.799
529 57.087
530 56.529
531 56.216
532 56.043
533 55.525
534 55.729
535 55.563
536 55.026
537 54.842
538 54.765
539 54.667
540 54.666
541 54.056
542 53.579
543 53.199
544 52.886
545 52.681
546 52.974
547 52.351
548 52.185
549 51.181
550 50.837
551 49.815
552 49.752
553 49.333
554 48.975
555 48.644
556 48.137
557 47.193
558 47.017
559 46.634
560 46.531
561 45.845
562 45.114
563 44.009
564 43.631
565 43.188
566 42.545
567 41.234
568 41.223
569 41.910
570 40.318
571 38.623
572 37.428
573 37.248
574 37.109
575 36.869
576 36.102
577 36.259
578 34.438
579 33.384
580 34.394
581 33.155
582 30.594
583 29.689
584 29.874
585 28.741
586 30.835
587 30.640
588 30.248
589 29.169
590 31.168
591 29.719
592 29.440
593 28.516
594 27.852
595 28.294
596 29.105
597 27.738
598 25.884
599 26.629
600 28.202
601 27.445
602 27.667
603 26.357
604 25.545
605 23.541
606 21.592
607 23.911
608 25.355
609 26.535
610 26.514
611 26.404
612 25.491
613 23.394
614 21.978
615 21.734
616 22.102
617 20.525
618 23.750
619 23.881
620 23.726
621 23.782
622 23.743
623 23.059
624 23.589
625 23.498
626 21.462
627 20.226
628 17.898
629 18.170
630 21.106
631 22.594
632 22.849
633 20.284
634 19.018
635 20.893
636 22.262
637 20.512
638 19.609
639 20.039
640 21.135
641 20.144
642 21.320
643 22.162
644 20.944
645 19.697
646 19.233
647 21.620
648 20.603
649 18.389
650 19.442
651 19.393
652 22.072
653 22.881
654 21.185
655 21.492
656 22.622
657 22.293
658 21.597
659 21.346
660 19.848
661 19.584
662 20.286
663 19.524
664 19.358
665 19.485
666 20.686
667 21.885
668 21.540
669 17.744
670 20.705
671 21.317
672 18.231
673 18.012
674 19.392
675 19.547
676 20.121
677 20.098
678 21.352
679 22.931
680 21.750
681 20.788
682 21.077
683 22.904
684 22.999
685 20.198
686 23.545
687 22.420
688 19.626
689 18.554
690 19.835
691 22.266
692 21.157
693 20.657
694 19.933
695 19.157
696 18.904
697 19.968
698 21.947
699 21.688
700 20.723
701 19.958
702 19.761
703 19.122
704 21.034
705 22.068
706 21.303
707 21.000
