0 21.667
1 23.230
2 20.184
3 18.054
4 16.565
5 16.171
6 16.718
7 18.606
8 20.667
9 20.446
10 18.978
11 20.211
12 21.066
13 21.006
14 20.523
15 18.755
16 17.531
17 21.277
18 21.248
19 17.511
20 18.427
21 18.529
22 19.404
23 20.014
24 20.067
25 19.853
26 19.353
27 17.456
28 17.269
29 20.281
30 19.391
31 20.847
32 22.338
33 22.168
34 20.436
35 19.275
36 19.313
37 20.748
38 20.478
39 20.098
40 19.700
41 17.883
42 19.020
43 20.080
44 20.268
45 18.481
46 18.910
47 19.448
48 18.946
49 17.645
50 18.113
51 20.220
52 20.744
53 19.636
54 20.001
55 21.963
56 22.401
57 19.186
58 20.053
59 17.772
60 17.085
61 20.016
62 20.806
63 20.593
64 17.721
65 17.639
66 19.590
67 20.189
68 21.735
69 20.248
70 18.595
71 19.288
72 21.105
73 20.771
74 20.207
75 17.309
76 19.407
77 20.423
78 19.735
79 18.058
80 17.879
81 18.808
82 18.694
83 19.262
84 18.643
85 20.491
86 21.214
87 20.954
88 20.925
89 20.583
90 20.702
91 21.812
92 20.921
93 20.664
94 19.834
95 19.442
96 19.225
97 18.630
98 20.217
99 19.478
100 18.276
101 20.313
102 21.936
103 19.318
104 18.226
105 20.736
106 21.152
107 21.433
108 22.807
109 22.749
110 20.765
111 19.400
112 19.341
113 22.977
114 22.649
115 22.412
116 22.174
117 23.702
118 24.439
119 23.198
120 21.689
121 22.421
122 22.432
123 22.699
124 21.327
125 22.310
126 24.757
127 23.659
128 23.116
129 23.950
130 23.837
131 24.562
132 24.814
133 25.367
134 25.903
135 26.485
136 25.252
137 24.205
138 26.724
139 24.754
140 25.197
141 27.741
142 28.294
143 28.696
144 29.437
145 27.647
146 24.299
147 22.551
148 26.082
149 27.649
150 27.883
151 26.958
152 27.921
153 28.627
154 27.815
155 27.688
156 28.944
157 29.012
158 28.902
159 28.019
160 26.400
161 25.349
162 27.433
163 29.081
164 27.437
165 25.961
166 27.912
167 26.807
168 25.211
169 25.483
170 28.372
171 28.851
172 26.482
173 26.217
174 27.472
175 27.095
176 28.625
177 31.681
178 30.981
179 30.279
180 31.820
181 31.173
182 28.830
183 30.261
184 33.554
185 33.620
186 30.015
187 33.471
188 35.141
189 34.631
190 32.803
191 34.398
192 34.948
193 33.338
194 30.552
195 32.551
196 32.941
197 32.283
198 34.850
199 34.321
200 32.810
201 32.244
202 32.898
203 33.213
204 32.886
205 34.483
206 34.062
207 34.179
208 32.824
209 32.041
210 34.209
211 33.010
212 32.429
213 33.378
214 30.512
215 30.635
216 30.892
217 30.173
218 30.561
219 31.352
220 32.149
221 32.359
222 34.112
223 32.245
224 32.052
225 33.280
226 33.195
227 32.780
228 32.912
229 31.922
230 32.425
231 32.566
232 32.081
233 33.271
234 33.416
235 33.434
236 34.768
237 35.714
238 35.539
239 34.988
240 34.636
241 35.263
242 35.708
243 36.421
244 36.800
245 37.021
246 37.142
247 37.935
248 38.649
249 38.746
250 39.135
251 38.755
252 39.809
253 40.361
254 41.118
255 42.172
256 42.232
257 42.807
258 43.522
259 44.079
260 44.684
261 45.025
262 45.284
263 46.423
264 47.166
265 47.229
266 47.931
267 48.909
268 49.524
269 50.445
270 51.192
271 52.097
272 52.980
273 53.505
274 54.249
275 55.251
276 56.268
277 56.948
278 58.153
279 59.175
280 59.620
281 60.855
282 61.545
283 62.382
284 63.422
285 64.386
286 65.671
287 67.168
288 68.202
289 69.245
290 71.019
291 72.458
292 73.680
293 75.305
294 76.893
295 78.755
296 80.956
297 82.578
298 84.300
299 87.071
300 88.881
301 90.406
302 92.371
303 94.327
304 96.258
305 98.719
306 99.908
307 101.749
308 104.439
309 106.606
310 108.693
311 110.453
312 111.632
313 113.599
314 117.031
315 118.918
316 122.000
317 127.062
318 130.267
319 134.910
320 138.177
321 140.517
322 145.649
323 152.092
324 156.947
325 162.573
326 169.654
327 170.000
328 170.000
329 170.000
330 170.000
331 170.000
332 170.000
333 170.000
334 170.000
335 170.000
336 170.000
337 170.000
338 170.000
339 170.000
340 170.000
341 170.000
342 170.000
343 170.000
344 170.000
345 170.000
346 170.000
347 170.000
348 170.000
349 170.000
350 170.000
351 170.000
352 170.000
353 170.000
354 170.000
355 170.000
356 170.000
357 170.000
358 170.000
359 170.000
360 170.000
361 170.000
362 170.000
363 170.000
364 170.000
365 170.000
366 170.000
367 170.000
368 170.000
369 170.000
370 170.000
371 170.000
372 170.000
373 170.000
374 170.000
375 170.000
376 170.000
377 170.000
378 170.000
379 170.000
380 169.520
381 166.096
382 163.759
383 159.091
384 153.955
385 150.950
386 149.182
387 147.321
388 145.241
389 144.106
390 142.393
391 141.198
392 140.516
393 138.958
394 138.240
395 137.829
396 137.175
397 136.323
398 135.703
399 134.630
400 134.332
401 133.264
402 130.794
403 129.283
404 127.367
405 125.685
406 124.808
407 123.652
408 121.268
409 120.371
410 119.612
411 117.697
412 116.205
413 114.723
414 113.660
415 112.454
416 111.440
417 109.998
418 108.952
419 108.060
420 106.099
421 105.756
422 104.997
423 104.247
424 103.716
425 102.526
426 101.253
427 100.197
428 99.171
429 99.002
430 98.727
431 97.313
432 96.395
433 95.872
434 95.124
435 94.243
436 92.842
437 92.189
438 92.333
439 91.794
440 90.497
441 89.898
442 89.504
443 88.775
444 87.909
445 87.307
446 85.989
447 85.684
448 84.964
449 83.948
450 83.357
451 83.333
452 82.641
453 81.956
454 81.400
455 80.554
456 80.300
457 79.535
458 79.254
459 78.231
460 77.967
461 77.508
462 77.333
463 77.002
464 76.463
465 76.374
466 75.748
467 75.650
468 74.924
469 74.083
470 73.533
471 73.137
472 72.618
473 72.461
474 72.282
475 72.430
476 71.458
477 70.909
478 70.667
479 70.254
480 69.852
481 69.256
482 68.513
483 68.795
484 68.339
485 68.235
486 67.984
487 67.562
488 67.244
489 67.002
490 66.716
491 66.041
492 65.603
493 65.247
494 64.722
495 64.497
496 64.138
497 63.799
498 63.202
499 63.121
500 63.592
501 63.138
502 62.204
503 62.087
504 62.421
505 62.361
506 61.489
507 61.319
508 61.300
509 61.158
510 60.585
511 60.045
512 60.090
513 60.110
514 59.719
515 59.530
516 59.011
517 58.885
518 58.994
519 58.892
520 58.695
521 58.335
522 58.333
523 57.654
524 56.844
525 56.652
526 56.925
527 56.759
528 56.416
529 56.372
530 56.452
531 55.843
532 55.143
533 55.531
534 55.616
535 55.459
536 55.116
537 54.972
538 54.394
539 54.550
540 54.970
541 54.647
542 53.917
543 53.457
544 53.498
545 53.307
546 53.316
547 52.980
548 52.808
549 52.361
550 52.190
551 52.184
552 51.831
553 50.769
554 50.489
555 50.456
556 50.235
557 49.876
558 48.994
559 48.527
560 48.341
561 47.650
562 47.299
563 46.897
564 46.361
565 46.137
566 45.612
567 44.025
568 44.022
569 43.416
570 42.722
571 42.355
572 41.694
573 40.561
574 40.187
575 39.802
576 38.617
577 38.486
578 37.467
579 36.255
580 35.939
581 35.918
582 35.129
583 34.861
584 35.583
585 35.544
586 35.816
587 36.290
588 32.940
589 31.441
590 31.212
591 30.437
592 31.187
593 31.818
594 31.709
595 31.898
596 30.967
597 32.156
598 30.605
599 27.419
600 26.491
601 28.658
602 29.764
603 29.122
604 28.758
605 24.911
606 24.347
607 27.445
608 27.249
609 26.885
610 25.041
611 22.962
612 22.866
613 20.572
614 18.906
615 23.164
616 24.301
617 23.685
618 22.189
619 22.725
620 23.597
621 23.204
622 23.273
623 22.989
624 23.452
625 21.956
626 22.453
627 20.759
628 20.578
629 20.126
630 20.961
631 20.942
632 22.271
633 22.641
634 23.437
635 21.568
636 20.046
637 19.834
638 19.443
639 19.833
640 22.023
641 22.187
642 20.973
643 21.604
644 20.377
645 19.365
646 20.059
647 20.554
648 19.562
649 18.477
650 19.854
651 23.842
652 24.027
653 22.697
654 22.701
655 22.279
656 19.735
657 20.189
658 21.267
659 21.822
660 21.807
661 20.380
662 20.760
663 19.827
664 19.321
665 20.480
666 22.421
667 23.620
668 22.059
669 22.430
670 20.585
671 17.888
672 20.479
673 22.498
674 22.510
675 21.314
676 21.278
677 20.506
678 20.846
679 20.430
680 22.747
681 20.368
682 18.393
683 17.831
684 17.012
685 16.250
686 19.267
687 22.718
688 22.198
689 21.062
690 21.027
691 19.142
692 18.659
693 18.765
694 19.670
695 23.070
696 22.823
697 20.140
698 19.392
699 19.143
700 19.189
701 19.807
702 20.936
703 19.787
704 19.237
705 19.740
706 19.527
707 20.000
