0 21.000
1 21.000
2 20.111
3 23.399
4 20.370
5 20.000
6 20.984
7 20.819
8 17.686
9 20.023
10 21.561
11 20.854
12 17.450
13 19.930
14 21.175
15 19.095
16 20.480
17 20.780
18 20.997
19 21.650
20 21.318
21 19.342
22 17.765
23 19.647
24 18.544
25 19.872
26 21.326
27 22.228
28 21.294
29 22.283
30 21.864
31 20.752
32 20.718
33 22.655
34 21.813
35 23.415
36 23.661
37 19.841
38 18.452
39 21.387
40 23.143
41 21.481
42 21.691
43 23.142
44 22.054
45 22.555
46 22.667
47 23.698
48 22.482
49 23.368
50 23.944
51 20.941
52 24.243
53 25.980
54 22.863
55 24.318
56 23.748
57 23.937
58 24.491
59 25.111
60 24.634
61 26.389
62 26.773
63 23.707
64 27.312
65 28.195
66 26.909
67 25.964
68 26.419
69 28.540
70 29.968
71 30.679
72 30.143
73 30.420
74 31.289
75 33.400
76 34.962
77 33.635
78 33.135
79 31.606
80 30.819
81 32.879
82 34.052
83 35.705
84 35.145
85 34.829
86 33.588
87 34.170
88 35.160
89 36.028
90 38.214
91 39.187
92 38.346
93 37.909
94 39.346
95 39.780
96 39.902
97 41.103
98 41.696
99 42.113
100 42.545
101 42.002
102 42.164
103 42.127
104 42.768
105 43.791
106 44.721
107 44.889
108 45.032
109 45.338
110 45.525
111 46.086
112 46.600
113 47.547
114 47.565
115 47.809
116 48.195
117 48.666
118 48.877
119 48.923
120 49.229
121 49.277
122 49.713
123 50.478
124 50.669
125 50.853
126 50.793
127 51.037
128 51.142
129 51.436
130 51.731
131 51.680
132 51.558
133 51.409
134 51.656
135 52.212
136 52.206
137 52.211
138 52.518
139 52.477
140 52.922
141 53.523
142 53.478
143 53.576
144 53.873
145 53.723
146 53.933
147 54.396
148 54.919
149 55.121
150 55.150
151 55.507
152 55.500
153 55.534
154 55.803
155 56.127
156 56.400
157 56.755
158 56.906
159 57.178
160 57.618
161 57.704
162 57.835
163 58.148
164 58.496
165 58.932
166 58.615
167 58.371
168 58.721
169 58.900
170 59.160
171 59.469
172 59.820
173 60.041
174 60.407
175 60.842
176 60.980
177 61.496
178 61.495
179 61.446
180 61.860
181 62.311
182 62.487
183 62.745
184 63.040
185 63.290
186 64.099
187 64.766
188 64.829
189 64.805
190 65.124
191 65.495
192 65.681
193 65.833
194 66.471
195 67.174
196 67.667
197 67.667
198 67.893
199 68.423
200 69.024
201 69.386
202 69.376
203 70.253
204 70.642
205 70.678
206 71.106
207 71.547
208 71.972
209 72.772
210 73.263
211 73.689
212 74.451
213 74.434
214 74.463
215 75.539
216 76.178
217 76.652
218 76.796
219 77.289
220 77.794
221 77.922
222 78.716
223 79.274
224 79.888
225 80.604
226 80.855
227 81.336
228 81.559
229 82.283
230 82.965
231 83.211
232 83.683
233 84.311
234 84.857
235 85.492
236 86.073
237 86.926
238 87.742
239 88.189
240 88.973
241 89.614
242 89.738
243 90.683
244 91.858
245 92.864
246 93.691
247 94.185
248 94.422
249 95.592
250 96.593
251 97.421
252 98.744
253 99.249
254 100.162
255 101.025
256 102.268
257 103.371
258 104.144
259 104.874
260 106.017
261 107.240
262 108.867
263 109.570
264 110.668
265 112.257
266 113.796
267 115.724
268 116.379
269 117.438
270 119.746
271 121.202
272 122.650
273 125.168
274 126.924
275 128.916
276 130.536
277 132.302
278 134.004
279 134.107
280 134.855
281 136.933
282 137.232
283 138.781
284 139.597
285 140.533
286 141.986
287 142.934
288 145.408
289 145.988
290 146.245
291 148.351
292 150.507
293 152.168
294 154.538
295 156.796
296 161.497
297 166.529
298 169.800
299 170.000
300 170.000
301 170.000
302 170.000
303 170.000
304 170.000
305 170.000
306 170.000
307 170.000
308 170.000
309 170.000
310 170.000
311 170.000
312 170.000
313 170.000
314 170.000
315 170.000
316 170.000
317 170.000
318 170.000
319 170.000
320 170.000
321 170.000
322 170.000
323 170.000
324 170.000
325 170.000
326 170.000
327 170.000
328 170.000
329 170.000
330 170.000
331 170.000
332 170.000
333 170.000
334 170.000
335 170.000
336 170.000
337 170.000
338 170.000
339 170.000
340 170.000
341 170.000
342 170.000
343 170.000
344 170.000
345 170.000
346 170.000
347 170.000
348 170.000
349 170.000
350 170.000
351 170.000
352 170.000
353 170.000
354 168.225
355 164.265
356 160.350
357 150.813
358 145.899
359 140.830
360 138.580
361 136.848
362 133.983
363 131.235
364 128.331
365 122.687
366 119.371
367 114.941
368 112.652
369 110.480
370 106.950
371 104.908
372 101.076
373 98.815
374 96.650
375 93.264
376 91.297
377 89.589
378 86.514
379 84.546
380 81.516
381 79.327
382 77.520
383 74.265
384 72.288
385 70.112
386 68.394
387 67.133
388 65.032
389 63.306
390 62.720
391 61.337
392 59.766
393 59.160
394 57.882
395 56.509
396 55.418
397 55.043
398 54.698
399 54.155
400 53.697
401 53.785
402 53.164
403 52.996
404 53.383
405 53.510
406 53.448
407 53.532
408 53.383
409 53.451
410 53.928
411 53.924
412 53.769
413 54.086
414 54.065
415 54.013
416 53.780
417 53.555
418 54.322
419 54.162
420 53.925
421 53.848
422 53.833
423 53.883
424 53.919
425 53.506
426 53.375
427 53.599
428 53.423
429 53.347
430 53.348
431 53.462
432 53.175
433 52.591
434 52.588
435 52.539
436 52.599
437 52.291
438 51.975
439 51.609
440 51.364
441 51.117
442 50.970
443 50.870
444 50.643
445 49.989
446 49.167
447 48.949
448 48.984
449 48.865
450 48.492
451 48.500
452 48.056
453 47.473
454 46.899
455 46.651
456 46.464
457 45.930
458 45.739
459 45.614
460 45.602
461 45.587
462 44.970
463 44.586
464 44.255
465 43.968
466 43.806
467 43.093
468 42.637
469 42.488
470 42.567
471 42.332
472 41.646
473 41.318
474 41.333
475 41.440
476 41.761
477 41.709
478 40.683
479 40.027
480 40.406
481 40.345
482 40.218
483 40.388
484 40.109
485 39.748
486 39.794
487 39.659
488 39.708
489 39.494
490 39.336
491 39.326
492 38.990
493 38.999
494 39.274
495 39.336
496 39.046
497 39.096
498 38.756
499 38.287
500 38.168
501 38.338
502 38.351
503 37.512
504 37.027
505 37.480
506 37.549
507 36.810
508 36.817
509 36.471
510 36.119
511 35.899
512 35.662
513 35.352
514 35.068
515 34.689
516 34.394
517 35.346
518 36.131
519 34.311
520 34.380
521 35.481
522 34.693
523 34.129
524 34.133
525 33.455
526 32.703
527 31.502
528 31.326
529 33.332
530 32.042
531 30.388
532 31.184
533 30.171
534 28.501
535 30.855
536 31.832
537 30.618
538 29.457
539 27.882
540 28.514
541 29.758
542 27.600
543 25.770
544 26.286
545 26.332
546 26.383
547 26.863
548 24.848
549 24.017
550 25.831
551 25.240
552 25.215
553 23.318
554 24.199
555 24.444
556 22.641
557 23.178
558 22.582
559 22.524
560 23.875
561 23.373
562 22.101
563 22.637
564 21.656
565 21.907
566 21.859
567 21.652
568 20.815
569 21.220
570 21.632
571 20.984
572 21.950
573 21.014
574 19.874
575 20.275
576 22.164
577 21.196
578 20.216
579 18.707
580 18.128
581 17.387
582 17.968
583 18.518
584 18.486
585 18.550
586 21.343
587 21.657
588 19.881
589 18.185
590 17.536
591 17.550
592 17.938
593 18.388
594 20.013
595 18.878
596 17.672
597 17.232
598 18.429
599 17.849
600 19.991
601 19.866
602 20.292
603 19.783
604 18.603
605 19.133
606 21.739
607 21.047
608 19.859
609 21.075
610 20.771
611 19.129
612 20.025
613 21.148
614 19.465
615 17.528
616 18.354
617 17.725
618 18.124
619 19.167
620 21.588
621 20.959
622 21.012
623 17.721
624 19.213
625 20.962
626 20.467
627 19.814
628 20.764
629 22.383
630 20.584
631 19.441
632 19.829
633 17.626
634 17.143
635 19.164
636 18.580
637 17.206
638 18.469
639 19.548
640 19.461
641 19.469
642 20.869
643 18.769
644 20.617
645 21.283
646 18.133
647 16.303
648 16.333
649 19.657
650 19.997
651 19.790
652 21.246
653 20.373
654 18.112
655 20.333
