0 18.333
1 19.593
2 21.501
3 22.572
4 22.057
5 18.705
6 20.049
7 21.313
8 21.671
9 18.262
10 20.048
11 19.434
12 17.488
13 17.157
14 19.458
15 19.475
16 19.507
17 18.911
18 19.208
19 20.364
20 19.511
21 19.402
22 20.570
23 20.432
24 19.913
25 19.807
26 19.899
27 19.556
28 20.283
29 19.184
30 17.194
31 20.251
32 21.449
33 20.997
34 19.477
35 19.290
36 19.077
37 19.398
38 19.568
39 18.153
40 18.446
41 19.089
42 18.153
43 16.568
44 17.996
45 19.552
46 20.476
47 20.948
48 20.615
49 19.227
50 17.547
51 18.831
52 20.560
53 20.599
54 18.879
55 18.515
56 20.506
57 21.383
58 20.982
59 18.883
60 20.379
61 21.899
62 21.515
63 20.438
64 18.742
65 16.363
66 17.478
67 18.403
68 20.776
69 21.080
70 19.322
71 18.479
72 18.811
73 20.240
74 18.688
75 15.673
76 17.764
77 20.821
78 20.538
79 19.748
80 19.054
81 18.607
82 20.392
83 20.169
84 18.085
85 16.650
86 18.898
87 21.459
88 20.364
89 18.982
90 19.051
91 21.337
92 23.424
93 21.969
94 20.618
95 21.026
96 22.731
97 23.078
98 22.199
99 24.760
100 23.629
101 22.046
102 22.862
103 25.785
104 25.108
105 23.886
106 24.965
107 26.264
108 26.143
109 25.542
110 25.028
111 25.596
112 27.212
113 28.152
114 26.945
115 28.097
116 28.261
117 28.629
118 29.669
119 29.670
120 28.486
121 32.330
122 30.960
123 29.437
124 30.672
125 32.111
126 33.467
127 32.609
128 32.491
129 31.942
130 32.907
131 34.485
132 33.073
133 32.563
134 35.942
135 34.833
136 34.976
137 34.606
138 34.060
139 34.723
140 35.183
141 35.291
142 36.939
143 36.561
144 37.547
145 38.299
146 37.335
147 37.623
148 37.358
149 38.133
150 38.535
151 38.715
152 39.076
153 39.527
154 39.837
155 39.398
156 40.205
157 40.335
158 40.209
159 40.680
160 40.555
161 40.391
162 40.694
163 41.857
164 41.575
165 42.151
166 42.456
167 42.340
168 42.579
169 42.557
170 42.454
171 42.526
172 42.796
173 42.995
174 43.220
175 43.667
176 43.667
177 43.827
178 44.048
179 44.188
180 44.196
181 44.731
182 45.120
183 45.127
184 45.312
185 45.365
186 46.595
187 46.856
188 46.891
189 46.884
190 47.310
191 47.468
192 47.761
193 48.019
194 48.386
195 48.438
196 48.723
197 49.869
198 49.696
199 49.914
200 50.689
201 51.590
202 51.328
203 51.608
204 51.528
205 51.639
206 52.092
207 52.588
208 52.610
209 53.198
210 54.020
211 54.859
212 54.780
213 54.833
214 55.127
215 55.928
216 55.769
217 56.396
218 56.839
219 57.718
220 58.254
221 58.687
222 58.862
223 59.346
224 60.209
225 60.667
226 60.928
227 62.012
228 62.985
229 62.667
230 63.604
231 64.658
232 64.979
233 65.440
234 65.966
235 66.409
236 67.534
237 68.470
238 68.899
239 69.496
240 70.195
241 71.688
242 72.213
243 72.604
244 73.404
245 74.443
246 75.434
247 76.132
248 77.356
249 78.065
250 78.910
251 79.927
252 81.128
253 81.634
254 82.480
255 83.852
256 84.987
257 86.218
258 87.726
259 88.566
260 89.147
261 90.423
262 92.295
263 93.038
264 94.069
265 95.554
266 97.451
267 98.187
268 98.954
269 100.666
270 102.052
271 102.578
272 104.679
273 106.449
274 107.187
275 108.800
276 110.521
277 112.369
278 114.428
279 116.792
280 118.457
281 120.088
282 122.989
283 126.026
284 128.175
285 132.397
286 134.774
287 135.642
288 137.054
289 140.740
290 144.535
291 147.743
292 151.898
293 159.184
294 163.569
295 166.363
296 169.071
297 169.941
298 170.000
299 170.000
300 170.000
301 170.000
302 170.000
303 170.000
304 170.000
305 170.000
306 170.000
307 170.000
308 170.000
309 170.000
310 170.000
311 170.000
312 170.000
313 170.000
314 170.000
315 170.000
316 170.000
317 170.000
318 170.000
319 170.000
320 170.000
321 170.000
322 170.000
323 170.000
324 170.000
325 170.000
326 170.000
327 170.000
328 170.000
329 170.000
330 170.000
331 170.000
332 170.000
333 170.000
334 170.000
335 170.000
336 170.000
337 170.000
338 170.000
339 170.000
340 170.000
341 170.000
342 170.000
343 170.000
344 170.000
345 170.000
346 170.000
347 170.000
348 170.000
349 170.000
350 170.000
351 170.000
352 170.000
353 170.000
354 167.809
355 161.476
356 156.245
357 150.310
358 147.452
359 145.697
360 143.960
361 142.538
362 140.987
363 139.685
364 138.965
365 137.804
366 137.118
367 136.044
368 134.834
369 133.696
370 131.787
371 129.771
372 128.466
373 127.138
374 126.213
375 123.884
376 122.063
377 120.333
378 118.212
379 116.820
380 115.547
381 114.330
382 112.026
383 110.658
384 109.339
385 108.081
386 106.537
387 105.947
388 104.654
389 103.554
390 102.517
391 101.074
392 100.295
393 99.642
394 98.782
395 97.435
396 95.939
397 95.335
398 94.643
399 93.494
400 92.553
401 92.077
402 91.443
403 90.109
404 89.373
405 88.220
406 87.335
407 86.579
408 86.365
409 85.406
410 84.733
411 83.898
412 83.339
413 82.388
414 81.800
415 80.958
416 80.848
417 80.024
418 79.244
419 78.483
420 78.379
421 77.929
422 77.199
423 76.575
424 76.044
425 75.987
426 75.203
427 74.611
428 73.976
429 73.913
430 73.153
431 73.015
432 72.327
433 71.363
434 71.135
435 71.000
436 70.446
437 69.496
438 69.665
439 69.464
440 68.886
441 68.480
442 68.203
443 67.701
444 67.524
445 67.188
446 66.885
447 66.385
448 65.957
449 65.566
450 65.163
451 64.532
452 64.436
453 64.596
454 64.391
455 63.357
456 63.381
457 63.008
458 62.556
459 62.062
460 61.559
461 60.822
462 60.609
463 60.692
464 60.904
465 60.199
466 60.000
467 59.939
468 59.385
469 58.759
470 59.313
471 59.086
472 58.289
473 57.983
474 57.759
475 57.172
476 57.286
477 57.096
478 57.018
479 57.018
480 56.486
481 55.761
482 56.119
483 56.163
484 55.716
485 54.928
486 55.344
487 55.140
488 54.885
489 54.793
490 54.483
491 54.097
492 53.644
493 53.784
494 53.348
495 53.095
496 53.063
497 53.316
498 53.326
499 52.836
500 52.352
501 52.090
502 51.986
503 51.496
504 51.309
505 51.553
506 51.103
507 50.832
508 50.585
509 50.641
510 50.263
511 50.660
512 50.160
513 50.212
514 50.224
515 50.351
516 49.596
517 49.311
518 49.083
519 48.210
520 47.947
521 47.998
522 48.512
523 48.045
524 47.557
525 47.579
526 47.660
527 47.393
528 46.687
529 46.859
530 46.821
531 46.732
532 46.117
533 45.670
534 45.616
535 45.191
536 44.499
537 44.781
538 44.596
539 44.510
540 44.176
541 43.667
542 43.903
543 43.491
544 43.464
545 42.936
546 42.193
547 42.131
548 41.808
549 41.306
550 41.294
551 40.643
552 40.026
553 39.858
554 40.568
555 41.281
556 40.267
557 38.242
558 38.261
559 37.379
560 37.569
561 37.565
562 36.337
563 35.304
564 34.573
565 35.074
566 35.771
567 35.045
568 35.088
569 33.863
570 33.812
571 34.502
572 33.867
573 32.722
574 33.356
575 33.609
576 32.146
577 31.019
578 30.555
579 31.525
580 31.468
581 30.925
582 29.870
583 28.223
584 27.048
585 27.140
586 27.600
587 26.738
588 26.494
589 25.825
590 26.929
591 27.246
592 26.556
593 23.928
594 23.905
595 26.311
596 25.954
597 25.908
598 25.500
599 24.475
600 24.401
601 25.479
602 25.043
603 24.787
604 21.653
605 21.605
606 22.824
607 23.002
608 22.996
609 24.187
610 23.780
611 21.361
612 21.650
613 21.558
614 22.814
615 22.559
616 22.254
617 21.667
618 20.294
619 20.512
620 20.863
621 21.410
622 22.661
623 20.103
624 21.848
625 21.541
626 22.433
627 22.477
628 22.057
629 20.455
630 19.811
631 19.486
632 21.080
633 21.190
634 21.928
635 24.043
636 23.504
637 22.176
638 21.552
639 19.434
640 18.985
641 21.717
642 22.475
643 21.250
644 21.467
645 21.845
646 21.403
647 20.249
648 17.383
649 20.906
650 23.195
651 23.194
652 23.424
653 20.945
654 20.377
655 21.635
656 22.515
657 20.472
658 20.879
659 22.533
660 23.635
661 22.890
662 20.748
663 20.944
664 21.468
665 22.872
666 21.186
667 21.870
668 20.972
669 21.721
670 22.639
671 22.580
672 23.724
673 22.866
674 21.340
675 22.229
676 21.383
677 20.835
678 19.579
679 18.481
680 21.451
681 22.808
682 21.029
683 21.179
684 21.321
685 21.824
686 22.589
687 23.333
