0 18.333
1 18.968
2 20.882
3 21.564
4 22.174
5 18.645
6 16.437
7 18.231
8 19.183
9 20.464
10 20.322
11 21.155
12 21.111
13 20.528
14 20.950
15 20.826
16 21.821
17 22.924
18 20.908
19 20.864
20 20.740
21 23.497
22 23.101
23 23.485
24 24.706
25 25.615
26 26.063
27 22.857
28 22.570
29 23.146
30 23.243
31 22.644
32 24.556
33 26.516
34 26.024
35 26.448
36 28.691
37 28.940
38 28.405
39 29.522
40 30.338
41 29.924
42 30.252
43 30.876
44 30.623
45 31.926
46 30.264
47 31.137
48 33.812
49 34.615
50 35.137
51 35.658
52 34.003
53 34.601
54 36.179
55 37.611
56 36.943
57 37.410
58 38.294
59 39.333
60 39.580
61 40.047
62 40.616
63 41.722
64 42.329
65 42.764
66 43.033
67 43.850
68 44.552
69 44.401
70 44.643
71 45.398
72 46.350
73 46.950
74 47.114
75 47.759
76 48.406
77 48.667
78 49.318
79 49.667
80 49.925
81 50.059
82 49.817
83 50.441
84 50.989
85 51.014
86 51.392
87 51.523
88 51.812
89 52.102
90 52.369
91 52.989
92 52.984
93 53.008
94 53.381
95 53.680
96 53.830
97 53.835
98 53.814
99 53.664
100 54.432
101 54.574
102 54.762
103 54.987
104 55.156
105 55.389
106 55.641
107 55.637
108 55.908
109 56.082
110 55.920
111 55.680
112 56.106
113 56.739
114 56.717
115 56.610
116 57.055
117 57.342
118 57.134
119 57.421
120 57.697
121 57.960
122 58.004
123 58.802
124 59.235
125 59.471
126 59.453
127 59.422
128 59.782
129 59.968
130 60.306
131 61.075
132 61.009
133 60.912
134 61.415
135 61.960
136 62.316
137 62.532
138 62.569
139 62.560
140 62.515
141 62.968
142 63.811
143 64.256
144 64.360
145 64.649
146 65.226
147 65.333
148 65.747
149 66.105
150 66.132
151 66.271
152 66.418
153 67.085
154 67.240
155 67.706
156 68.033
157 68.161
158 68.556
159 69.215
160 69.124
161 70.295
162 70.864
163 71.166
164 71.687
165 72.185
166 72.047
167 72.337
168 73.115
169 74.093
170 74.141
171 74.584
172 75.497
173 76.517
174 76.870
175 77.600
176 77.862
177 78.099
178 79.233
179 80.067
180 80.356
181 80.912
182 81.112
183 82.093
184 82.845
185 83.518
186 83.700
187 84.703
188 85.687
189 86.416
190 87.669
191 87.951
192 88.514
193 89.307
194 90.349
195 91.774
196 92.747
197 93.366
198 93.667
199 94.839
200 95.569
201 96.895
202 97.807
203 98.524
204 99.634
205 101.040
206 101.898
207 102.947
208 104.441
209 105.292
210 106.178
211 107.936
212 109.363
213 110.637
214 113.019
215 114.066
216 114.846
217 117.336
218 120.294
219 122.028
220 124.119
221 125.772
222 127.590
223 130.100
224 131.641
225 132.327
226 133.222
227 135.158
228 136.276
229 137.943
230 138.550
231 139.415
232 141.799
233 145.011
234 147.589
235 149.197
236 153.874
237 157.530
238 162.798
239 165.484
240 166.753
241 168.014
242 169.265
243 170.000
244 170.000
245 170.000
246 170.000
247 170.000
248 170.000
249 170.000
250 170.000
251 170.000
252 170.000
253 170.000
254 170.000
255 170.000
256 170.000
257 170.000
258 170.000
259 170.000
260 170.000
261 170.000
262 170.000
263 170.000
264 170.000
265 170.000
266 170.000
267 170.000
268 170.000
269 170.000
270 170.000
271 170.000
272 170.000
273 170.000
274 170.000
275 170.000
276 170.000
277 170.000
278 170.000
279 170.000
280 170.000
281 170.000
282 170.000
283 170.000
284 170.000
285 170.000
286 170.000
287 170.000
288 170.000
289 170.000
290 170.000
291 170.000
292 170.000
293 170.000
294 170.000
295 169.371
296 166.174
297 162.141
298 158.389
299 151.060
300 145.249
301 139.431
302 131.868
303 126.752
304 122.384
305 118.365
306 115.753
307 112.951
308 109.954
309 107.292
310 104.914
311 102.467
312 100.128
313 98.918
314 96.696
315 95.032
316 92.854
317 90.435
318 89.661
319 88.572
320 86.959
321 85.698
322 84.373
323 82.868
324 81.378
325 80.492
326 79.297
327 78.750
328 77.455
329 75.825
330 74.847
331 73.993
332 72.678
333 71.171
334 70.432
335 69.018
336 68.233
337 67.152
338 65.884
339 64.902
340 64.206
341 62.889
342 61.964
343 61.611
344 60.932
345 60.244
346 59.643
347 58.892
348 58.348
349 57.845
350 56.857
351 56.563
352 55.637
353 54.717
354 54.034
355 54.088
356 53.870
357 52.711
358 52.526
359 52.354
360 51.990
361 51.913
362 51.671
363 50.948
364 50.364
365 50.487
366 50.403
367 49.780
368 49.419
369 49.407
370 49.141
371 48.717
372 48.124
373 48.593
374 47.453
375 47.841
376 47.832
377 47.518
378 47.273
379 47.485
380 47.299
381 46.420
382 46.398
383 46.032
384 46.009
385 45.622
386 45.168
387 44.864
388 44.351
389 44.861
390 44.833
391 45.102
392 45.171
393 44.544
394 44.579
395 44.505
396 43.685
397 43.560
398 43.369
399 43.201
400 43.472
401 43.472
402 43.157
403 43.210
404 43.278
405 42.834
406 42.564
407 42.741
408 42.504
409 42.271
410 42.546
411 42.730
412 42.424
413 42.244
414 42.448
415 42.239
416 41.964
417 42.110
418 42.717
419 42.594
420 42.318
421 42.266
422 41.958
423 42.021
424 42.699
425 42.953
426 42.264
427 41.942
428 42.238
429 41.989
430 42.166
431 41.804
432 41.517
433 41.821
434 41.273
435 41.249
436 41.330
437 41.421
438 41.252
439 41.226
440 41.344
441 41.135
442 40.731
443 40.946
444 40.940
445 40.933
446 40.642
447 40.316
448 40.249
449 40.401
450 40.969
451 40.841
452 40.401
453 40.327
454 40.258
455 39.941
456 39.861
457 39.777
458 40.565
459 39.458
460 39.054
461 39.152
462 38.567
463 38.576
464 38.309
465 37.622
466 36.855
467 36.431
468 36.335
469 36.642
470 36.188
471 36.353
472 35.956
473 36.598
474 35.216
475 36.289
476 34.290
477 32.587
478 33.595
479 34.695
480 31.980
481 32.589
482 32.513
483 32.022
484 30.573
485 28.381
486 29.185
487 29.027
488 29.601
489 27.769
490 29.689
491 29.676
492 28.241
493 26.983
494 27.436
495 28.872
496 27.438
497 28.301
498 27.667
499 26.986
500 27.568
501 25.839
502 24.389
503 23.816
504 23.722
505 23.608
506 23.526
507 23.908
508 23.634
509 23.558
510 26.072
511 24.557
512 24.381
513 22.902
514 22.081
515 22.036
516 24.779
517 24.845
518 21.386
519 19.770
520 21.161
521 21.103
522 19.812
523 20.039
524 21.675
525 21.273
526 21.785
527 21.484
528 19.000
529 17.864
530 19.198
531 20.347
532 19.947
533 18.476
534 15.551
535 19.557
536 19.948
537 20.111
538 21.138
539 21.910
540 18.986
541 17.862
542 18.068
543 20.307
544 19.611
545 18.076
546 18.999
547 18.767
548 20.450
549 19.990
550 18.253
551 17.540
552 17.859
553 17.149
554 17.576
555 16.654
556 19.075
557 20.700
558 18.561
559 18.101
560 17.988
561 19.951
562 22.155
563 19.315
564 18.213
565 21.424
566 22.351
567 19.382
568 18.458
569 18.939
570 18.010
571 17.985
572 18.027
573 19.366
574 19.935
575 19.342
576 20.067
577 21.166
578 21.958
579 21.136
580 19.510
581 19.338
582 18.369
583 20.674
584 22.953
585 20.984
586 19.667
