0 18.333
1 19.629
2 21.736
3 21.605
4 22.560
5 23.350
6 21.980
7 22.775
8 22.724
9 21.333
10 22.940
11 23.908
12 21.819
13 19.969
14 20.605
15 21.340
16 20.028
17 19.248
18 20.598
19 20.639
20 21.321
21 22.558
22 22.038
23 18.867
24 20.720
25 21.891
26 21.811
27 18.993
28 18.681
29 17.682
30 21.544
31 20.656
32 21.908
33 20.926
34 22.002
35 22.364
36 23.452
37 23.381
38 21.836
39 19.351
40 21.454
41 23.807
42 22.036
43 19.748
44 21.394
45 22.395
46 21.647
47 23.147
48 22.554
49 19.868
50 18.945
51 20.718
52 20.781
53 20.424
54 22.369
55 23.064
56 21.222
57 23.448
58 21.999
59 20.513
60 21.636
61 22.522
62 23.579
63 22.774
64 24.734
65 24.848
66 23.722
67 25.102
68 26.351
69 23.008
70 23.447
71 25.514
72 27.429
73 25.147
74 24.459
75 26.028
76 27.130
77 27.027
78 27.010
79 26.620
80 25.775
81 25.254
82 25.653
83 27.041
84 29.882
85 31.125
86 29.261
87 28.925
88 29.244
89 28.675
90 27.287
91 28.898
92 30.029
93 26.844
94 27.752
95 26.810
96 24.028
97 25.262
98 27.610
99 26.044
100 26.518
101 28.614
102 26.772
103 26.869
104 27.318
105 29.346
106 27.967
107 28.414
108 27.538
109 25.292
110 26.919
111 30.064
112 31.024
113 30.999
114 30.768
115 29.581
116 27.147
117 26.113
118 27.482
119 28.219
120 26.445
121 29.601
122 31.045
123 30.295
124 31.349
125 30.917
126 30.457
127 28.701
128 30.350
129 29.810
130 26.359
131 29.054
132 28.672
133 25.947
134 25.554
135 27.017
136 27.387
137 27.853
138 27.884
139 27.820
140 28.765
141 30.245
142 29.037
143 27.281
144 26.329
145 26.075
146 26.013
147 25.573
148 26.877
149 28.263
150 28.783
151 29.256
152 29.982
153 29.878
154 28.847
155 30.820
156 29.192
157 27.138
158 32.028
159 32.245
160 32.085
161 33.391
162 33.014
163 30.409
164 32.915
165 32.704
166 31.128
167 32.643
168 32.890
169 32.349
170 31.691
171 31.969
172 32.885
173 32.323
174 31.867
175 32.587
176 33.273
177 34.947
178 33.896
179 32.198
180 33.407
181 32.507
182 33.169
183 34.338
184 35.042
185 34.592
186 34.175
187 35.395
188 36.406
189 35.570
190 36.626
191 37.445
192 38.258
193 39.358
194 40.586
195 40.238
196 41.026
197 42.439
198 42.704
199 43.345
200 44.380
201 45.168
202 45.626
203 46.575
204 47.984
205 49.242
206 49.892
207 50.401
208 51.267
209 52.803
210 53.863
211 54.975
212 56.472
213 57.758
214 58.828
215 59.436
216 60.327
217 62.324
218 63.070
219 63.776
220 64.403
221 65.767
222 66.338
223 67.854
224 68.779
225 69.879
226 71.184
227 72.698
228 73.262
229 74.341
230 76.115
231 77.209
232 77.937
233 79.295
234 80.399
235 81.677
236 82.775
237 83.578
238 85.095
239 86.740
240 88.127
241 89.677
242 90.355
243 92.087
244 94.325
245 95.570
246 97.165
247 99.186
248 100.487
249 103.345
250 104.424
251 105.970
252 108.714
253 110.327
254 111.638
255 114.593
256 116.893
257 120.236
258 122.083
259 124.825
260 128.576
261 130.630
262 134.066
263 137.165
264 139.172
265 144.552
266 150.856
267 155.986
268 162.161
269 167.024
270 169.261
271 170.000
272 170.000
273 170.000
274 170.000
275 170.000
276 170.000
277 170.000
278 170.000
279 170.000
280 170.000
281 170.000
282 170.000
283 170.000
284 170.000
285 170.000
286 170.000
287 170.000
288 170.000
289 170.000
290 170.000
291 170.000
292 170.000
293 170.000
294 170.000
295 170.000
296 170.000
297 170.000
298 170.000
299 170.000
300 170.000
301 170.000
302 170.000
303 170.000
304 170.000
305 170.000
306 170.000
307 170.000
308 170.000
309 170.000
310 170.000
311 170.000
312 170.000
313 170.000
314 170.000
315 170.000
316 170.000
317 170.000
318 170.000
319 170.000
320 170.000
321 170.000
322 170.000
323 170.000
324 170.000
325 169.042
326 168.079
327 164.946
328 160.897
329 156.763
330 151.227
331 146.740
332 144.536
333 142.016
334 139.977
335 138.713
336 136.820
337 135.767
338 134.574
339 133.627
340 131.905
341 129.766
342 127.139
343 124.838
344 121.762
345 120.417
346 119.266
347 116.330
348 115.439
349 113.275
350 111.461
351 110.424
352 107.431
353 106.035
354 104.572
355 103.509
356 102.450
357 100.610
358 98.958
359 98.351
360 96.874
361 95.225
362 93.709
363 92.557
364 91.616
365 90.183
366 89.013
367 88.215
368 87.173
369 85.452
370 84.617
371 83.326
372 82.740
373 81.969
374 80.524
375 79.628
376 78.808
377 77.852
378 76.741
379 75.749
380 75.392
381 74.477
382 73.203
383 72.762
384 71.426
385 70.627
386 70.106
387 69.716
388 68.914
389 68.667
390 67.783
391 67.146
392 66.401
393 65.927
394 65.431
395 65.000
396 65.043
397 64.923
398 64.121
399 63.475
400 63.483
401 62.804
402 62.517
403 62.283
404 61.919
405 61.421
406 60.840
407 61.202
408 60.903
409 60.203
410 59.996
411 59.949
412 59.355
413 59.227
414 59.191
415 59.185
416 58.508
417 58.175
418 57.837
419 57.723
420 56.909
421 56.598
422 56.574
423 56.475
424 55.937
425 55.343
426 55.121
427 55.048
428 54.802
429 54.498
430 54.038
431 53.537
432 52.989
433 52.730
434 52.444
435 52.333
436 52.330
437 52.220
438 51.908
439 51.574
440 51.343
441 51.221
442 51.016
443 50.747
444 50.340
445 50.383
446 50.016
447 50.066
448 49.446
449 49.809
450 49.912
451 49.141
452 48.997
453 48.944
454 48.999
455 48.530
456 48.525
457 48.629
458 48.242
459 47.871
460 48.296
461 48.264
462 47.834
463 47.880
464 47.565
465 46.495
466 46.163
467 46.092
468 46.073
469 46.333
470 46.222
471 45.491
472 44.724
473 45.166
474 44.637
475 44.116
476 44.015
477 43.494
478 43.158
479 42.556
480 42.594
481 42.391
482 41.832
483 41.592
484 41.401
485 41.306
486 40.882
487 39.912
488 39.121
489 38.819
490 38.572
491 38.083
492 38.660
493 37.836
494 36.259
495 35.625
496 34.946
497 34.931
498 34.355
499 34.514
500 35.878
501 33.393
502 34.787
503 35.001
504 33.767
505 34.514
506 32.915
507 31.301
508 31.682
509 30.584
510 30.738
511 29.804
512 29.800
513 28.647
514 27.156
515 28.316
516 28.901
517 26.893
518 26.864
519 26.974
520 25.084
521 24.551
522 25.044
523 23.580
524 22.216
525 23.981
526 25.354
527 24.767
528 23.770
529 23.165
530 23.731
531 22.158
532 22.302
533 22.658
534 22.310
535 22.015
536 22.719
537 22.337
538 22.660
539 21.772
540 17.755
541 18.313
542 21.250
543 22.137
544 21.422
545 21.779
546 22.740
547 19.485
548 19.020
549 19.081
550 17.896
551 17.341
552 18.648
553 19.528
554 20.008
555 21.093
556 21.934
557 21.946
558 21.336
559 20.775
560 19.138
561 18.530
562 19.541
563 19.666
564 16.824
565 0.000
566 0.000
567 0.000
568 0.000
569 0.000
