0 23.000
1 20.301
2 21.390
3 22.242
4 21.986
5 21.690
6 21.206
7 22.143
8 23.784
9 23.144
10 21.061
11 19.882
12 20.849
13 22.702
14 22.945
15 22.498
16 22.115
17 23.402
18 22.706
19 23.406
20 22.797
21 22.301
22 24.039
23 22.601
24 21.982
25 21.580
26 21.735
27 19.795
28 22.139
29 22.453
30 22.110
31 23.645
32 23.775
33 23.547
34 23.723
35 21.394
36 19.136
37 20.288
38 20.691
39 21.393
40 23.584
41 22.073
42 23.552
43 24.747
44 23.826
45 21.493
46 21.672
47 22.464
48 22.333
49 22.881
50 22.512
51 22.745
52 22.666
53 22.713
54 23.308
55 23.538
56 24.253
57 23.879
58 20.891
59 21.111
60 22.395
61 23.143
62 21.882
63 23.890
64 22.831
65 24.201
66 25.363
67 25.330
68 24.624
69 24.781
70 25.338
71 27.024
72 26.354
73 25.087
74 26.089
75 26.671
76 27.968
77 26.954
78 27.596
79 30.870
80 29.337
81 29.159
82 28.593
83 26.445
84 25.786
85 26.434
86 29.908
87 31.055
88 31.447
89 31.444
90 31.094
91 31.977
92 32.389
93 30.862
94 30.009
95 31.997
96 33.963
97 34.193
98 31.709
99 32.041
100 33.552
101 34.109
102 32.380
103 32.790
104 33.939
105 35.362
106 35.860
107 35.759
108 37.025
109 37.278
110 37.108
111 37.213
112 37.618
113 38.286
114 39.363
115 39.434
116 40.570
117 40.060
118 40.464
119 41.049
120 41.085
121 41.549
122 42.411
123 42.247
124 42.448
125 43.304
126 42.679
127 43.037
128 43.556
129 44.288
130 44.160
131 44.344
132 44.737
133 45.394
134 45.445
135 45.555
136 45.681
137 45.926
138 45.748
139 46.217
140 46.301
141 46.215
142 47.189
143 46.922
144 47.320
145 47.234
146 47.419
147 48.306
148 47.862
149 48.243
150 48.241
151 48.312
152 49.008
153 49.534
154 49.663
155 49.980
156 49.805
157 49.239
158 49.894
159 50.143
160 50.445
161 50.701
162 51.046
163 51.599
164 51.714
165 51.585
166 51.343
167 51.543
168 51.780
169 52.068
170 52.595
171 52.664
172 52.865
173 53.097
174 53.307
175 53.076
176 53.393
177 53.774
178 54.251
179 54.080
180 53.937
181 54.240
182 54.987
183 54.789
184 55.632
185 55.618
186 55.769
187 56.045
188 56.255
189 56.158
190 56.602
191 56.739
192 56.436
193 56.906
194 57.356
195 57.693
196 57.415
197 57.661
198 58.272
199 59.058
200 59.326
201 58.994
202 59.683
203 59.999
204 60.212
205 59.870
206 60.261
207 60.482
208 60.591
209 61.117
210 61.445
211 62.006
212 62.492
213 63.114
214 63.339
215 63.995
216 64.481
217 64.344
218 64.553
219 64.681
220 65.327
221 65.487
222 65.805
223 66.052
224 66.993
225 67.495
226 67.471
227 67.609
228 67.928
229 68.296
230 68.931
231 69.648
232 69.479
233 69.754
234 70.769
235 71.049
236 71.366
237 71.783
238 72.585
239 73.188
240 73.201
241 74.059
242 74.483
243 74.766
244 75.536
245 76.006
246 76.251
247 76.882
248 77.363
249 78.080
250 78.618
251 78.737
252 79.673
253 80.090
254 80.987
255 81.310
256 82.041
257 82.793
258 83.930
259 84.281
260 84.942
261 85.787
262 86.505
263 86.804
264 87.580
265 88.826
266 89.609
267 90.614
268 91.907
269 92.218
270 92.961
271 94.052
272 95.015
273 95.566
274 96.560
275 98.082
276 99.235
277 99.938
278 100.683
279 101.758
280 103.023
281 104.021
282 105.268
283 106.196
284 107.196
285 108.796
286 109.981
287 111.186
288 113.263
289 115.150
290 115.932
291 117.334
292 119.389
293 121.191
294 122.857
295 124.854
296 126.536
297 127.715
298 129.103
299 130.559
300 132.337
301 134.145
302 135.261
303 136.261
304 137.316
305 138.213
306 139.281
307 139.904
308 141.178
309 142.671
310 144.714
311 146.370
312 148.062
313 153.166
314 158.802
315 164.580
316 169.564
317 170.000
318 170.000
319 170.000
320 170.000
321 170.000
322 170.000
323 170.000
324 170.000
325 170.000
326 170.000
327 170.000
328 170.000
329 170.000
330 170.000
331 170.000
332 170.000
333 170.000
334 170.000
335 170.000
336 170.000
337 170.000
338 170.000
339 170.000
340 170.000
341 170.000
342 170.000
343 170.000
344 170.000
345 170.000
346 170.000
347 170.000
348 170.000
349 170.000
350 170.000
351 170.000
352 170.000
353 170.000
354 170.000
355 170.000
356 170.000
357 170.000
358 170.000
359 170.000
360 170.000
361 170.000
362 170.000
363 170.000
364 170.000
365 170.000
366 170.000
367 170.000
368 170.000
369 170.000
370 170.000
371 170.000
372 170.000
373 169.836
374 168.585
375 166.327
376 161.045
377 155.874
378 152.191
379 147.518
380 141.076
381 139.143
382 137.237
383 135.118
384 132.397
385 130.064
386 126.985
387 123.461
388 121.182
389 119.652
390 117.362
391 114.739
392 112.872
393 111.281
394 109.803
395 108.247
396 106.606
397 104.130
398 103.192
399 102.242
400 100.414
401 98.477
402 97.828
403 96.185
404 95.310
405 94.208
406 93.182
407 91.166
408 89.698
409 88.415
410 87.540
411 86.666
412 85.774
413 84.505
414 83.197
415 82.359
416 81.086
417 79.953
418 79.331
419 78.359
420 77.373
421 75.959
422 75.237
423 74.476
424 73.134
425 72.675
426 72.517
427 71.674
428 69.966
429 69.163
430 68.844
431 68.322
432 66.967
433 67.048
434 65.677
435 64.974
436 64.578
437 64.266
438 63.163
439 63.000
440 62.504
441 61.484
442 60.753
443 60.402
444 59.705
445 58.885
446 58.835
447 59.000
448 58.232
449 57.800
450 57.626
451 56.437
452 56.049
453 55.952
454 55.134
455 55.000
456 55.219
457 54.644
458 54.074
459 53.288
460 53.237
461 52.596
462 51.715
463 51.792
464 51.673
465 51.287
466 50.914
467 50.665
468 50.399
469 49.648
470 49.362
471 49.075
472 48.768
473 48.736
474 48.520
475 47.973
476 47.597
477 47.325
478 47.059
479 46.517
480 46.215
481 46.643
482 46.685
483 45.859
484 45.748
485 45.292
486 44.681
487 44.921
488 44.855
489 44.748
490 44.439
491 44.415
492 43.937
493 43.818
494 43.472
495 43.013
496 43.108
497 43.063
498 43.010
499 42.641
500 42.891
501 42.717
502 42.800
503 42.432
504 42.317
505 41.266
506 41.376
507 41.725
508 41.360
509 41.168
510 40.753
511 40.395
512 40.218
513 40.333
514 39.964
515 39.819
516 40.534
517 39.436
518 39.124
519 38.627
520 38.050
521 38.561
522 38.821
523 38.127
524 37.645
525 37.021
526 36.292
527 36.460
528 36.637
529 37.192
530 37.809
531 34.398
532 34.506
533 35.606
534 35.372
535 33.765
536 33.612
537 33.614
538 34.441
539 35.284
540 33.762
541 33.541
542 33.302
543 32.792
544 31.629
545 30.105
546 30.294
547 29.791
548 30.598
549 31.010
550 32.485
551 31.797
552 30.866
553 30.221
554 33.246
555 31.280
556 29.630
557 29.564
558 28.987
559 28.984
560 28.724
561 26.677
562 25.327
563 25.730
564 26.034
565 26.239
566 26.256
567 25.621
568 23.544
569 23.735
570 26.131
571 26.195
572 26.005
573 23.843
574 22.316
575 21.935
576 22.949
577 22.351
578 21.409
579 19.274
580 17.957
581 19.308
582 20.046
583 20.961
584 21.562
585 19.700
586 19.938
587 19.818
588 20.281
589 18.541
590 18.000
591 19.425
592 19.344
593 18.436
594 18.349
595 21.249
596 19.565
597 18.381
598 18.592
599 18.898
600 20.017
601 19.750
602 19.636
603 18.476
604 19.257
605 16.792
606 15.378
607 19.476
608 19.841
609 19.093
610 17.637
611 19.304
612 19.721
613 20.041
614 19.123
615 19.207
616 19.406
617 20.131
618 20.666
619 21.340
620 19.639
621 19.420
622 18.224
623 17.957
624 17.569
625 18.810
626 20.010
627 20.904
628 19.903
629 17.881
630 18.188
631 19.281
632 19.404
633 19.507
634 19.337
635 17.710
636 17.323
637 17.228
638 19.316
639 18.032
640 18.239
641 19.039
642 20.008
643 18.522
644 18.647
645 16.526
646 14.537
647 16.266
648 19.457
649 19.172
650 17.442
651 16.435
652 16.663
653 19.032
654 20.450
655 18.270
656 18.071
657 18.438
658 19.900
659 20.593
660 20.976
661 19.568
662 18.722
663 18.473
664 18.737
665 18.884
666 17.428
667 18.805
668 21.129
669 19.714
670 19.506
671 19.312
672 18.150
673 17.352
674 18.922
675 19.237
676 18.425
677 19.164
678 18.125
679 18.925
680 18.975
681 19.019
682 18.477
683 19.734
684 17.830
685 19.169
686 19.828
687 18.333
