0 22.000
1 20.892
2 20.779
3 20.406
4 20.238
5 20.488
6 23.281
7 23.827
8 23.201
9 24.003
10 24.531
11 24.058
12 22.819
13 23.663
14 21.879
15 21.826
16 21.541
17 21.408
18 22.670
19 22.469
20 20.917
21 19.932
22 20.807
23 21.391
24 18.164
25 20.341
26 21.086
27 20.839
28 19.745
29 21.053
30 21.635
31 23.070
32 21.896
33 20.820
34 21.492
35 22.210
36 21.188
37 21.155
38 23.013
39 23.232
40 22.463
41 21.952
42 22.614
43 20.894
44 21.066
45 20.699
46 20.570
47 19.448
48 19.514
49 18.812
50 19.250
51 18.426
52 18.771
53 21.489
54 22.870
55 22.569
56 19.926
57 20.102
58 20.174
59 20.625
60 21.911
61 21.772
62 20.443
63 19.982
64 21.292
65 22.697
66 22.873
67 21.809
68 21.577
69 20.303
70 19.582
71 20.037
72 21.105
73 21.444
74 21.792
75 19.777
76 21.309
77 24.029
78 24.879
79 22.211
80 19.960
81 21.314
82 20.528
83 21.580
84 22.605
85 23.892
86 22.114
87 23.279
88 23.474
89 23.443
90 22.691
91 23.422
92 23.175
93 23.008
94 23.954
95 25.875
96 23.517
97 20.885
98 20.465
99 22.585
100 24.342
101 25.853
102 25.721
103 24.007
104 25.399
105 25.650
106 25.561
107 26.568
108 25.895
109 25.252
110 23.595
111 25.849
112 25.704
113 26.224
114 25.211
115 24.440
116 26.363
117 28.969
118 28.224
119 29.829
120 29.342
121 29.767
122 30.233
123 29.622
124 29.477
125 29.280
126 30.428
127 31.786
128 31.910
129 29.142
130 31.296
131 32.700
132 33.865
133 34.116
134 33.755
135 36.845
136 38.021
137 36.449
138 35.085
139 35.042
140 34.722
141 35.354
142 37.245
143 37.034
144 37.190
145 36.813
146 37.781
147 38.162
148 37.899
149 38.755
150 39.497
151 39.826
152 40.364
153 41.443
154 40.606
155 41.115
156 41.213
157 41.281
158 41.252
159 41.669
160 42.849
161 43.078
162 42.821
163 43.160
164 43.156
165 43.282
166 43.820
167 44.178
168 44.730
169 44.580
170 44.389
171 44.511
172 44.390
173 44.932
174 45.039
175 45.008
176 45.371
177 45.815
178 45.270
179 45.075
180 45.598
181 45.771
182 46.550
183 46.926
184 46.283
185 46.062
186 46.580
187 46.887
188 47.007
189 47.107
190 46.742
191 47.580
192 47.873
193 48.063
194 48.411
195 48.471
196 48.715
197 48.633
198 48.342
199 48.933
200 48.990
201 49.136
202 49.815
203 49.444
204 49.169
205 49.368
206 49.793
207 49.617
208 49.506
209 50.443
210 50.854
211 50.590
212 50.566
213 51.221
214 51.664
215 51.481
216 51.773
217 51.966
218 51.806
219 51.400
220 51.515
221 51.392
222 52.446
223 52.667
224 52.737
225 52.598
226 52.915
227 53.340
228 53.582
229 53.901
230 54.069
231 54.592
232 54.611
233 54.416
234 55.202
235 55.269
236 55.469
237 55.620
238 55.922
239 55.979
240 55.651
241 56.410
242 57.082
243 57.635
244 57.594
245 57.983
246 58.169
247 58.328
248 58.295
249 58.380
250 59.127
251 59.585
252 59.740
253 60.407
254 60.834
255 61.256
256 61.661
257 62.016
258 62.375
259 62.462
260 63.079
261 63.636
262 64.349
263 65.276
264 65.608
265 65.667
266 66.142
267 66.920
268 67.198
269 68.015
270 67.924
271 68.350
272 69.072
273 69.969
274 70.733
275 71.445
276 71.361
277 71.847
278 72.336
279 73.394
280 74.032
281 74.236
282 74.519
283 75.392
284 76.306
285 76.667
286 77.159
287 78.081
288 79.113
289 79.337
290 79.702
291 80.471
292 81.463
293 82.059
294 82.008
295 82.636
296 83.376
297 84.600
298 85.524
299 86.186
300 86.662
301 87.650
302 88.290
303 89.222
304 89.987
305 90.478
306 91.549
307 92.751
308 93.454
309 95.012
310 96.129
311 96.828
312 97.961
313 99.278
314 100.331
315 101.258
316 102.709
317 104.320
318 105.384
319 107.010
320 108.188
321 109.400
322 110.895
323 112.505
324 113.811
325 114.525
326 116.104
327 118.971
328 120.964
329 122.722
330 124.306
331 126.226
332 128.931
333 130.672
334 132.489
335 134.248
336 135.617
337 136.711
338 137.927
339 138.703
340 139.391
341 140.836
342 142.414
343 143.512
344 145.422
345 146.862
346 148.362
347 149.873
348 153.071
349 156.600
350 162.495
351 168.428
352 170.000
353 170.000
354 170.000
355 170.000
356 170.000
357 170.000
358 170.000
359 170.000
360 170.000
361 170.000
362 170.000
363 170.000
364 170.000
365 170.000
366 170.000
367 170.000
368 170.000
369 170.000
370 170.000
371 170.000
372 170.000
373 170.000
374 170.000
375 170.000
376 170.000
377 170.000
378 170.000
379 170.000
380 170.000
381 170.000
382 170.000
383 170.000
384 170.000
385 170.000
386 170.000
387 170.000
388 170.000
389 170.000
390 170.000
391 170.000
392 170.000
393 170.000
394 170.000
395 170.000
396 170.000
397 170.000
398 170.000
399 170.000
400 170.000
401 170.000
402 170.000
403 170.000
404 170.000
405 170.000
406 170.000
407 170.000
408 169.866
409 168.968
410 167.068
411 164.740
412 160.122
413 152.150
414 147.168
415 144.094
416 141.288
417 137.704
418 135.439
419 132.397
420 129.375
421 127.388
422 124.345
423 120.951
424 118.877
425 116.885
426 114.607
427 112.546
428 110.521
429 108.752
430 106.991
431 105.446
432 103.460
433 101.740
434 100.554
435 98.212
436 96.813
437 95.760
438 94.171
439 92.043
440 91.024
441 90.005
442 88.020
443 86.318
444 85.014
445 83.903
446 82.545
447 81.638
448 80.916
449 80.021
450 78.674
451 77.595
452 76.760
453 75.903
454 74.592
455 73.543
456 72.777
457 71.129
458 70.130
459 69.659
460 69.075
461 68.058
462 67.057
463 66.470
464 65.459
465 65.565
466 65.053
467 64.261
468 63.659
469 63.172
470 62.523
471 61.782
472 61.396
473 60.757
474 60.048
475 59.992
476 59.547
477 58.780
478 58.570
479 57.821
480 57.386
481 57.140
482 56.990
483 56.548
484 55.917
485 54.935
486 54.764
487 54.508
488 54.292
489 53.630
490 53.351
491 53.300
492 53.123
493 52.527
494 52.137
495 51.638
496 51.342
497 51.065
498 50.288
499 49.163
500 49.514
501 49.928
502 49.513
503 49.319
504 48.763
505 48.250
506 48.000
507 48.106
508 47.745
509 47.283
510 47.502
511 47.426
512 46.894
513 46.471
514 46.017
515 46.237
516 46.045
517 45.748
518 45.457
519 45.537
520 45.308
521 45.000
522 45.000
523 44.986
524 45.167
525 44.959
526 44.420
527 44.311
528 43.894
529 43.717
530 43.892
531 43.695
532 43.911
533 43.506
534 43.424
535 43.291
536 42.984
537 43.128
538 43.000
539 43.000
540 42.655
541 42.728
542 42.883
543 42.615
544 42.014
545 41.670
546 41.862
547 41.225
548 41.203
549 41.589
550 41.122
551 40.671
552 40.493
553 40.283
554 40.000
555 39.897
556 39.938
557 38.747
558 38.602
559 38.222
560 38.070
561 38.248
562 38.107
563 38.977
564 38.070
565 39.484
566 38.078
567 35.876
568 35.894
569 36.022
570 34.317
571 34.493
572 34.486
573 34.676
574 34.846
575 34.490
576 34.827
577 32.739
578 32.667
579 32.461
580 32.866
581 33.069
582 33.892
583 32.237
584 31.454
585 30.315
586 31.349
587 30.320
588 30.680
589 29.569
590 29.429
591 28.384
592 27.721
593 25.556
594 27.124
595 27.640
596 28.040
597 27.824
598 28.521
599 27.066
600 24.897
601 25.427
602 24.846
603 23.127
604 23.972
605 26.653
606 25.346
607 24.932
608 22.708
609 23.203
610 25.419
611 25.579
612 22.668
613 22.282
614 22.505
615 23.450
616 23.616
617 24.320
618 20.308
619 16.300
620 20.680
621 21.424
622 20.412
623 20.840
624 22.387
625 19.910
626 19.570
627 19.162
628 20.208
629 21.485
630 20.656
631 19.512
632 19.064
633 21.214
634 21.166
635 19.615
636 18.880
637 18.934
638 20.091
639 20.502
640 21.165
641 20.795
642 19.347
643 18.175
644 20.682
645 22.044
646 20.791
647 19.325
648 19.430
649 18.967
650 17.621
651 17.198
652 19.454
653 20.406
654 18.183
655 20.491
656 21.405
657 20.957
658 20.625
659 19.221
660 17.719
661 16.492
662 18.864
663 18.319
664 18.823
665 19.101
666 19.863
667 20.372
668 21.415
669 18.348
670 17.774
671 18.783
672 19.107
673 19.252
674 17.506
675 18.819
676 19.325
677 17.691
678 18.107
679 18.028
680 18.799
681 18.129
682 18.223
683 19.629
684 20.075
685 18.286
686 16.225
687 20.725
688 21.026
689 19.937
690 20.083
691 19.240
692 19.379
693 19.980
694 20.386
695 18.018
696 19.469
697 17.459
698 17.407
699 19.846
700 20.002
701 19.139
702 19.349
703 18.807
704 17.792
705 17.589
706 20.408
707 19.250
708 18.549
709 19.973
710 18.975
711 16.746
712 16.534
713 16.925
714 18.701
715 18.884
716 16.244
717 19.347
718 18.933
719 17.864
720 20.253
721 21.729
722 20.980
723 18.747
724 16.036
725 15.860
726 18.136
727 18.027
728 17.368
729 18.838
730 19.868
731 18.790
732 18.053
733 17.661
734 17.305
735 19.007
736 19.693
737 19.215
738 17.975
739 18.322
740 18.217
741 18.796
742 19.656
743 19.196
744 17.831
745 18.724
746 19.222
747 17.879
748 16.678
749 17.141
750 18.754
751 18.781
752 19.930
753 17.345
754 17.328
755 19.824
756 20.825
757 19.641
758 17.909
759 17.333
