0 17.667
1 19.948
2 18.628
3 19.285
4 19.543
5 19.974
6 20.009
7 19.482
8 18.615
9 19.123
10 18.294
11 19.359
12 19.488
13 19.089
14 19.298
15 19.605
16 19.471
17 18.168
18 18.426
19 20.122
20 21.884
21 19.240
22 19.284
23 20.878
24 20.060
25 19.760
26 18.393
27 19.168
28 17.687
29 20.266
30 21.365
31 19.297
32 20.781
33 20.614
34 18.788
35 17.157
36 17.685
37 20.525
38 22.443
39 22.153
40 20.377
41 19.313
42 19.404
43 20.695
44 22.537
45 21.624
46 19.533
47 18.570
48 18.908
49 19.966
50 20.562
51 19.479
52 20.750
53 20.735
54 19.970
55 19.817
56 21.501
57 21.263
58 20.811
59 19.679
60 21.932
61 22.207
62 20.868
63 20.371
64 21.805
65 23.026
66 24.148
67 25.519
68 25.228
69 24.095
70 24.658
71 25.052
72 22.707
73 22.768
74 25.262
75 24.514
76 24.956
77 26.379
78 24.763
79 24.431
80 25.845
81 27.134
82 26.919
83 27.034
84 27.589
85 29.328
86 27.747
87 29.283
88 29.898
89 29.134
90 30.480
91 31.421
92 32.258
93 33.635
94 33.199
95 31.085
96 30.723
97 32.385
98 32.735
99 32.300
100 31.585
101 32.029
102 32.014
103 32.295
104 34.269
105 32.015
106 31.203
107 34.379
108 32.030
109 30.946
110 31.827
111 31.324
112 34.389
113 32.392
114 31.508
115 32.988
116 33.148
117 33.400
118 33.102
119 32.420
120 32.219
121 33.033
122 33.604
123 33.262
124 33.001
125 32.622
126 32.485
127 31.467
128 32.187
129 32.398
130 33.536
131 34.246
132 33.135
133 33.900
134 33.584
135 33.920
136 35.109
137 35.378
138 34.591
139 35.197
140 35.636
141 35.652
142 35.295
143 35.219
144 35.073
145 35.184
146 35.837
147 36.230
148 37.051
149 37.124
150 36.868
151 36.931
152 37.093
153 37.790
154 37.938
155 38.192
156 39.199
157 37.897
158 38.814
159 38.995
160 39.328
161 39.548
162 39.842
163 40.252
164 40.346
165 40.913
166 41.003
167 41.410
168 41.155
169 41.107
170 41.299
171 41.421
172 41.771
173 41.641
174 41.600
175 41.932
176 42.406
177 42.538
178 42.192
179 41.683
180 41.831
181 41.891
182 42.051
183 42.038
184 41.993
185 41.633
186 41.569
187 41.373
188 41.323
189 41.599
190 41.165
191 40.762
192 41.246
193 40.967
194 40.858
195 40.479
196 40.189
197 40.119
198 40.002
199 40.188
200 40.501
201 40.370
202 39.837
203 40.150
204 39.980
205 39.812
206 39.774
207 39.034
208 39.437
209 40.037
210 39.879
211 38.788
212 40.185
213 40.481
214 40.104
215 40.391
216 40.914
217 41.608
218 41.898
219 42.738
220 43.566
221 44.154
222 44.845
223 46.027
224 47.082
225 48.303
226 49.451
227 49.513
228 50.916
229 52.711
230 53.173
231 54.151
232 55.329
233 56.052
234 58.408
235 59.382
236 60.664
237 63.065
238 63.614
239 66.431
240 68.386
241 69.721
242 72.052
243 74.129
244 75.839
245 78.299
246 80.567
247 83.068
248 85.416
249 87.111
250 89.234
251 91.680
252 93.695
253 96.090
254 98.957
255 101.335
256 104.162
257 106.361
258 108.874
259 112.052
260 114.091
261 118.406
262 120.806
263 123.135
264 129.370
265 133.484
266 136.072
267 141.934
268 146.720
269 152.688
270 156.936
271 160.753
272 166.327
273 169.340
274 169.785
275 170.000
276 170.000
277 170.000
278 170.000
279 170.000
280 170.000
281 170.000
282 170.000
283 170.000
284 170.000
285 170.000
286 170.000
287 170.000
288 170.000
289 170.000
290 170.000
291 170.000
292 170.000
293 170.000
294 170.000
295 170.000
296 170.000
297 170.000
298 170.000
299 170.000
300 170.000
301 170.000
302 170.000
303 170.000
304 170.000
305 170.000
306 170.000
307 170.000
308 170.000
309 170.000
310 170.000
311 170.000
312 170.000
313 170.000
314 170.000
315 170.000
316 170.000
317 170.000
318 170.000
319 170.000
320 170.000
321 170.000
322 170.000
323 170.000
324 170.000
325 170.000
326 170.000
327 170.000
328 170.000
329 168.991
330 165.836
331 161.428
332 156.764
333 152.844
334 150.536
335 148.539
336 147.152
337 145.935
338 144.491
339 143.032
340 141.784
341 141.088
342 139.997
343 138.460
344 138.040
345 137.439
346 136.514
347 135.703
348 134.776
349 134.104
350 133.133
351 131.239
352 129.587
353 128.140
354 126.370
355 124.722
356 123.155
357 121.283
358 120.046
359 118.408
360 116.591
361 115.418
362 114.452
363 112.920
364 112.011
365 110.427
366 109.545
367 108.331
368 106.950
369 106.240
370 104.807
371 104.622
372 103.990
373 101.969
374 101.082
375 100.481
376 99.286
377 98.694
378 98.076
379 97.243
380 96.291
381 95.393
382 94.486
383 93.651
384 92.980
385 92.227
386 91.257
387 89.957
388 89.650
389 89.196
390 88.448
391 87.546
392 87.021
393 86.206
394 86.151
395 85.462
396 84.766
397 83.998
398 83.420
399 83.333
400 81.779
401 80.968
402 80.407
403 80.117
404 79.649
405 79.129
406 78.357
407 77.515
408 77.148
409 76.944
410 77.141
411 76.552
412 75.672
413 75.226
414 74.783
415 73.971
416 73.945
417 73.345
418 72.689
419 72.657
420 72.216
421 71.985
422 71.584
423 70.055
424 70.387
425 70.070
426 69.386
427 69.580
428 69.177
429 68.721
430 68.092
431 67.783
432 67.504
433 66.881
434 66.563
435 66.868
436 66.514
437 66.157
438 66.138
439 65.667
440 65.446
441 64.759
442 64.467
443 64.519
444 63.355
445 63.671
446 63.739
447 63.332
448 63.123
449 63.167
450 62.770
451 62.093
452 61.568
453 61.639
454 61.215
455 61.276
456 61.131
457 60.927
458 60.632
459 59.886
460 59.344
461 59.454
462 59.521
463 59.024
464 58.741
465 58.734
466 57.817
467 57.366
468 57.325
469 57.412
470 57.706
471 57.411
472 56.358
473 56.085
474 55.856
475 56.215
476 56.039
477 55.442
478 55.077
479 54.934
480 54.737
481 54.619
482 54.129
483 53.619
484 53.767
485 53.833
486 53.204
487 52.824
488 52.845
489 52.801
490 52.829
491 53.045
492 52.814
493 52.841
494 52.559
495 51.881
496 51.612
497 50.976
498 50.399
499 50.986
500 50.381
501 50.084
502 49.735
503 49.922
504 49.651
505 49.333
506 49.100
507 48.465
508 48.522
509 48.342
510 47.473
511 47.109
512 46.687
513 46.167
514 45.732
515 45.713
516 44.877
517 44.680
518 45.057
519 44.482
520 43.623
521 42.025
522 41.877
523 42.949
524 41.653
525 40.665
526 40.654
527 39.698
528 38.267
529 38.157
530 37.441
531 37.280
532 36.509
533 35.420
534 35.852
535 36.683
536 36.029
537 34.061
538 33.030
539 33.483
540 33.932
541 33.740
542 32.502
543 31.025
544 31.151
545 29.702
546 30.843
547 30.146
548 29.746
549 30.385
550 31.327
551 29.891
552 28.719
553 29.071
554 27.173
555 26.239
556 27.321
557 27.161
558 25.688
559 25.777
560 25.952
561 25.665
562 24.333
563 23.369
564 24.617
565 24.462
566 23.573
567 23.027
568 22.215
569 23.729
570 26.039
571 24.285
572 22.323
573 23.702
574 23.751
575 21.302
576 21.272
577 23.568
578 19.678
579 18.567
580 21.262
581 24.793
582 23.673
583 22.151
584 22.060
585 22.576
586 22.373
587 21.743
588 19.761
589 20.570
590 21.124
591 20.164
592 20.438
593 21.205
594 21.483
595 21.836
596 21.666
597 21.227
598 20.987
599 18.912
600 17.066
601 20.839
602 20.518
603 20.000
