0 19.333
1 21.451
2 22.154
3 21.445
4 19.163
5 16.759
6 20.419
7 19.691
8 19.525
9 20.339
10 19.706
11 21.089
12 19.794
13 20.521
14 21.863
15 23.618
16 23.137
17 22.795
18 23.560
19 23.315
20 20.820
21 20.159
22 21.654
23 23.983
24 24.069
25 23.635
26 24.502
27 23.755
28 21.223
29 22.981
30 24.214
31 25.971
32 23.810
33 23.070
34 23.355
35 24.142
36 23.847
37 23.573
38 23.858
39 24.082
40 24.387
41 24.587
42 25.302
43 25.713
44 25.377
45 26.406
46 26.851
47 27.608
48 26.366
49 26.700
50 27.959
51 29.233
52 27.628
53 28.281
54 27.414
55 28.868
56 30.160
57 30.556
58 29.610
59 30.257
60 30.458
61 28.447
62 30.659
63 32.083
64 32.619
65 31.729
66 31.989
67 34.575
68 33.830
69 33.897
70 36.603
71 36.992
72 35.954
73 34.674
74 34.784
75 35.728
76 37.033
77 37.860
78 37.959
79 37.383
80 38.231
81 38.794
82 39.778
83 39.447
84 39.669
85 40.321
86 40.886
87 40.945
88 40.982
89 41.334
90 42.668
91 43.014
92 43.443
93 43.818
94 43.547
95 44.094
96 44.661
97 44.904
98 45.159
99 45.698
100 46.086
101 46.236
102 46.785
103 46.500
104 46.823
105 47.091
106 47.319
107 46.814
108 47.567
109 47.947
110 48.104
111 48.461
112 48.047
113 48.400
114 49.154
115 49.102
116 48.540
117 48.474
118 48.893
119 49.205
120 49.767
121 49.724
122 49.834
123 50.239
124 50.340
125 50.506
126 50.567
127 50.594
128 50.806
129 51.031
130 51.359
131 50.964
132 50.942
133 51.240
134 52.033
135 52.288
136 52.333
137 52.333
138 52.650
139 52.667
140 52.738
141 53.045
142 53.069
143 53.581
144 54.318
145 54.160
146 54.382
147 54.408
148 55.224
149 55.777
150 55.612
151 55.677
152 55.917
153 56.289
154 56.723
155 56.489
156 56.214
157 57.077
158 57.377
159 57.741
160 58.144
161 58.063
162 58.727
163 58.815
164 58.782
165 59.081
166 59.528
167 59.540
168 59.907
169 60.193
170 60.480
171 60.880
172 61.329
173 61.471
174 61.952
175 62.176
176 62.212
177 62.234
178 62.508
179 63.335
180 63.741
181 63.744
182 63.486
183 64.183
184 64.691
185 65.320
186 65.223
187 65.475
188 65.972
189 66.195
190 66.497
191 66.884
192 67.324
193 67.263
194 67.874
195 67.999
196 68.202
197 69.565
198 69.971
199 69.804
200 70.151
201 70.877
202 71.017
203 71.672
204 72.077
205 72.531
206 73.111
207 73.180
208 73.382
209 73.649
210 74.639
211 75.334
212 75.338
213 76.397
214 77.046
215 77.643
216 78.230
217 79.069
218 79.386
219 79.648
220 80.668
221 81.333
222 81.634
223 82.417
224 83.223
225 83.528
226 84.044
227 84.938
228 85.375
229 85.913
230 86.507
231 87.108
232 87.601
233 88.629
234 89.040
235 89.999
236 90.935
237 91.547
238 92.290
239 93.421
240 94.326
241 94.724
242 95.286
243 96.635
244 97.230
245 97.837
246 98.767
247 99.787
248 100.368
249 101.911
250 102.746
251 103.224
252 104.263
253 106.678
254 106.895
255 107.163
256 108.897
257 111.050
258 112.464
259 114.684
260 115.865
261 117.378
262 119.196
263 122.124
264 123.262
265 126.430
266 128.756
267 130.421
268 132.257
269 134.780
270 136.451
271 137.709
272 139.220
273 141.481
274 143.148
275 146.257
276 150.228
277 154.673
278 159.605
279 167.960
280 169.925
281 170.000
282 170.000
283 170.000
284 170.000
285 170.000
286 170.000
287 170.000
288 170.000
289 170.000
290 170.000
291 170.000
292 170.000
293 170.000
294 170.000
295 170.000
296 170.000
297 170.000
298 170.000
299 170.000
300 170.000
301 170.000
302 170.000
303 170.000
304 170.000
305 170.000
306 170.000
307 170.000
308 170.000
309 170.000
310 170.000
311 170.000
312 170.000
313 170.000
314 170.000
315 170.000
316 170.000
317 170.000
318 170.000
319 170.000
320 170.000
321 170.000
322 170.000
323 170.000
324 170.000
325 170.000
326 170.000
327 170.000
328 170.000
329 170.000
330 170.000
331 170.000
332 170.000
333 170.000
334 170.000
335 170.000
336 169.861
337 168.558
338 165.836
339 163.084
340 159.357
341 152.736
342 148.035
343 144.077
344 141.306
345 138.888
346 137.276
347 135.511
348 134.096
349 131.693
350 127.967
351 124.963
352 122.839
353 120.724
354 117.665
355 115.483
356 113.620
357 111.765
358 110.365
359 108.865
360 107.745
361 106.321
362 104.842
363 102.804
364 101.094
365 100.371
366 99.745
367 98.667
368 97.351
369 95.926
370 94.736
371 94.494
372 93.322
373 92.029
374 90.498
375 90.091
376 89.699
377 88.817
378 88.219
379 87.387
380 86.385
381 86.036
382 85.375
383 84.698
384 83.941
385 83.082
386 83.000
387 82.760
388 82.176
389 81.511
390 80.997
391 80.422
392 79.783
393 79.213
394 78.897
395 78.425
396 78.006
397 77.762
398 77.096
399 76.469
400 76.227
401 75.154
402 75.512
403 74.666
404 74.259
405 74.022
406 73.370
407 73.748
408 72.769
409 72.120
410 72.053
411 71.463
412 70.444
413 70.482
414 70.075
415 69.881
416 69.125
417 68.900
418 68.350
419 67.784
420 67.553
421 66.810
422 66.122
423 65.860
424 65.637
425 65.742
426 65.030
427 64.775
428 64.667
429 64.428
430 63.769
431 63.142
432 63.553
433 62.868
434 62.120
435 61.329
436 61.423
437 61.031
438 60.647
439 60.683
440 61.014
441 60.255
442 59.533
443 59.281
444 59.262
445 58.864
446 58.379
447 58.021
448 58.000
449 57.677
450 57.022
451 57.262
452 56.459
453 56.310
454 56.125
455 56.233
456 55.260
457 55.112
458 54.987
459 54.584
460 54.738
461 54.335
462 53.880
463 53.667
464 53.915
465 53.596
466 52.840
467 52.483
468 53.027
469 52.839
470 52.409
471 52.925
472 52.951
473 52.144
474 51.524
475 51.239
476 50.656
477 50.388
478 50.362
479 49.667
480 49.819
481 49.446
482 48.980
483 48.653
484 48.008
485 48.181
486 47.858
487 47.192
488 46.610
489 46.338
490 46.040
491 45.191
492 45.081
493 44.822
494 44.040
495 43.199
496 42.400
497 42.213
498 41.540
499 41.342
500 40.911
501 40.123
502 38.774
503 38.311
504 37.900
505 36.859
506 36.286
507 37.144
508 36.495
509 36.862
510 35.401
511 34.887
512 33.998
513 33.016
514 31.387
515 32.556
516 32.020
517 29.721
518 30.337
519 30.194
520 31.229
521 29.816
522 28.845
523 28.312
524 29.189
525 28.847
526 28.903
527 30.571
528 29.837
529 29.114
530 27.607
531 25.337
532 24.371
533 25.137
534 24.237
535 23.793
536 22.451
537 25.043
538 24.784
539 22.645
540 22.058
541 21.902
542 24.204
543 23.686
544 25.543
545 25.389
546 25.360
547 23.167
548 21.963
549 21.188
550 20.981
551 21.826
552 18.272
553 21.627
554 22.450
555 21.846
556 19.814
557 19.657
558 20.491
559 20.231
560 21.906
561 20.987
562 20.441
563 20.428
564 19.123
565 19.007
566 18.973
567 19.756
568 19.739
569 17.663
570 18.619
571 19.399
572 17.752
573 18.253
574 18.077
575 19.138
576 21.542
577 19.143
578 20.078
579 18.803
580 17.642
581 17.360
582 18.185
583 17.176
584 18.012
585 19.443
586 20.957
587 21.304
588 23.955
589 21.048
590 20.742
591 20.826
592 19.072
593 18.447
594 18.900
595 18.906
596 17.997
597 15.337
598 17.505
599 18.317
600 17.923
601 17.838
602 18.675
603 20.922
604 20.480
605 20.409
606 19.633
607 21.149
608 21.862
609 19.460
610 19.057
611 18.734
612 17.821
613 20.311
614 22.067
615 19.869
616 18.179
617 17.673
618 22.000
