0 15.0000
1 17.0847
2 16.4105
3 16.1521
4 14.8059
5 16.8396
6 17.2248
7 18.1109
8 18.1980
9 16.5318
10 16.5368
11 17.1481
12 15.4114
13 16.4181
14 17.4307
15 16.8721
16 16.0045
17 16.0782
18 16.8427
19 16.5850
20 17.6873
21 17.7971
22 16.8085
23 16.7488
24 16.7039
25 17.6485
26 18.3381
27 17.1861
28 16.6785
29 16.7412
30 16.1999
31 16.3021
32 17.2294
33 16.5646
34 16.2627
35 17.3761
36 16.7242
37 16.7828
38 19.2052
39 18.3008
40 17.3965
41 18.1854
42 18.1193
43 17.6915
44 17.0311
45 17.1660
46 16.5888
47 17.1341
48 18.1974
49 17.6649
50 16.4250
51 16.5348
52 15.5698
53 14.5363
54 18.0089
55 18.1470
56 17.0647
57 17.8941
58 17.2508
59 16.6216
60 17.8724
61 17.9730
62 16.3405
63 17.7987
64 17.3888
65 15.7780
66 17.1812
67 17.0746
68 16.5307
69 16.5568
70 16.2433
71 15.8910
72 16.8101
73 17.0595
74 17.1314
75 17.3476
76 18.2140
77 17.0663
78 16.3742
79 16.5609
80 16.8224
81 16.7826
82 17.0599
83 16.5977
84 16.2098
85 16.8196
86 17.6917
87 18.3196
88 18.2454
89 17.6911
90 17.8858
91 18.3426
92 18.0758
93 17.5395
94 17.0803
95 16.3590
96 16.4978
97 16.7781
98 15.8957
99 16.1341
100 18.2027
101 18.1216
102 17.2492
103 17.7105
104 18.0829
105 17.6092
106 16.6611
107 16.8021
108 16.3751
109 17.6590
110 17.5274
111 16.9204
112 17.3352
113 17.3470
114 16.3476
115 16.3925
116 18.0463
117 17.0846
118 16.3468
119 16.8074
120 15.0190
121 16.7740
122 17.5579
123 16.4046
124 17.1137
125 17.6021
126 17.3855
127 16.5442
128 17.5358
129 17.6085
130 16.7367
131 16.7952
132 15.1256
133 15.5900
134 17.9363
135 17.4801
136 16.2933
137 17.4213
138 17.9638
139 17.1497
140 17.9707
141 18.1176
142 16.6834
143 16.4451
144 16.4376
145 16.6908
146 17.7913
147 18.5162
148 17.8842
149 17.2581
150 17.1305
151 16.8269
152 16.9907
153 15.6846
154 16.3027
155 18.7952
156 19.1025
157 19.0569
158 18.7066
159 19.3176
160 19.7728
161 20.0657
162 20.0428
163 20.1754
164 20.6226
165 21.3435
166 20.5101
167 19.9969
168 21.6497
169 23.0559
170 23.2918
171 23.2048
172 22.9705
173 22.8890
174 22.7553
175 22.4812
176 22.9351
177 23.5007
178 23.6117
179 24.0000
180 23.6087
181 23.7545
182 22.5230
183 23.0407
184 23.6138
185 22.1385
186 23.0915
187 22.7046
188 22.2856
189 23.3660
190 23.3907
191 22.6118
192 22.9018
193 22.1092
194 21.6064
195 21.8354
196 21.0354
197 20.0997
198 20.2331
199 20.3976
200 19.4657
201 19.1205
202 19.7345
203 19.4791
204 19.6093
205 19.3289
206 18.5364
207 17.2740
208 17.1848
209 17.8026
210 18.3587
211 18.9211
212 19.2380
213 18.8285
214 17.5346
215 17.2639
216 16.5830
217 16.7278
218 17.6880
219 16.9311
220 17.1156
221 18.2682
222 17.9512
223 16.7553
224 17.0523
225 17.0807
226 17.0149
227 17.8808
228 17.4672
229 17.6080
230 17.4489
231 16.5632
232 16.5950
233 16.0085
234 14.0993
235 16.9856
236 16.8308
237 16.1573
238 16.1933
239 17.0865
240 15.9302
241 17.2061
242 16.3745
243 14.5787
244 16.7144
245 16.9788
246 16.3891
247 17.2040
248 17.2806
249 16.5065
250 16.4163
251 17.6983
252 17.7412
253 15.9094
254 17.1188
255 17.5400
256 16.5047
257 16.5285
258 17.0968
259 16.1598
260 15.9805
261 16.8833
262 16.9733
263 16.8628
264 17.0277
265 17.2799
266 17.7429
267 17.7393
268 16.4070
269 15.2288
270 16.2041
271 17.5284
272 17.7217
273 17.3658
274 16.8392
275 16.8734
276 17.8861
277 19.2384
278 19.1330
279 17.9197
280 16.7427
281 15.1698
282 17.3123
283 17.8953
284 16.7968
285 17.3239
286 16.6904
287 15.8711
288 16.8659
289 16.4138
290 16.0496
291 16.5215
292 17.4901
293 17.0172
294 17.6937
295 18.1494
296 17.9870
297 17.5117
298 16.1508
299 16.0317
300 16.8845
301 15.7010
302 12.8631
303 15.4320
304 17.2559
305 16.3622
306 16.8656
307 17.7133
308 17.3865
309 17.6406
310 17.4686
311 15.8901
312 17.5807
313 17.8269
314 15.8449
315 15.1395
316 16.1398
317 16.4820
318 15.4177
319 15.5539
320 14.9636
321 15.7179
322 17.7360
323 17.7281
324 17.4526
325 17.3350
326 15.8849
327 14.6675
328 15.9450
329 16.8771
330 17.3039
331 17.6035
332 17.7097
333 16.3720
334 15.4499
335 17.1820
336 15.0007
337 13.2627
338 15.0599
339 15.0680
340 16.6012
341 16.3426
342 15.0873
343 15.8498
344 16.2251
345 16.1513
346 18.6277
347 18.4600
348 17.3778
349 16.5690
350 17.5034
351 16.6057
352 15.4348
353 17.7720
354 16.5385
355 15.5537
356 16.9478
357 16.7323
358 16.6667
