0 17.66667
1 17.38316
2 14.94375
3 16.62245
4 16.17114
5 16.70362
6 17.24846
7 14.51579
8 18.17889
9 18.66235
10 17.88780
11 16.94750
12 17.35874
13 16.88833
14 15.25360
15 16.19931
16 16.31463
17 15.82456
18 15.73847
19 16.01499
20 17.28411
21 17.39465
22 16.45798
23 14.91124
24 16.34056
25 16.95663
26 16.28924
27 16.33389
28 15.61800
29 15.93047
30 17.36231
31 17.22593
32 16.97419
33 16.83047
34 16.41459
35 15.97665
36 16.68125
37 17.16263
38 17.41407
39 18.24578
40 18.04930
41 17.63344
42 18.26283
43 18.10114
44 16.46233
45 16.19573
46 16.80402
47 15.51214
48 15.90329
49 17.69923
50 16.63926
51 16.30286
52 16.93959
53 16.69673
54 16.93141
55 17.49828
56 17.03409
57 16.38870
58 16.90093
59 17.09927
60 16.93189
61 17.00986
62 16.58445
63 16.65635
64 16.49224
65 15.71230
66 16.44407
67 18.22095
68 17.66759
69 16.30490
70 16.11816
71 15.96514
72 16.83231
73 17.67802
74 16.45497
75 16.01729
76 17.21338
77 17.47520
78 17.19365
79 17.75026
80 17.59274
81 17.00000
82 17.15893
83 17.45128
84 16.60850
85 16.68975
86 17.76935
87 18.12770
88 17.70588
89 17.34304
90 15.05390
91 17.78329
92 18.31786
93 16.69374
94 17.13829
95 17.68974
96 16.61604
97 16.37461
98 17.90995
99 17.23842
100 16.84658
101 17.33949
102 16.66667
103 16.71958
104 17.76066
105 16.67068
106 14.64169
107 16.17490
108 16.20601
109 14.32537
110 15.63500
111 14.92388
112 16.27467
113 18.52626
114 17.72088
115 15.22298
116 16.87204
117 16.39298
118 17.94029
119 17.67682
120 16.67865
121 17.66091
122 17.53376
123 17.05397
124 17.38906
125 18.09391
126 16.66756
127 17.46142
128 17.83086
129 16.37771
130 15.13860
131 15.79882
132 15.90513
133 15.49020
134 15.77958
135 15.18005
136 16.57618
137 17.47364
138 16.87111
139 17.14629
140 17.57481
141 18.18699
142 18.30642
143 18.59912
144 19.38290
145 19.07646
146 19.63038
147 20.70727
148 20.45727
149 21.10111
150 22.29206
151 21.99834
152 22.27220
153 22.81902
154 22.59092
155 22.76435
156 22.64058
157 22.11765
158 22.17847
159 22.39543
160 22.42947
161 23.13604
162 23.66667
163 23.15702
164 23.26318
165 23.82305
166 23.23633
167 22.66504
168 22.90000
169 22.28490
170 21.99538
171 22.62053
172 22.40209
173 22.32094
174 23.21825
175 22.61310
176 21.48845
177 21.45423
178 20.71864
179 20.39109
180 21.17299
181 20.39009
182 19.76657
183 20.03716
184 18.47265
185 18.03256
186 18.56877
187 19.72207
188 19.54970
189 18.95977
190 17.61822
191 17.24237
192 17.08170
193 18.54754
194 18.42438
195 17.66040
196 16.67306
197 14.82209
198 16.62817
199 17.17757
200 16.96971
201 16.39523
202 16.67403
203 16.26319
204 16.55956
205 17.86978
206 17.17982
207 15.94429
208 17.67222
209 17.81315
210 17.38287
211 18.27082
212 17.29069
213 17.46060
214 18.02486
215 17.29603
216 15.50199
217 16.80450
218 16.38803
219 15.93903
220 16.32161
221 15.82548
222 16.31436
223 17.96663
224 17.80630
225 18.29415
226 18.27141
227 17.53198
228 17.37024
229 18.31882
230 18.16222
231 17.51642
232 17.66667
233 17.13354
234 16.78471
235 17.25094
236 16.48381
237 16.41413
238 17.40074
239 16.16699
240 15.93351
241 17.29223
242 16.62786
243 16.37836
244 17.31655
245 17.17374
246 16.08861
247 16.88466
248 17.69969
249 17.36223
250 17.92614
251 17.85725
252 16.38413
253 16.09959
254 17.73833
255 18.70545
256 18.11744
257 16.81194
258 16.50992
259 16.44067
260 17.30155
261 17.47405
262 18.02075
263 17.56949
264 16.27996
265 15.86094
266 15.35294
267 14.88079
268 16.13363
269 16.98746
270 17.07134
271 17.81631
272 17.51062
273 16.51542
274 16.48806
275 16.74884
276 16.99771
277 16.85124
278 17.47660
279 17.63379
280 17.61708
281 17.54660
282 17.00619
283 16.26194
284 16.26089
285 16.76355
286 16.97089
287 17.49742
288 17.44131
289 17.49030
290 18.56450
291 18.32352
292 17.92106
293 17.63096
294 17.76264
295 18.73684
296 18.62642
297 17.27788
298 15.31674
299 16.72098
300 16.29930
301 15.00228
302 17.32704
303 17.80786
304 15.42907
305 16.37431
306 16.78947
307 15.91680
308 17.74124
309 18.33307
310 18.42685
311 19.13613
312 17.85018
313 16.79958
314 16.59336
315 17.47781
316 16.95473
317 16.37049
318 16.99109
319 16.66357
320 15.30341
321 15.83974
322 14.82899
323 17.00000
