0 18.3333
1 17.4950
2 16.8478
3 15.1633
4 17.1654
5 17.6681
6 16.3402
7 15.6853
8 15.7654
9 14.8956
10 15.6586
11 17.4226
12 17.4258
13 16.8383
14 16.7163
15 16.8776
16 17.0651
17 17.1631
18 17.3279
19 17.7107
20 18.5185
21 17.2980
22 15.6390
23 17.1774
24 17.4425
25 17.0588
26 15.5350
27 16.8488
28 17.6072
29 15.8079
30 17.5248
31 18.1685
32 16.6983
33 17.1262
34 18.3184
35 17.5197
36 17.0948
37 16.3799
38 14.3839
39 14.9671
40 16.7755
41 17.2194
42 17.8426
43 16.8085
44 14.3054
45 15.3725
46 16.7832
47 15.2936
48 15.8605
49 16.7100
50 16.2663
51 17.4282
52 18.4093
53 17.0104
54 17.0150
55 18.1158
56 17.3834
57 15.3931
58 15.5667
59 15.9888
60 15.4507
61 16.4127
62 17.7162
63 17.6736
64 17.4309
65 17.2861
66 16.4201
67 16.4010
68 16.2159
69 15.1331
70 16.6218
71 17.4834
72 16.3283
73 17.8905
74 17.9529
75 16.7187
76 14.0954
77 16.6350
78 17.6763
79 17.1847
80 17.0435
81 16.7692
82 16.1893
83 17.4800
84 17.6620
85 16.2691
86 15.7057
87 17.3234
88 17.7566
89 16.3627
90 15.8992
91 15.8318
92 16.5236
93 17.1387
94 17.2502
95 17.0830
96 17.6454
97 17.5302
98 16.8752
99 17.5305
100 18.0771
101 15.5136
102 15.6837
103 17.4637
104 17.0368
105 17.4367
106 17.9770
107 16.7104
108 16.1000
109 16.8507
110 16.7040
111 16.7776
112 17.5546
113 17.7027
114 18.1241
115 18.1543
116 17.4306
117 17.2572
118 17.5367
119 16.4374
120 15.4442
121 16.4524
122 17.6699
123 17.0512
124 17.8170
125 18.1950
126 17.4080
127 16.8780
128 17.2962
129 16.6250
130 16.0784
131 16.6068
132 14.2657
133 12.7641
134 14.8390
135 15.5685
136 16.0449
137 16.6989
138 16.4663
139 15.8545
140 16.2096
141 17.7138
142 16.9610
143 15.7674
144 16.3450
145 15.0727
146 14.9071
147 17.1139
148 17.3783
149 16.2572
150 16.3218
151 15.6193
152 16.4829
153 16.3822
154 16.0883
155 15.7590
156 16.4972
157 17.3380
158 16.9333
159 17.2797
160 17.9336
161 17.1527
162 16.9613
163 17.9549
164 17.2996
165 16.8394
166 18.1333
167 17.8792
168 17.7639
169 18.0269
170 16.4657
171 18.0142
172 17.6917
173 14.9159
174 16.6703
175 18.3558
176 17.8265
177 17.8975
178 18.6851
179 19.0040
180 18.9237
181 18.8699
182 19.1935
183 18.7309
184 17.8933
185 18.1484
186 18.9744
187 19.4490
188 19.8182
189 20.1825
190 20.5877
191 21.5728
192 22.1830
193 21.2852
194 22.9075
195 22.6794
196 21.6340
197 22.3090
198 23.1561
199 23.8811
200 23.7085
201 23.7362
202 23.3538
203 23.5262
204 24.2635
205 23.4887
206 23.0307
207 23.8417
208 23.5438
209 23.0391
210 23.1017
211 23.1165
212 23.2840
213 23.5378
214 23.0146
215 21.7694
216 21.6869
217 21.0527
218 20.0823
219 21.4451
220 20.5947
221 19.5015
222 20.1646
223 18.8516
224 18.0673
225 18.2236
226 18.6230
227 17.9392
228 17.6881
229 17.4769
230 16.1687
231 17.0736
232 18.2536
233 18.3904
234 17.6843
235 16.9520
236 16.3651
237 15.7279
238 18.1023
239 17.5893
240 17.3735
241 18.8296
242 18.5585
243 18.9035
244 19.3108
245 19.4837
246 18.7214
247 15.3173
248 17.0268
249 17.2267
250 17.7349
251 17.7708
252 16.8775
253 18.0912
254 18.2006
255 17.7726
256 16.9228
257 17.5277
258 17.4837
259 16.0431
260 16.9469
261 18.1743
262 17.7742
263 17.0184
264 17.8490
265 17.4659
266 18.2133
267 17.4503
268 15.1685
269 15.7914
270 17.8358
271 18.3014
272 16.9885
273 17.4491
274 17.4080
275 17.5075
276 17.4113
277 15.3470
278 16.0066
279 17.3346
280 17.1216
281 16.2064
282 16.4967
283 17.8725
284 17.5738
285 16.5502
286 17.0994
287 17.3423
288 17.0891
289 17.3059
290 16.1996
291 14.4739
292 16.3911
293 17.0112
294 17.1056
295 17.0166
296 17.5831
297 17.1247
298 16.1990
299 16.0796
300 16.0298
301 16.7222
302 17.1085
303 16.7519
304 17.5100
305 18.5653
306 17.9485
307 17.3450
308 18.0125
309 16.7276
310 14.7224
311 16.1647
312 17.0624
313 16.8665
314 17.3515
315 17.8096
316 18.6856
317 18.6517
318 17.6280
319 15.6786
320 16.1962
321 16.4074
322 15.3580
323 16.1208
324 16.8609
325 16.5300
326 17.6213
327 17.5432
328 16.1322
329 16.2750
330 17.6591
331 17.1529
332 15.9600
333 16.7850
334 16.8993
335 16.0476
336 16.6988
337 15.9258
338 16.1877
339 17.4972
340 16.6070
341 14.7704
342 15.2338
343 15.9225
344 14.7839
345 13.5800
346 15.5775
347 15.4398
348 15.1641
349 15.8514
350 14.9979
351 14.7201
352 15.3089
353 15.6859
354 14.8615
355 15.4044
356 16.6210
357 16.4952
358 16.7644
359 17.7034
360 17.2651
361 15.8764
362 17.3101
363 16.8542
364 16.0376
365 16.3379
366 12.9080
367 16.2917
368 16.8574
369 16.4412
370 16.8936
371 17.6095
372 17.0163
373 15.9461
374 15.9223
375 15.0124
376 13.2625
377 14.4483
378 17.6085
379 17.5244
380 16.8771
381 17.4519
382 16.3108
383 16.0902
384 18.0702
385 17.0397
386 16.2293
387 15.7789
388 14.3620
389 15.1424
390 16.3843
391 16.4130
392 15.6459
393 16.9926
394 16.7775
395 14.6108
396 16.0064
397 16.4610
398 15.8913
399 15.8062
400 16.8127
401 18.4196
402 18.3222
403 17.3537
404 15.9142
405 15.3293
406 17.0946
407 16.2169
408 14.6777
409 16.9767
410 17.9338
411 17.5390
412 18.2515
413 17.9494
414 17.1639
415 16.3333
