0 16.3333
1 15.0826
2 16.8295
3 17.4685
4 17.7636
5 18.5430
6 17.1607
7 18.0826
8 18.1436
9 16.6677
10 17.2518
11 17.8840
12 17.7140
13 17.3472
14 17.4301
15 16.2633
16 15.6146
17 16.5137
18 18.4255
19 19.2613
20 18.9811
21 18.2183
22 16.6518
23 17.0674
24 18.3075
25 17.5298
26 17.4123
27 17.7620
28 16.6352
29 16.7163
30 17.5354
31 17.0580
32 16.8289
33 17.3383
34 16.8632
35 16.7455
36 17.6751
37 17.9879
38 17.7386
39 18.1334
40 17.2575
41 16.3759
42 16.9150
43 17.2062
44 17.3092
45 17.2620
46 16.4390
47 16.6296
48 17.5461
49 17.5825
50 16.6671
51 16.8256
52 17.0453
53 17.3077
54 18.1852
55 18.9958
56 18.9050
57 18.3191
58 16.3508
59 15.6709
60 16.7764
61 17.7065
62 17.5105
63 16.6639
64 18.6248
65 18.5906
66 19.2603
67 19.2908
68 18.5477
69 15.8388
70 16.5290
71 17.2122
72 17.4998
73 18.8913
74 18.9539
75 16.4936
76 17.0112
77 15.8095
78 17.0676
79 17.9596
80 16.6031
81 17.8257
82 17.9014
83 16.8301
84 16.9648
85 17.3413
86 17.0795
87 17.3640
88 17.4738
89 16.3350
90 16.7003
91 17.7239
92 18.2218
93 17.1575
94 16.6667
95 16.7265
96 16.4199
97 16.9357
98 16.3273
99 16.4716
100 17.7319
101 17.8370
102 17.8835
103 18.2089
104 17.5694
105 17.5523
106 18.3040
107 18.6582
108 17.9494
109 17.5007
110 17.9478
111 17.1188
112 16.7755
113 18.8931
114 19.0776
115 17.7961
116 18.2244
117 17.4809
118 17.4273
119 19.3813
120 20.3410
121 20.3179
122 21.1557
123 20.8139
124 20.5745
125 21.7245
126 23.3149
127 23.6005
128 23.3333
129 23.1631
130 22.3832
131 22.3508
132 22.4627
133 22.1640
134 23.6667
135 23.4776
136 21.7887
137 23.8203
138 24.4471
139 23.3466
140 23.6233
141 24.3333
142 24.8841
143 24.5643
144 24.0214
145 22.8650
146 23.2227
147 22.1194
148 22.2245
149 21.6291
150 20.1928
151 19.4583
152 20.1574
153 19.8272
154 18.9970
155 19.1605
156 19.9679
157 19.9456
158 20.2347
159 19.5887
160 19.2519
161 18.7813
162 18.7015
163 17.7310
164 16.6596
165 16.5345
166 17.1690
167 16.7825
168 17.0457
169 16.7964
170 16.3759
171 17.1702
172 16.6263
173 15.1562
174 15.5399
175 16.6161
176 16.5878
177 16.5953
178 16.5304
179 16.0346
180 16.6371
181 16.7636
182 16.7829
183 17.2683
184 17.2753
185 16.8856
186 16.4113
187 17.9929
188 16.8148
189 15.8425
190 17.4333
191 16.9602
192 16.2390
193 17.5867
194 16.8441
195 16.1538
196 17.5745
197 17.0011
198 16.3614
199 17.3937
200 17.8487
201 17.7021
202 19.3264
203 18.9552
204 15.4080
205 16.2982
206 14.9395
207 17.4227
208 17.5130
209 15.3817
210 18.0711
211 17.7918
212 16.2291
213 15.3475
214 17.5396
215 18.4598
216 16.8126
217 17.7363
218 17.5873
219 16.6460
220 16.4090
221 16.0306
222 15.5247
223 16.3018
224 16.7248
225 16.3588
226 16.6948
227 17.2045
228 17.2396
229 17.1040
230 17.4215
231 16.2879
232 16.9669
233 17.3310
234 16.9724
235 16.7407
236 16.6093
237 16.6282
238 16.6662
239 17.6756
240 18.8699
241 18.2671
242 16.4991
243 14.8044
244 14.8506
245 16.2269
246 16.1144
247 16.5696
248 18.0547
249 17.7073
250 17.0495
251 17.5910
252 18.0771
253 18.4920
254 18.1042
255 17.4358
256 17.0082
257 16.8017
258 16.8569
259 16.8260
260 17.7409
261 17.4888
262 16.6844
263 17.4965
264 15.6780
265 13.6285
266 15.5913
267 15.7740
268 14.7134
269 15.5138
270 17.2503
271 16.3964
272 16.2565
273 18.0098
274 16.9527
275 16.5626
276 16.9775
277 16.6972
278 17.5422
279 17.6235
280 16.5177
281 15.4548
282 16.6667
