0 16.6667
1 16.9972
2 15.1270
3 16.1945
4 17.1981
5 16.3689
6 17.4341
7 17.6757
8 15.0143
9 15.8095
10 17.3183
11 15.6297
12 15.4760
13 16.6996
14 16.9601
15 16.6381
16 16.7923
17 15.3650
18 15.7948
19 17.4507
20 17.7607
21 16.6911
22 16.1271
23 15.2918
24 14.6769
25 16.1477
26 16.0830
27 15.4535
28 16.9078
29 16.8815
30 15.6238
31 16.1222
32 15.7361
33 14.3309
34 15.1958
35 15.6228
36 12.6168
37 13.1354
38 16.2433
39 15.8600
40 15.8660
41 18.1091
42 18.5651
43 17.3545
44 18.4580
45 16.1790
46 12.7305
47 15.6919
48 17.2961
49 16.4154
50 17.6274
51 18.7610
52 17.3072
53 17.7194
54 17.6899
55 17.3579
56 17.2963
57 16.8814
58 16.3634
59 16.4401
60 17.0500
61 16.7547
62 17.2022
63 17.5057
64 15.5503
65 15.4121
66 17.4306
67 17.6103
68 17.4255
69 17.4456
70 17.4637
71 17.4498
72 17.4350
73 17.7090
74 17.3522
75 17.5496
76 16.7446
77 16.2429
78 17.7757
79 17.3592
80 15.4006
81 16.4111
82 17.1306
83 17.9330
84 17.3998
85 17.5281
86 17.3745
87 16.8427
88 17.5929
89 18.0212
90 17.8378
91 18.2192
92 18.1001
93 16.3251
94 16.7324
95 15.9282
96 17.0878
97 17.2073
98 16.3568
99 17.1015
100 17.2677
101 16.2779
102 16.5727
103 17.5994
104 17.1793
105 14.7411
106 14.1957
107 15.8348
108 15.4786
109 15.8299
110 17.3812
111 17.1820
112 16.7419
113 16.5027
114 16.9265
115 17.8747
116 16.8083
117 14.7185
118 16.5124
119 17.4792
120 16.1530
121 17.3847
122 17.7252
123 16.0675
124 16.2525
125 17.3264
126 16.4473
127 18.1386
128 17.2171
129 16.6898
130 14.9740
131 17.3669
132 17.4616
133 16.0829
134 16.1879
135 16.7223
136 16.3490
137 16.9298
138 17.8940
139 16.9511
140 17.2322
141 16.6340
142 17.1928
143 17.6698
144 17.3432
145 16.7646
146 18.1893
147 19.8695
148 19.3993
149 19.6426
150 20.0949
151 19.9371
152 20.6304
153 21.7962
154 22.3020
155 21.8747
156 22.0883
157 22.0975
158 22.3708
159 22.6123
160 22.2526
161 21.6895
162 22.3800
163 22.4870
164 22.3494
165 23.6667
166 23.5851
167 22.6136
168 23.7420
169 23.9952
170 22.3927
171 22.9596
172 22.9311
173 21.9656
174 22.9884
175 22.7973
176 21.5016
177 22.8249
178 23.0121
179 22.2846
180 21.6061
181 20.8645
182 20.3098
183 20.8863
184 20.2822
185 19.4484
186 19.1755
187 18.9757
188 18.2907
189 18.0185
190 18.3590
191 18.2635
192 18.0494
193 17.6209
194 16.2862
195 16.7131
196 18.2152
197 18.4037
198 17.9850
199 16.9902
200 16.7859
201 16.4796
202 18.2101
203 17.6582
204 16.5153
205 18.2699
206 18.6115
207 18.4484
208 18.6847
209 18.5935
210 18.4653
211 16.5093
212 18.2862
213 18.4207
214 18.8839
215 18.6081
216 17.4944
217 18.4209
218 18.9324
219 17.1863
220 16.1225
221 16.7939
222 16.8890
223 16.9993
224 17.7745
225 18.3296
226 17.3858
227 16.7908
228 15.5867
229 15.7141
230 17.0121
231 17.1413
232 17.1219
233 17.7136
234 17.0357
235 17.4974
236 18.4878
237 17.8620
238 16.4274
239 15.3948
240 15.7830
241 16.3039
242 17.5428
243 16.4616
244 13.5631
245 13.8438
246 16.7398
247 16.9353
248 16.9165
249 17.4408
250 15.9644
251 14.9098
252 17.6736
253 18.1996
254 16.6956
255 16.9854
256 16.5600
257 15.8287
258 16.3261
259 17.4150
260 16.4163
261 17.2021
262 17.6306
263 18.3710
264 18.3724
265 17.4873
266 17.0387
267 17.1622
268 17.3106
269 16.6332
270 16.6031
271 17.2423
272 17.5678
273 18.2297
274 17.9476
275 16.1541
276 16.0653
277 17.0016
278 16.3013
279 16.0445
280 17.4761
281 17.0885
282 16.5252
283 17.6887
284 17.4432
285 16.4770
286 16.5179
287 17.2067
288 17.8838
289 17.2931
290 17.4466
291 18.3629
292 18.5541
293 18.0157
294 17.4010
295 17.1299
296 16.1137
297 15.1358
298 16.6625
299 16.7438
300 15.2294
301 16.1909
302 16.9488
303 15.9238
304 16.7786
305 17.5410
306 17.1958
307 17.7589
308 16.9854
309 15.0156
310 15.9313
311 17.2023
312 17.6954
313 16.1935
314 15.7377
315 16.0347
316 15.8276
317 16.5232
318 16.6277
319 14.6535
320 14.8057
321 16.4292
322 15.7830
323 15.7029
324 17.5436
325 17.1438
326 15.3853
327 16.2244
328 15.9171
329 16.2570
330 17.3002
331 15.6989
332 16.8087
333 16.3472
334 14.3598
335 14.9017
336 16.1962
337 17.0000
