0 18.6667
1 16.2801
2 16.9570
3 17.3687
4 16.5948
5 16.7625
6 15.7993
7 15.0501
8 15.8611
9 17.5449
10 17.0441
11 17.3550
12 16.8731
13 14.2947
14 16.5213
15 17.3073
16 16.4269
17 17.2924
18 17.9519
19 17.1213
20 17.3797
21 16.7953
22 16.0721
23 17.9761
24 17.7667
25 15.6014
26 15.7424
27 17.3087
28 17.2261
29 15.1997
30 16.9314
31 17.3653
32 16.5485
33 16.9326
34 16.9940
35 16.6685
36 16.8922
37 16.7410
38 15.5290
39 16.7532
40 16.9033
41 16.5202
42 17.6880
43 17.1105
44 16.2355
45 17.4041
46 18.2827
47 17.0313
48 16.7923
49 15.1433
50 17.0356
51 17.6098
52 17.5147
53 16.6498
54 16.2466
55 14.0752
56 16.8095
57 16.9185
58 14.4989
59 17.0264
60 17.7857
61 16.5630
62 15.7772
63 16.5044
64 16.6667
65 16.3866
66 16.6428
67 14.8433
68 14.9072
69 15.6912
70 14.0254
71 16.6602
72 17.3863
73 16.3770
74 14.9146
75 15.4052
76 15.6621
77 15.6667
78 16.6908
79 16.9795
80 16.2025
81 17.0056
82 17.4251
83 17.0922
84 17.5040
85 17.6602
86 17.0559
87 17.9088
88 17.7205
89 17.3235
90 17.5703
91 17.4772
92 16.5320
93 16.9779
94 17.2695
95 16.7047
96 16.2989
97 16.8189
98 18.1534
99 18.3881
100 17.1540
101 15.4689
102 15.7371
103 16.9589
104 17.2891
105 18.5535
106 18.5070
107 16.5199
108 16.8275
109 17.9353
110 17.9411
111 17.6474
112 17.9655
113 17.6330
114 17.5435
115 16.6777
116 14.9315
117 15.7780
118 16.8543
119 16.0704
120 17.0994
121 17.6034
122 17.0636
123 18.2536
124 18.3136
125 17.1403
126 16.5332
127 17.1820
128 16.7491
129 16.3785
130 16.7865
131 17.0748
132 17.1697
133 17.8846
134 17.7767
135 17.8195
136 17.7868
137 17.4806
138 17.3792
139 17.6183
140 17.2586
141 15.8299
142 15.8452
143 16.2725
144 17.3062
145 17.7081
146 17.2391
147 17.8518
148 18.7190
149 18.1756
150 17.2409
151 17.3673
152 17.2475
153 17.1924
154 17.4492
155 17.9435
156 17.3856
157 17.5704
158 17.9207
159 17.5360
160 17.1609
161 16.3117
162 15.5923
163 16.8090
164 17.3980
165 15.1018
166 15.2579
167 16.7590
168 14.8210
169 15.2052
170 17.2886
171 17.3592
172 17.5901
173 17.0518
174 16.9012
175 18.0874
176 18.9274
177 18.8278
178 18.7576
179 18.9555
180 18.1598
181 18.6136
182 20.0409
183 20.1907
184 20.7457
185 21.0358
186 20.5225
187 20.8739
188 22.5426
189 23.5993
190 23.4889
191 23.3333
192 23.0945
193 22.8788
194 22.8430
195 22.8325
196 23.2746
197 23.6667
198 23.4446
199 23.4137
200 23.7400
201 23.1564
202 22.6840
203 22.8526
204 22.1876
205 21.9201
206 22.4536
207 22.6276
208 22.9682
209 23.3935
210 22.6638
211 22.1411
212 21.8534
213 20.7677
214 20.4431
215 20.9366
216 20.6969
217 20.0408
218 19.1127
219 17.9585
220 17.6952
221 16.8071
222 15.3912
223 16.4098
224 18.6342
225 18.6421
226 18.1574
227 18.0529
228 17.0985
229 17.0678
230 18.3715
231 18.7999
232 17.8435
233 16.6958
234 15.6564
235 15.0233
236 16.7543
237 17.2114
238 16.3994
239 16.2255
240 16.6315
241 16.8075
242 17.4860
243 18.1744
244 18.2782
245 18.7346
246 17.9345
247 17.4857
248 17.6955
249 16.7610
250 16.1437
251 17.6150
252 18.9027
253 18.7112
254 17.8979
255 18.5654
256 18.2060
257 16.9104
258 16.5338
259 15.4656
260 15.2801
261 16.6454
262 16.5514
263 16.1732
264 16.7950
265 16.6634
266 17.1204
267 17.6849
268 15.6120
269 14.2392
270 15.4702
271 14.9375
272 15.9924
273 17.2566
274 15.5833
275 13.2308
276 15.3856
277 15.5868
278 16.2872
279 17.2336
280 17.3997
281 17.1756
282 16.7290
283 15.6825
284 15.4718
285 16.4936
286 17.2342
287 16.7412
288 17.0179
289 16.8705
290 16.6782
291 17.2432
292 17.5600
293 17.3568
294 17.6887
295 17.2989
296 17.0882
297 17.6409
298 17.7682
299 17.1959
300 17.3200
301 16.4641
302 15.7777
303 17.0932
304 17.6297
305 17.5733
306 17.0557
307 16.2307
308 16.2917
309 17.2635
310 17.3659
311 16.3803
312 17.6584
313 18.1679
314 18.1441
315 18.2899
316 16.7565
317 15.9167
318 16.3253
319 17.2245
320 16.9610
321 18.0238
322 17.6577
323 16.6611
324 17.6803
325 17.0631
326 15.5649
327 16.9640
328 17.2392
329 17.0813
330 18.1512
331 16.8860
332 14.7614
333 17.5152
334 19.3543
335 18.8056
336 17.9132
337 16.9038
338 14.9926
339 18.0399
340 18.3227
341 18.2040
342 16.8633
343 18.6343
344 17.8674
345 16.1485
346 16.9153
347 16.4106
348 16.5659
349 17.1524
350 17.1690
351 17.1478
352 17.1062
353 16.9015
354 17.9010
355 17.4803
356 15.9683
357 17.9655
358 18.1684
359 17.0348
360 17.7522
361 18.6961
362 18.1898
363 16.3682
364 16.6036
365 15.7788
366 15.6226
367 16.4226
368 16.1654
369 17.1114
370 17.3802
371 17.1710
372 17.1241
373 16.9503
374 16.4237
375 16.6699
376 17.5012
377 16.8631
378 17.0928
379 17.0084
380 17.3735
381 17.9012
382 16.8742
383 16.8649
384 17.0215
385 17.7838
386 17.4521
387 16.5826
388 18.4670
389 17.6197
390 16.6922
391 17.3348
392 17.3706
393 16.3623
394 17.2047
395 16.3432
396 16.6757
397 17.0361
398 18.4859
399 18.3491
400 18.2242
401 16.5435
402 16.3022
403 18.6780
404 17.9345
405 17.0424
406 17.6650
407 17.0000
