0 18.6667
1 18.0223
2 19.0222
3 18.3680
4 15.1868
5 16.1879
6 16.6560
7 15.6420
8 16.7431
9 16.1735
10 14.6159
11 13.6192
12 16.2681
13 17.2516
14 17.7591
15 18.4082
16 17.1898
17 17.0110
18 17.1116
19 16.2268
20 16.9366
21 17.6069
22 16.2425
23 16.0760
24 16.1389
25 16.2678
26 16.2132
27 16.7973
28 17.6182
29 16.9272
30 16.6226
31 16.8562
32 17.2360
33 18.2277
34 17.4446
35 16.5832
36 17.1143
37 16.7750
38 16.3121
39 17.3255
40 16.9877
41 16.0692
42 17.2181
43 17.2069
44 15.9604
45 19.1884
46 18.7294
47 17.1582
48 18.2003
49 18.1570
50 17.9378
51 16.9771
52 17.3484
53 16.2857
54 16.5506
55 18.1329
56 17.9635
57 16.5005
58 16.7286
59 16.1666
60 14.6712
61 17.6522
62 18.3512
63 17.3413
64 17.7105
65 17.7145
66 17.4149
67 18.1543
68 17.8505
69 16.4973
70 16.9046
71 17.1092
72 15.7522
73 16.7114
74 17.3729
75 16.9802
76 16.8329
77 16.2843
78 15.8257
79 16.6211
80 17.5223
81 17.6201
82 17.9682
83 18.6497
84 17.1559
85 15.3710
86 16.0599
87 16.9530
88 16.4991
89 17.1366
90 17.3199
91 16.7879
92 16.8695
93 17.9119
94 18.7238
95 18.8067
96 18.4461
97 17.0514
98 16.9226
99 18.0488
100 16.3984
101 16.8426
102 14.9681
103 14.1193
104 15.9596
105 15.9378
106 14.6667
107 16.6853
108 17.6578
109 17.2015
110 17.5081
111 18.2030
112 17.4277
113 16.4540
114 16.9095
115 16.4645
116 17.8240
117 18.5309
118 16.9584
119 17.1587
120 17.9454
121 17.4271
122 16.9955
123 17.3228
124 16.7010
125 16.5921
126 17.0681
127 16.9523
128 17.0863
129 17.9009
130 17.7790
131 16.1423
132 15.7858
133 16.3196
134 15.3613
135 16.1716
136 17.4370
137 17.5076
138 17.7682
139 17.5260
140 16.9308
141 18.0000
142 18.0720
143 18.5193
144 18.9563
145 18.7718
146 17.8148
147 16.6058
148 17.8751
149 17.2701
150 16.9713
151 17.6838
152 16.6999
153 16.3425
154 19.1447
155 19.0387
156 17.3400
157 18.4771
158 18.2189
159 18.2381
160 18.3159
161 17.7795
162 16.3266
163 18.4612
164 18.4689
165 15.4355
166 17.5871
167 18.9765
168 19.5354
169 19.7461
170 19.9335
171 20.5958
172 20.9964
173 21.1147
174 20.7227
175 21.5811
176 22.2264
177 22.4876
178 23.0076
179 22.8406
180 22.5884
181 23.1164
182 23.5079
183 23.3127
184 23.5005
185 23.6819
186 23.6032
187 23.3959
188 23.8122
189 23.2767
190 22.7309
191 23.4921
192 23.5508
193 23.4156
194 23.9053
195 23.0794
196 22.3761
197 22.2992
198 21.8625
199 21.8088
200 21.8350
201 21.1167
202 20.3288
203 20.6478
204 21.1160
205 21.0250
206 21.2812
207 20.7440
208 19.8803
209 20.0004
210 19.3205
211 18.7462
212 19.2381
213 18.7852
214 17.3903
215 16.2170
216 16.2794
217 16.4394
218 16.5729
219 17.2224
220 17.0924
221 16.9073
222 18.0261
223 17.5174
224 15.6101
225 16.4568
226 16.6137
227 15.8964
228 16.4724
229 16.0084
230 15.8577
231 16.7401
232 17.1046
233 17.2721
234 17.4488
235 17.1942
236 16.3059
237 16.7401
238 17.9668
239 16.7011
240 16.2577
241 17.4425
242 16.5094
243 16.1572
244 17.2777
245 16.5930
246 16.3771
247 17.5103
248 16.8386
249 16.5106
250 17.4882
251 17.8688
252 17.9811
253 19.2018
254 18.1998
255 15.0104
256 15.8231
257 14.5071
258 17.4241
259 17.6107
260 16.5162
261 17.6964
262 17.8908
263 17.3624
264 16.2615
265 17.6667
266 17.2224
267 17.6593
268 17.9816
269 17.6586
270 16.0666
271 16.2662
272 15.8163
273 14.8346
274 15.7503
275 16.8705
276 17.0328
277 17.8169
278 17.7981
279 17.6108
280 17.5367
281 17.7909
282 17.0036
283 16.8951
284 16.9198
285 16.4027
286 15.7639
287 15.9416
288 16.2762
289 16.3545
290 16.8178
291 17.3396
292 17.4498
293 17.1905
294 16.5799
295 16.3867
296 17.1384
297 17.1536
298 17.2169
299 17.8935
300 17.9727
301 17.1960
302 17.3374
303 17.8314
304 18.0907
305 17.6502
306 16.0550
307 15.7691
308 16.8389
309 14.4736
310 12.6824
311 15.7860
312 16.5923
313 16.7688
314 17.4721
315 15.9761
316 13.3054
317 15.0219
318 16.0952
319 15.0794
320 16.9560
321 16.8168
322 14.0387
323 16.4888
324 16.4832
325 15.0113
326 15.5829
327 16.7952
328 16.3274
329 15.9500
330 16.1610
331 16.3656
332 15.2454
333 15.5999
334 15.5067
335 16.2173
336 16.7584
337 15.4804
338 15.4124
339 16.2704
340 16.8522
341 15.8728
342 16.5889
343 17.5371
344 16.0228
345 15.4684
346 16.6014
347 16.4794
348 16.8921
349 16.4197
350 15.0351
351 15.6652
352 16.1878
353 15.8847
354 17.3813
355 16.9973
356 15.3965
357 15.9944
358 16.5231
359 16.4778
360 17.0787
361 17.3324
362 15.4899
363 13.3532
364 15.2077
365 14.6106
366 16.4330
367 16.9124
368 14.8137
369 14.4027
370 15.6768
371 16.3333
