0 16.66667
1 15.70613
2 17.11305
3 17.19603
4 16.70809
5 17.27640
6 16.95293
7 15.75604
8 16.24983
9 16.91274
10 16.32724
11 17.39858
12 17.49241
13 16.73031
14 16.71089
15 17.58400
16 17.32107
17 17.00780
18 18.11604
19 16.43888
20 15.61947
21 16.32442
22 17.46948
23 16.56607
24 16.01365
25 16.76560
26 16.01890
27 15.65903
28 17.48567
29 18.07830
30 16.83744
31 17.75732
32 17.83663
33 15.36377
34 16.01805
35 16.96270
36 16.98179
37 17.39338
38 17.17031
39 16.32577
40 16.51601
41 16.90081
42 16.79398
43 17.81411
44 17.41752
45 16.47445
46 17.03550
47 17.88171
48 17.21924
49 16.37145
50 16.77925
51 17.56167
52 17.38374
53 18.30626
54 17.47023
55 16.90062
56 16.60402
57 16.74567
58 15.84515
59 15.30370
60 15.83881
61 16.12117
62 16.68645
63 16.88973
64 16.49931
65 15.43667
66 17.26125
67 17.52353
68 16.00693
69 16.49704
70 16.99635
71 15.85396
72 16.06934
73 16.67224
74 15.98713
75 14.98768
76 15.82964
77 16.24317
78 14.93825
79 15.90064
80 17.27125
81 17.65086
82 17.28774
83 18.05447
84 15.60138
85 14.85061
86 15.36802
87 16.08772
88 15.85846
89 16.89129
90 17.52555
91 17.89603
92 17.92702
93 17.12421
94 16.68512
95 17.17251
96 17.85780
97 16.78320
98 17.26831
99 17.62514
100 16.54034
101 17.19504
102 17.33275
103 15.77580
104 16.41021
105 17.39576
106 16.48860
107 17.57386
108 18.36298
109 18.41708
110 18.36295
111 17.63732
112 18.05351
113 17.30622
114 16.32083
115 17.39448
116 16.63278
117 17.27221
118 17.45498
119 15.99929
120 16.74635
121 17.99557
122 17.80126
123 17.70560
124 18.28823
125 19.11817
126 19.06355
127 18.86314
128 19.08080
129 19.17910
130 17.78954
131 17.97774
132 18.99047
133 19.27161
134 19.68356
135 20.27292
136 20.37697
137 20.95652
138 21.54241
139 20.65691
140 21.61154
141 22.57358
142 22.61633
143 22.62319
144 22.79941
145 23.42817
146 23.20206
147 23.68479
148 23.46355
149 21.72475
150 23.83400
151 23.99899
152 22.58417
153 22.93697
154 22.79354
155 22.21643
156 22.71582
157 23.11817
158 22.27091
159 22.85011
160 22.98537
161 22.20907
162 21.47931
163 21.15831
164 20.45931
165 20.02324
166 19.62735
167 18.65450
168 18.74172
169 19.63579
170 19.79078
171 18.67724
172 18.56751
173 18.75231
174 18.14259
175 17.69457
176 17.81186
177 17.83895
178 17.58077
179 17.95734
180 18.21962
181 17.40643
182 16.38122
183 15.71995
184 15.70611
185 16.97301
186 16.99032
187 16.54558
188 16.03889
189 16.22610
190 16.15975
191 15.90591
192 16.58742
193 16.81111
194 16.58278
195 17.18778
196 17.39964
197 16.61169
198 16.91416
199 17.49429
200 14.75642
201 15.29445
202 17.29553
203 17.68825
204 16.77365
205 17.36591
206 17.68627
207 15.52268
208 15.50977
209 16.52871
210 16.29265
211 16.89737
212 17.61234
213 17.64821
214 17.02824
215 17.60397
216 16.45956
217 16.46645
218 16.76274
219 16.01530
220 16.43548
221 17.07940
222 16.51564
223 15.95296
224 15.95975
225 15.80394
226 15.73701
227 16.77369
228 16.75458
229 16.10027
230 18.09665
231 17.71930
232 17.00848
233 17.11138
234 17.01638
235 16.94230
236 16.22793
237 17.37751
238 18.21662
239 17.44700
240 17.69801
241 17.50167
242 16.06803
243 15.65474
244 16.58757
245 15.98267
246 14.84504
247 15.88784
248 16.88963
249 16.15609
250 17.50214
251 16.58787
252 14.67236
253 15.35306
254 16.63768
255 16.39133
256 16.48033
257 17.38346
258 17.64554
259 16.89075
260 16.20353
261 16.48666
262 16.37300
263 17.22222
264 16.06111
265 16.26415
266 17.17286
267 17.64268
268 17.31386
269 17.91570
270 18.65074
271 16.70427
272 16.76239
273 16.86515
274 17.34085
275 18.00038
276 17.94872
277 17.36510
278 16.36120
279 17.99614
280 17.09627
281 14.91548
282 16.25529
283 17.45597
284 17.15162
285 17.55518
286 16.95967
287 14.84592
288 15.98662
289 17.15570
290 16.76728
291 14.79481
292 15.67521
293 18.38400
294 17.34116
295 15.75245
296 16.15614
297 14.66737
298 15.53891
299 16.66667
