0 17.3333
1 16.9259
2 17.3011
3 17.4761
4 16.4409
5 16.9869
6 18.2996
7 17.1984
8 17.6375
9 17.7758
10 18.0936
11 18.3359
12 17.8198
13 16.6064
14 16.8378
15 17.3905
16 17.0558
17 17.2288
18 18.1470
19 19.0016
20 19.0762
21 18.6296
22 18.1721
23 17.9127
24 18.2138
25 17.5293
26 15.9146
27 16.6385
28 17.5860
29 17.4050
30 17.4600
31 18.8321
32 16.6287
33 17.5591
34 17.9605
35 16.1893
36 17.0026
37 17.3052
38 16.9619
39 17.0744
40 18.2009
41 16.1603
42 14.8489
43 16.3254
44 16.8782
45 17.5062
46 18.3965
47 17.3506
48 16.1520
49 16.4985
50 17.4924
51 16.2507
52 15.2236
53 17.1004
54 16.5170
55 15.9668
56 16.7659
57 16.3868
58 17.2601
59 18.1190
60 16.1363
61 16.8216
62 16.4486
63 11.5684
64 15.8651
65 18.2204
66 16.6380
67 13.5955
68 16.1876
69 16.9207
70 18.5924
71 18.7475
72 17.2449
73 15.1880
74 15.9068
75 17.1143
76 16.5323
77 16.7008
78 16.6049
79 16.4530
80 17.1975
81 17.8667
82 17.9143
83 18.0876
84 17.8701
85 17.5480
86 18.0563
87 18.7199
88 18.2428
89 18.2565
90 18.2222
91 17.1615
92 15.9054
93 18.3336
94 19.3202
95 18.6928
96 18.4244
97 18.2078
98 17.7881
99 18.1333
100 17.8090
101 16.6171
102 17.4770
103 17.8700
104 17.0164
105 17.1719
106 18.1777
107 17.6389
108 17.4593
109 18.2406
110 17.8796
111 17.1722
112 17.5921
113 17.2247
114 17.0139
115 17.6667
116 17.2524
117 16.6505
118 16.8868
119 17.6383
120 17.5784
121 17.0264
122 17.0597
123 17.1453
124 17.8223
125 18.1187
126 16.1886
127 16.7214
128 17.6019
129 18.3604
130 18.5539
131 17.4070
132 15.9963
133 15.8531
134 16.8840
135 17.1852
136 15.0979
137 15.5620
138 16.1088
139 15.7915
140 16.2058
141 16.5975
142 17.5893
143 18.2264
144 17.9801
145 17.9588
146 17.8519
147 17.0330
148 15.8830
149 16.6198
150 16.9753
151 16.2345
152 14.9204
153 17.6667
154 17.6415
155 17.0617
156 17.2148
157 16.6817
158 16.9593
159 18.2847
160 17.4791
161 15.3901
162 16.9867
163 17.6409
164 17.0044
165 18.0741
166 18.0923
167 16.7021
168 16.5556
169 16.6033
170 16.4831
171 17.2036
172 17.9645
173 17.0748
174 16.9509
175 17.6489
176 17.6198
177 17.6765
178 17.5670
179 17.4451
180 17.6173
181 18.7260
182 18.5454
183 16.6365
184 18.1141
185 19.0185
186 19.3213
187 19.8134
188 20.0510
189 20.8519
190 21.1728
191 21.1535
192 20.6710
193 21.7345
194 22.2576
195 22.6260
196 23.1703
197 22.7253
198 22.8273
199 23.3570
200 23.4805
201 23.0754
202 23.2839
203 23.6667
204 23.1356
205 22.9351
206 23.9708
207 23.6222
208 22.8595
209 23.7431
210 24.4476
211 24.5757
212 24.5257
213 23.9087
214 23.1058
215 23.1158
216 22.0415
217 22.1873
218 21.5156
219 20.0425
220 19.1081
221 20.2146
222 20.0182
223 19.7010
224 19.7046
225 20.2510
226 19.9663
227 19.9942
228 19.3235
229 18.3597
230 18.1855
231 18.5141
232 17.5609
233 16.4495
234 17.4779
235 18.3264
236 18.2672
237 18.5361
238 19.0196
239 18.8241
240 18.4408
241 19.1554
242 18.1955
243 17.0800
244 19.2261
245 18.5126
246 17.3005
247 17.1269
248 15.7633
249 16.7876
250 17.5042
251 16.7723
252 16.9133
253 17.0406
254 14.8164
255 13.6269
256 15.4928
257 15.7903
258 16.0247
259 16.7073
260 17.2185
261 16.6402
262 17.3184
263 18.0971
264 17.7432
265 17.8659
266 17.7720
267 17.0780
268 17.1387
269 16.7746
270 16.6296
271 18.2150
272 17.9320
273 17.0846
274 16.8990
275 16.6061
276 16.1407
277 17.0886
278 17.7957
279 16.3070
280 15.3084
281 17.4745
282 17.2492
283 15.7727
284 15.5465
285 15.9410
286 16.6315
287 17.4543
288 17.7195
289 16.4449
290 16.9549
291 18.0955
292 16.3888
293 16.3144
294 16.7920
295 16.3097
296 16.4911
297 16.6296
298 15.8519
299 16.8336
300 17.3182
301 17.0397
302 16.4553
303 16.7634
304 16.7662
305 15.6061
306 16.9789
307 16.4276
308 15.2743
309 16.6917
310 16.2675
311 14.8074
312 16.1872
313 18.6129
314 18.3785
315 18.3292
316 17.6428
317 17.4074
318 17.5827
319 18.6361
320 18.5380
321 18.2500
322 18.5561
323 18.0779
324 17.5200
325 17.8481
326 17.9149
327 18.0298
328 18.0664
329 17.2497
330 17.2286
331 17.1152
332 16.9825
333 17.0492
334 18.3832
335 18.5195
336 17.7423
337 17.5734
338 16.3428
339 14.1093
340 13.8042
341 14.6015
342 12.7633
343 16.6089
344 17.4739
345 15.7970
346 16.5908
347 16.2733
348 16.1675
349 15.3094
350 16.4628
351 17.5852
352 16.1158
353 16.5278
354 14.8454
355 15.7137
356 17.4329
357 18.0568
358 16.2606
359 15.2107
360 15.2263
361 14.6679
362 16.0028
363 16.2078
364 15.0122
365 15.4149
366 15.5983
367 15.2325
368 17.4560
369 17.6370
370 16.4034
371 16.6792
372 16.9365
373 15.7807
374 16.2538
375 18.2144
376 17.7700
377 13.1984
378 15.9289
379 16.3695
380 16.5275
381 17.1915
382 16.7250
383 15.9144
384 14.9530
385 13.8498
386 15.1085
387 16.9710
388 16.7626
389 14.6890
390 14.7997
391 16.6362
392 16.8467
393 16.7039
394 17.4456
395 16.9923
396 16.7109
397 17.0343
398 17.1630
399 17.5349
400 17.8052
401 15.5427
402 15.1656
403 16.7038
404 17.5632
405 17.0000
