0 15.6667
1 17.4876
2 15.5956
3 16.6071
4 16.5646
5 15.1889
6 15.5139
7 16.8463
8 16.6475
9 17.3371
10 17.8662
11 15.9391
12 16.1454
13 17.7117
14 17.7870
15 16.9619
16 17.0394
17 15.3623
18 15.1812
19 16.5862
20 16.5004
21 15.5817
22 16.2149
23 17.4700
24 17.8920
25 18.2718
26 17.7109
27 17.3777
28 18.3843
29 17.9826
30 17.0746
31 17.1898
32 18.0619
33 17.4220
34 15.9897
35 16.8490
36 16.5990
37 16.9238
38 18.1704
39 17.7544
40 16.2763
41 16.7994
42 16.6812
43 16.6501
44 18.2884
45 18.4918
46 16.3651
47 16.5063
48 14.8044
49 11.9370
50 14.8789
51 17.0735
52 16.6338
53 17.3502
54 17.4479
55 17.2010
56 17.2509
57 18.1297
58 18.3794
59 17.6808
60 17.2890
61 17.0097
62 17.2699
63 16.9104
64 15.3479
65 15.7594
66 17.1392
67 18.2562
68 18.6428
69 18.2840
70 17.8169
71 17.6133
72 17.3885
73 17.6552
74 17.4160
75 17.3234
76 17.3682
77 17.6667
78 17.4802
79 16.9107
80 16.9000
81 18.3830
82 18.5443
83 18.0532
84 18.3562
85 17.1872
86 16.8301
87 17.7502
88 16.8291
89 15.8347
90 17.9292
91 18.5419
92 17.2210
93 17.6068
94 17.6600
95 17.7639
96 16.5212
97 16.8633
98 16.2486
99 17.2363
100 17.6774
101 17.0726
102 17.1991
103 17.4149
104 16.7654
105 16.2560
106 17.2394
107 17.4094
108 16.5623
109 16.5457
110 15.7599
111 15.7809
112 16.9941
113 17.2555
114 16.8254
115 17.0862
116 17.6290
117 17.3061
118 16.8180
119 17.3031
120 16.8281
121 16.4639
122 16.0057
123 14.7000
124 17.1394
125 18.0639
126 17.6263
127 18.1969
128 18.7352
129 18.3213
130 16.5806
131 18.6487
132 18.1438
133 16.4520
134 17.3532
135 16.3829
136 15.4508
137 17.7393
138 18.2958
139 16.9758
140 17.9264
141 18.0520
142 17.8533
143 17.9371
144 17.6829
145 17.4376
146 18.1722
147 18.7912
148 17.3731
149 17.4856
150 18.6552
151 19.0371
152 19.6346
153 20.0300
154 20.3470
155 21.2547
156 21.3022
157 20.6767
158 20.9874
159 22.1644
160 22.4120
161 22.6393
162 23.0750
163 22.8715
164 23.0535
165 23.4610
166 23.5352
167 23.4295
168 23.8719
169 23.5366
170 23.5635
171 23.5240
172 23.7934
173 22.4204
174 23.2748
175 23.5962
176 22.8829
177 23.8569
178 23.3424
179 22.6139
180 22.3433
181 21.8657
182 21.6507
183 21.9695
184 21.3845
185 20.4811
186 20.5202
187 21.0394
188 21.0269
189 21.1802
190 20.9970
191 20.1562
192 19.9393
193 19.6098
194 19.0042
195 19.0565
196 18.9192
197 17.9939
198 16.6933
199 16.2808
200 16.4172
201 16.6140
202 16.8549
203 17.1018
204 16.8277
205 17.4038
206 17.7587
207 16.1202
208 15.2382
209 16.3784
210 16.3217
211 16.1391
212 16.6122
213 15.8533
214 15.9695
215 17.1299
216 16.7082
217 17.4364
218 17.1428
219 17.5373
220 15.5258
221 18.1396
222 17.5680
223 15.2016
224 17.2708
225 17.5728
226 16.2348
227 17.9527
228 17.6454
229 16.0887
230 17.4532
231 17.3035
232 16.9027
233 17.5030
234 18.0652
235 17.2357
236 17.6875
237 17.9211
238 14.9374
239 14.9392
240 15.1349
241 16.6056
242 18.0244
243 18.1001
244 17.4329
245 17.5098
246 18.4429
247 17.9947
248 17.2725
249 17.0958
250 16.4221
251 16.7078
252 16.6338
253 16.0829
254 15.9519
255 16.6378
256 16.3909
257 16.4531
258 17.1173
259 17.5484
260 17.7371
261 17.7546
262 16.4466
263 15.5840
264 17.5781
265 17.4556
266 15.2740
267 15.7785
268 16.5949
269 16.2488
270 15.8802
271 16.0064
272 15.7491
273 16.9628
274 16.9982
275 16.9472
276 17.6419
277 18.2096
278 16.2620
279 16.3690
280 16.8451
281 16.0659
282 16.6326
283 17.4761
284 16.4533
285 16.4475
286 17.8776
287 17.7763
288 16.9636
289 17.0924
290 17.5027
291 17.9508
292 18.0821
293 16.3252
294 14.6420
295 15.9279
296 17.5235
297 17.8122
298 16.7183
299 15.0690
300 15.4100
301 17.7747
302 17.9887
303 16.4208
304 15.1139
305 15.5649
306 15.4550
307 17.5484
308 17.7813
309 15.8955
310 13.2240
311 16.3167
312 16.0185
313 13.4467
314 15.9268
315 15.1557
316 14.6732
317 17.0482
318 16.9951
319 15.1155
320 16.4748
321 16.7290
322 18.4869
323 18.3328
324 16.0781
325 15.5727
326 17.5136
327 17.4157
328 15.4285
329 16.8283
330 17.3892
331 15.1791
332 14.7467
333 16.0759
334 16.5748
335 17.0704
336 16.4460
337 15.8028
338 16.2223
339 15.5728
340 14.8967
341 16.0491
342 16.1173
343 15.2948
344 16.7662
345 16.6742
346 15.0113
347 16.3571
348 16.8473
349 16.2457
350 18.2040
351 16.8359
352 14.3173
353 15.9356
354 16.8783
355 17.0000
