0 16.6667
1 17.9929
2 18.0072
3 17.5610
4 17.8771
5 18.3955
6 18.6499
7 18.7736
8 18.0728
9 17.2891
10 16.5664
11 17.6002
12 17.2922
13 15.5602
14 17.3982
15 18.1290
16 16.8408
17 17.3855
18 17.9723
19 16.5531
20 16.7061
21 17.6353
22 18.1231
23 17.2691
24 18.8094
25 19.0889
26 17.5974
27 18.5310
28 17.8979
29 16.5814
30 16.4554
31 18.1114
32 18.4761
33 18.1409
34 18.7548
35 17.8489
36 16.3978
37 17.7766
38 18.2122
39 16.3170
40 17.5633
41 18.4829
42 18.1579
43 17.6220
44 17.0573
45 17.0081
46 17.0833
47 17.2494
48 16.3447
49 16.5940
50 17.2677
51 18.0683
52 16.8326
53 16.8106
54 17.7338
55 17.5149
56 16.8159
57 17.3396
58 18.0300
59 16.5328
60 17.6992
61 18.4868
62 17.1497
63 16.1765
64 18.0041
65 19.1094
66 17.6212
67 17.7211
68 17.3521
69 16.1571
70 16.2749
71 16.5635
72 16.7509
73 17.9281
74 17.0741
75 13.4277
76 14.3130
77 16.1065
78 16.4952
79 16.5744
80 17.3274
81 16.9370
82 16.5918
83 18.1757
84 18.2200
85 17.6060
86 18.0864
87 18.0287
88 16.2132
89 15.0860
90 16.2709
91 15.9775
92 15.5153
93 16.6145
94 17.5406
95 17.1969
96 16.9396
97 17.6390
98 16.4856
99 15.3669
100 16.6811
101 16.0337
102 16.2545
103 17.5344
104 17.7968
105 16.0707
106 15.0261
107 17.1125
108 16.5742
109 15.9602
110 17.5744
111 17.6602
112 16.6124
113 16.7288
114 16.7703
115 15.8528
116 15.5456
117 17.4467
118 17.3097
119 16.4179
120 16.0152
121 15.9428
122 16.2607
123 17.5935
124 17.6694
125 15.6362
126 17.0862
127 17.4240
128 16.3036
129 15.9383
130 16.8149
131 17.9318
132 18.0768
133 18.0417
134 18.3673
135 18.4226
136 17.9803
137 18.3676
138 17.5856
139 17.1311
140 18.0002
141 17.8962
142 18.0520
143 18.3544
144 19.1131
145 18.9110
146 19.2271
147 18.8686
148 17.8041
149 18.5856
150 18.6483
151 18.1843
152 17.4016
153 17.5920
154 17.9165
155 18.3425
156 18.2134
157 18.4264
158 18.6443
159 18.6719
160 19.0011
161 18.7766
162 16.4661
163 17.2550
164 17.3411
165 18.5301
166 19.1692
167 19.3125
168 18.0199
169 16.8878
170 18.2047
171 18.2900
172 18.9167
173 18.8687
174 19.2891
175 20.1161
176 20.9693
177 21.0249
178 21.2475
179 22.1499
180 22.4927
181 22.3467
182 21.9412
183 22.2931
184 22.0824
185 23.3827
186 24.6033
187 24.4837
188 25.5034
189 26.5025
190 26.3938
191 26.3896
192 27.3870
193 28.2460
194 28.9543
195 30.4911
196 30.8458
197 31.1443
198 32.4431
199 33.5281
200 34.0903
201 37.3061
202 39.2601
203 40.7341
204 43.0519
205 45.5444
206 47.7979
207 49.7285
208 53.5657
209 55.6212
210 58.0619
211 63.8601
212 66.7439
213 70.7294
214 73.5539
215 76.3255
216 79.7711
217 82.4461
218 83.5288
219 84.4309
220 85.0000
221 85.0000
222 85.0000
223 85.0000
224 85.0000
225 85.0000
226 85.0000
227 85.0000
228 85.0000
229 85.0000
230 85.0000
231 85.0000
232 85.0000
233 85.0000
234 85.0000
235 85.0000
236 85.0000
237 85.0000
238 85.0000
239 85.0000
240 85.0000
241 85.0000
242 85.0000
243 85.0000
244 85.0000
245 85.0000
246 85.0000
247 85.0000
248 85.0000
249 84.5185
250 83.2180
251 81.9744
252 79.6385
253 76.4388
254 73.9527
255 70.7803
256 65.6913
257 62.1750
258 59.5440
259 54.8088
260 51.4055
261 49.2433
262 45.8884
263 43.1550
264 40.9808
265 38.1113
266 35.5014
267 34.0134
268 32.6939
269 31.1173
270 29.7868
271 30.4897
272 31.1926
273 30.3306
274 28.9345
275 28.7401
276 28.0802
277 28.0700
278 28.8222
279 28.9921
280 28.7668
281 28.0036
282 27.9730
283 27.1564
284 27.4208
285 28.2840
286 28.0402
287 27.0852
288 27.0968
289 26.5009
290 25.4986
291 25.2976
292 24.9699
293 24.1375
294 23.7048
295 24.2983
296 23.3405
297 22.3102
298 22.5434
299 21.3767
300 22.3372
301 23.3005
302 22.4624
303 21.3808
304 20.6220
305 21.1357
306 19.9958
307 18.5322
308 19.5164
309 18.7192
310 20.6763
311 21.2036
312 19.8862
313 17.7540
314 17.6943
315 17.1780
316 16.9799
317 18.3866
318 18.8512
319 17.5537
320 18.4292
321 18.0993
322 18.5690
323 19.0869
324 19.3766
325 18.3325
326 17.8442
327 17.7820
328 17.9543
329 18.4378
330 18.5866
331 18.2474
332 18.0009
333 17.3312
334 18.1180
335 17.4762
336 15.5174
337 16.8579
338 18.9765
339 18.9265
340 18.5642
341 18.0967
342 17.2877
343 16.0647
344 17.4551
345 18.1657
346 17.7967
347 18.3154
348 18.4055
349 17.5497
350 17.3680
351 16.6373
352 15.5398
353 14.9370
354 17.9749
355 18.8986
356 18.6693
357 17.5862
358 17.6767
359 17.9818
360 18.4037
361 17.0851
362 17.7836
363 18.4442
364 18.3026
365 17.4719
366 16.4420
367 16.1662
368 15.6391
369 15.7885
370 17.3405
371 18.2461
372 17.1273
373 16.4488
374 16.8408
375 16.6463
376 15.9168
377 17.1337
378 18.3819
379 17.8569
380 16.3219
381 17.1352
382 16.1907
383 15.3855
384 17.2318
385 17.1091
386 16.9647
387 17.5870
388 17.1082
389 15.7137
390 17.3667
391 19.0473
392 17.7701
393 16.3039
394 17.8341
395 16.9272
396 16.5785
397 17.2667
398 16.9708
399 16.6741
400 17.7399
401 18.6143
402 17.4286
403 16.3173
404 17.1700
405 16.6919
406 15.2263
407 17.4865
408 18.0290
409 19.2772
410 19.1181
411 17.8366
412 16.4831
413 16.9652
414 17.3710
415 17.2340
416 17.6448
417 17.6876
418 17.4293
419 17.9660
420 18.5012
421 17.1942
422 16.5802
423 17.7229
424 17.6805
425 17.8650
426 18.9308
427 18.0431
428 16.6769
429 16.6888
430 17.2551
431 16.8751
432 17.1161
433 17.7683
434 17.6132
435 16.3002
436 16.6684
437 17.7179
438 17.1996
439 17.1654
440 18.1752
441 18.5610
442 17.6788
443 16.9290
444 15.9220
445 14.3687
446 17.7847
447 18.5463
448 17.7249
449 18.4453
450 18.6526
451 17.6355
452 16.8965
453 17.7875
454 17.9307
455 16.9798
456 17.5179
457 17.1696
458 16.6976
459 17.2160
460 17.8247
461 17.8234
462 18.0200
463 17.7669
464 16.7264
465 16.5306
466 17.8208
467 17.0372
468 16.2255
469 18.3333
