0 17.6667
1 17.0753
2 16.4265
3 16.7866
4 17.0819
5 17.2155
6 16.5286
7 16.6150
8 16.9636
9 17.7869
10 17.5975
11 16.8176
12 15.9757
13 14.1980
14 15.2311
15 17.6862
16 17.9646
17 17.4744
18 18.1052
19 17.8111
20 16.9952
21 15.8395
22 15.5934
23 14.9352
24 17.6979
25 18.1169
26 17.8764
27 16.8729
28 17.0450
29 18.5126
30 19.3659
31 16.4826
32 16.5012
33 17.1909
34 17.4065
35 17.6858
36 17.3822
37 17.3445
38 14.1022
39 15.5885
40 16.8099
41 16.3678
42 16.2725
43 17.5256
44 17.4620
45 17.1717
46 18.3600
47 18.4164
48 17.9708
49 17.3824
50 17.8358
51 17.5829
52 17.1945
53 17.9866
54 17.5290
55 16.7135
56 17.3188
57 18.5028
58 18.6357
59 18.0651
60 17.7301
61 17.9238
62 16.9653
63 16.1240
64 16.8780
65 17.5459
66 17.4381
67 17.8843
68 16.9636
69 16.1406
70 16.6859
71 17.9152
72 17.8564
73 17.1911
74 17.0912
75 18.6844
76 18.3974
77 17.7715
78 17.2835
79 16.3623
80 14.5677
81 17.0779
82 18.2109
83 18.2750
84 17.6374
85 17.3451
86 16.6102
87 16.1144
88 17.4558
89 16.8099
90 17.1147
91 17.9169
92 18.1028
93 16.6779
94 16.2540
95 18.3814
96 18.3185
97 16.0717
98 16.2265
99 16.5339
100 16.7710
101 16.9311
102 17.8767
103 17.7066
104 17.3978
105 16.3914
106 17.5971
107 18.1876
108 17.7057
109 17.7003
110 17.9805
111 18.0067
112 16.3840
113 17.2445
114 18.1020
115 17.6464
116 16.1475
117 18.6178
118 17.6472
119 18.2373
120 18.4189
121 19.2984
122 18.4220
123 17.9057
124 18.7236
125 18.3526
126 18.0093
127 18.7856
128 17.2475
129 16.0514
130 17.1142
131 17.0620
132 17.7764
133 17.1113
134 17.4028
135 17.4994
136 17.4638
137 18.5211
138 18.7378
139 17.5055
140 17.9999
141 18.8698
142 18.4627
143 18.5520
144 18.3129
145 17.6063
146 15.0819
147 16.9456
148 17.4455
149 16.2857
150 16.1337
151 16.3968
152 16.3333
153 16.5065
154 17.5642
155 19.0568
156 18.3081
157 18.1142
158 17.7537
159 17.6385
160 17.8733
161 18.0592
162 17.3048
163 17.2125
164 16.2485
165 16.1934
166 17.4926
167 17.5928
168 17.6467
169 17.6607
170 18.0678
171 17.4766
172 18.0272
173 18.0517
174 17.6761
175 16.3395
176 18.7235
177 18.0950
178 15.6261
179 16.9855
180 18.7526
181 18.2571
182 16.7654
183 17.9181
184 18.8527
185 18.5697
186 18.5338
187 18.9418
188 18.3050
189 17.6366
190 18.1058
191 18.0237
192 17.8848
193 18.3097
194 19.5996
195 18.8015
196 17.6384
197 18.8516
198 18.6677
199 17.1633
200 16.4840
201 17.6124
202 17.6809
203 18.8115
204 20.1484
205 18.9017
206 17.0208
207 17.2678
208 17.3116
209 17.2053
210 17.4381
211 17.3592
212 18.5844
213 16.6236
214 18.1465
215 18.9534
216 18.6331
217 18.2527
218 18.5143
219 17.8443
220 15.7695
221 17.3425
222 18.4503
223 18.7588
224 18.9986
225 18.7603
226 18.2364
227 18.0143
228 18.6158
229 19.4922
230 18.7720
231 16.9336
232 15.6074
233 17.7242
234 18.5860
235 18.0785
236 18.6575
237 17.5060
238 17.9058
239 19.0576
240 19.0074
241 17.8434
242 16.9686
243 18.2995
244 16.8867
245 18.6726
246 19.8768
247 19.0978
248 16.8791
249 17.8892
250 19.4307
251 19.7650
252 19.6614
253 18.9244
254 17.8833
255 16.8256
256 18.1645
257 18.3545
258 17.9960
259 17.5718
260 17.9555
261 18.7358
262 17.9894
263 18.1470
264 18.5439
265 19.4056
266 17.9364
267 16.9648
268 17.8386
269 19.0453
270 19.7208
271 19.0819
272 17.4300
273 17.5070
274 19.0422
275 19.4401
276 18.9998
277 18.9111
278 20.0781
279 19.2859
280 18.6481
281 19.8410
282 20.4149
283 20.5597
284 21.6568
285 21.6383
286 20.7088
287 21.2468
288 21.8730
289 21.5781
290 21.1703
291 21.5193
292 22.5801
293 23.6615
294 22.8732
295 23.9606
296 24.9725
297 25.1800
298 26.0127
299 27.6432
300 28.7304
301 30.5987
302 31.0933
303 32.4813
304 34.1236
305 35.9163
306 39.1154
307 43.9186
308 46.0406
309 48.4495
310 52.6256
311 56.4502
312 60.2205
313 64.4541
314 69.3215
315 72.1790
316 75.6103
317 80.5448
318 82.8704
319 84.0702
320 84.8696
321 85.0000
322 85.0000
323 85.0000
324 85.0000
325 85.0000
326 85.0000
327 85.0000
328 85.0000
329 85.0000
330 85.0000
331 85.0000
332 85.0000
333 85.0000
334 85.0000
335 85.0000
336 85.0000
337 85.0000
338 85.0000
339 85.0000
340 85.0000
341 85.0000
342 85.0000
343 85.0000
344 85.0000
345 85.0000
346 85.0000
347 85.0000
348 84.9088
349 84.3946
350 83.1747
351 81.3581
352 78.4313
353 75.6578
354 70.2356
355 65.7929
356 62.9980
357 59.8012
358 55.9235
359 53.3787
360 49.4507
361 44.2018
362 40.9258
363 38.4427
364 36.2409
365 34.0722
366 32.8534
367 31.3794
368 30.0688
369 29.5790
370 29.0059
371 28.2175
372 28.4141
373 28.2668
374 27.2795
375 26.0181
376 26.1157
377 26.1213
378 25.7789
379 25.7329
380 24.5917
381 22.1415
382 22.8715
383 22.9731
384 22.8467
385 22.1862
386 21.5666
387 21.4686
388 21.3794
389 22.3082
390 22.1455
391 20.7399
392 19.0548
393 18.8319
394 19.8092
395 20.2184
396 18.1382
397 19.4054
398 18.8332
399 17.9981
400 18.1645
401 18.8128
402 19.5611
403 18.1544
404 17.7437
405 16.8385
406 16.9970
407 18.2847
408 18.3202
409 17.1509
410 16.6220
411 17.9306
412 17.1759
413 17.3655
414 18.2065
415 18.5529
416 17.7745
417 16.4699
418 18.8208
419 18.6604
420 20.0905
421 19.9135
422 19.1720
423 17.5186
424 15.6773
425 17.5056
426 18.3423
427 17.8085
428 18.0227
429 18.9277
430 18.4208
431 18.4090
432 19.9573
433 18.3631
434 16.7048
435 17.0263
436 18.1647
437 18.5278
438 18.5994
439 18.4779
440 17.7331
441 17.0367
442 17.9911
443 18.2828
444 18.0465
445 17.0875
446 17.6416
447 17.8303
448 18.0412
449 18.7844
450 18.2336
451 18.0049
452 18.4232
453 18.6113
454 18.2982
455 18.3597
456 19.3234
457 18.1217
458 16.5471
459 16.0039
460 16.4918
461 17.3497
462 18.2949
463 18.4459
464 18.4739
465 18.0494
466 17.0495
467 17.6185
468 18.7408
469 17.4841
470 17.2023
471 18.0021
472 17.6784
473 17.6776
474 18.2554
475 18.2090
476 16.7554
477 17.9152
478 17.8858
479 16.6849
480 16.8067
481 16.8194
482 16.5915
483 15.1090
484 17.5114
485 18.5727
486 18.4645
487 17.8658
488 17.5555
489 18.8027
490 18.6163
491 16.4819
492 17.9021
493 18.4132
494 17.5167
495 17.1714
496 16.8045
497 17.1207
498 18.7902
499 19.1319
500 17.5314
501 16.8634
502 16.7453
503 16.0543
504 15.3854
505 16.0956
506 15.8815
507 16.0129
508 16.0692
509 17.2505
510 17.5384
511 17.1026
512 16.4837
513 17.6350
514 17.2181
515 17.6356
516 17.9482
517 17.5409
518 16.9703
519 16.6871
520 18.4214
521 18.6343
522 18.4996
523 18.7516
524 17.6966
525 16.3347
526 17.3978
527 18.3429
528 18.0989
529 18.1360
530 18.1488
531 18.9892
532 17.9767
533 16.2963
534 17.0227
535 16.3829
536 17.4926
537 17.3029
538 16.6112
539 16.8854
540 16.9119
541 17.6572
542 17.4011
543 17.3736
544 18.1463
545 18.4198
546 17.9788
547 17.4958
548 16.7364
549 17.3478
550 17.1741
551 18.3824
552 18.3962
553 18.3267
554 17.1257
555 17.3435
556 17.7883
557 17.0218
558 18.1118
559 17.6305
560 16.9478
561 16.1860
562 17.6927
563 18.2593
564 16.6903
565 17.6194
566 17.2558
567 16.7469
568 16.9980
569 17.8737
570 18.3587
571 17.9001
572 17.6774
573 17.5786
574 17.7221
575 17.9909
576 18.2975
577 18.1850
578 17.4421
579 17.0788
580 17.1436
581 15.7928
582 16.5400
583 17.1588
584 17.1626
585 16.6491
586 17.6722
587 17.9256
588 17.4537
589 17.8952
590 17.7168
591 16.5316
592 15.8300
593 17.1441
594 17.9543
595 17.1070
596 16.9960
597 16.7635
598 15.9345
599 15.1986
600 17.2718
601 17.7250
602 18.2576
603 16.7098
604 16.5121
605 17.1122
606 17.2535
607 17.9812
608 18.0916
609 16.5747
610 16.7788
611 18.2895
612 17.6131
613 17.1204
614 16.5387
615 17.2612
616 16.7121
617 16.6262
618 17.9718
619 17.7406
620 17.1141
621 16.6890
622 17.6232
623 17.0622
624 18.0696
625 18.3078
626 17.2615
627 15.9638
628 16.1481
629 17.1196
630 16.6764
631 17.1324
632 17.3961
633 17.4569
634 16.4847
635 18.1274
636 19.1665
637 18.2697
638 16.8641
639 16.4158
640 15.0138
641 15.7516
642 16.5140
643 16.3333
644 16.3186
645 16.1426
646 17.2503
647 17.3652
648 17.7996
649 17.5965
650 17.0329
651 15.2238
652 13.6691
653 17.0527
654 17.6937
655 16.8328
656 16.2572
657 16.7252
658 16.3121
659 16.6538
660 17.5658
661 17.0406
662 15.9055
663 16.8032
664 17.3837
665 16.6429
666 16.1224
667 18.1888
668 17.8663
669 14.8254
670 15.4409
671 16.9804
672 17.3904
673 16.3818
674 16.3333
