0	18.0000
1	17.2789
2	16.9333
3	17.1798
4	17.7990
5	17.5501
6	17.8332
7	17.1867
8	16.1397
9	16.3902
10	16.7851
11	17.3658
12	16.7359
13	17.5553
14	17.4180
15	17.0577
16	18.0351
17	17.7861
18	17.2198
19	17.6383
20	17.6667
21	16.8962
22	18.1306
23	17.5544
24	17.0332
25	16.8674
26	16.6387
27	16.8110
28	17.0685
29	17.0936
30	16.9283
31	16.9777
32	17.8097
33	16.6437
34	15.9161
35	17.1150
36	17.0748
37	16.7756
38	18.3056
39	18.6773
40	17.3171
41	17.3024
42	17.6002
43	17.9482
44	17.7778
45	17.9713
46	18.1505
47	16.8992
48	15.1958
49	15.5722
50	15.5607
51	15.6763
52	15.5383
53	15.1533
54	16.9117
55	17.9564
56	15.6316
57	15.5781
58	16.3814
59	15.5623
60	15.4845
61	16.4542
62	17.6025
63	16.6811
64	16.4764
65	17.1316
66	17.0351
67	16.8055
68	17.1865
69	16.7671
70	16.5583
71	18.0378
72	17.9474
73	16.9050
74	18.1126
75	16.8686
76	16.6759
77	18.2741
78	17.5117
79	16.7909
80	16.9756
81	16.4358
82	16.8350
83	17.5741
84	17.1856
85	15.8816
86	15.8325
87	16.8687
88	15.7171
89	14.6869
90	16.3519
91	16.5431
92	17.2755
93	17.3622
94	15.4958
95	14.9560
96	16.8227
97	15.2939
98	15.8904
99	18.2953
100	18.3822
101	17.4074
102	16.6457
103	16.9121
104	17.2736
105	15.8788
106	17.0764
107	16.8926
108	16.4649
109	18.0050
110	18.3047
111	17.2390
112	17.5641
113	18.2032
114	17.0833
115	17.5068
116	17.0763
117	16.4912
118	17.1634
119	18.3069
120	18.7064
121	18.7487
122	18.6949
123	17.9425
124	16.6380
125	17.1499
126	17.5895
127	17.5303
128	18.5332
129	18.6162
130	16.9263
131	16.9718
132	18.5990
133	18.3999
134	17.6712
135	17.0239
136	17.7790
137	18.3903
138	18.3372
139	17.6017
140	17.2776
141	17.6426
142	17.3273
143	16.6484
144	18.6547
145	18.9687
146	18.7074
147	19.3046
148	18.9414
149	18.4669
150	18.5965
151	18.6165
152	17.4074
153	17.0306
154	18.5039
155	18.6652
156	18.3019
157	18.9299
158	19.2215
159	19.0882
160	19.3643
161	17.9028
162	15.9938
163	18.0884
164	19.3865
165	19.2373
166	19.4324
167	19.4184
168	19.6039
169	19.0526
170	18.4633
171	18.3750
172	19.2570
173	20.3528
174	20.5334
175	20.4600
176	20.1668
177	20.6031
178	21.0086
179	20.5717
180	20.5688
181	19.5746
182	20.6554
183	22.1600
184	21.4584
185	22.0548
186	22.7939
187	23.0257
188	23.8687
189	24.5584
190	23.7477
191	24.2426
192	25.3444
193	25.8515
194	25.9953
195	26.9640
196	27.2395
197	27.6882
198	28.6068
199	30.9868
200	31.2965
201	33.3069
202	35.8301
203	37.8783
204	41.6281
205	44.9264
206	47.5802
207	52.1627
208	56.3030
209	59.2222
210	63.1765
211	67.4218
212	70.9190
213	75.2639
214	80.4290
215	82.6466
216	84.6011
217	85.0000
218	85.0000
219	85.0000
220	85.0000
221	85.0000
222	85.0000
223	85.0000
224	85.0000
225	85.0000
226	85.0000
227	85.0000
228	85.0000
229	85.0000
230	85.0000
231	85.0000
232	85.0000
233	85.0000
234	85.0000
235	85.0000
236	85.0000
237	85.0000
238	85.0000
239	85.0000
240	85.0000
241	85.0000
242	85.0000
243	85.0000
244	85.0000
245	85.0000
246	84.6579
247	82.8501
248	79.6293
249	76.5742
250	72.6124
251	66.8494
252	63.3666
253	60.0968
254	54.3948
255	50.9474
256	48.4269
257	43.4869
258	40.0190
259	38.2217
260	34.7244
261	32.6153
262	30.9962
263	29.1799
264	28.1579
265	27.6574
266	26.2222
267	25.5150
268	26.0085
269	25.3734
270	24.2381
271	23.4691
272	22.3779
273	22.2765
274	21.0693
275	21.3005
276	22.2018
277	21.9295
278	21.4401
279	21.7702
280	21.1459
281	19.2022
282	18.7690
283	18.6443
284	19.6390
285	20.9688
286	20.7250
287	20.4409
288	19.3555
289	19.7834
290	19.1845
291	18.4610
292	19.3282
293	18.3832
294	19.2131
295	19.7799
296	19.5187
297	18.0811
298	17.4426
299	17.5772
300	17.6939
301	18.1172
302	17.3309
303	16.8051
304	18.2222
305	18.8690
306	18.4576
307	16.7133
308	16.9797
309	14.2074
310	17.0847
311	19.1162
312	17.3361
313	18.6908
314	19.4275
315	20.0061
316	19.2379
317	18.8734
318	18.3677
319	17.5085
320	17.8842
321	18.0800
322	17.8231
323	19.2616
324	19.5861
325	18.4257
326	18.4559
327	17.7924
328	16.8342
329	16.5256
330	17.5693
331	18.8117
332	19.3945
333	19.8509
334	19.5892
335	18.6013
336	17.8476
337	18.0345
338	18.0383
339	17.8695
340	17.9644
341	17.5143
342	17.1250
343	17.5710
344	16.9601
345	15.4429
346	17.5047
347	18.7576
348	19.0252
349	18.8021
350	17.6097
351	18.4656
352	19.3123
353	19.2118
354	18.0141
355	17.5631
356	18.5463
357	18.5124
358	18.1802
359	18.7466
360	18.2687
361	18.4225
362	18.9124
363	18.4041
364	16.5529
365	17.8280
366	17.9467
367	16.0333
368	17.2670
369	17.5788
370	17.8088
371	18.3845
372	17.4986
373	16.6994
374	17.0282
375	18.0106
376	18.1251
377	17.8669
378	18.1623
379	17.9588
380	17.8426
381	18.0640
382	18.3465
383	16.9905
384	16.9594
385	18.5469
386	17.8221
387	17.4521
388	18.2848
389	18.0724
390	18.4808
391	19.7458
392	18.8697
393	17.2320
394	17.5630
395	17.0843
396	16.4561
397	17.5314
398	19.0207
399	18.1823
400	18.0772
401	18.8991
402	17.0205
403	15.6635
404	17.9374
405	17.7153
406	17.6112
407	18.1206
408	17.9621
409	16.5476
410	16.4523
411	17.2914
412	16.0736
413	16.5489
414	17.4298
415	16.1404
416	15.8485
417	16.8514
418	16.4815
419	15.7142
420	17.6053
421	16.8207
422	17.0570
423	17.8419
424	17.1084
425	16.5346
426	16.9826
427	17.5731
428	18.0269
429	17.9995
430	17.5729
431	16.1561
432	15.5808
433	16.9018
434	17.4498
435	18.4694
436	18.3109
437	16.5330
438	16.2565
439	16.6579
440	14.5463
441	15.7675
442	17.2589
443	17.8090
444	17.2382
445	16.7529
446	17.3358
447	17.3672
448	17.7062
449	18.2098
450	18.0217
451	17.9375
452	18.3440
453	18.3377
454	18.1701
455	17.8422
456	17.0000
