0 19.6667
1 18.4696
2 18.6856
3 18.5813
4 18.1690
5 17.3812
6 16.8354
7 17.3191
8 17.2218
9 17.1361
10 18.0095
11 17.8214
12 16.8991
13 16.5609
14 17.6581
15 17.7689
16 16.4424
17 17.8101
18 16.9407
19 15.3798
20 16.3080
21 17.9960
22 17.4411
23 16.2895
24 16.5645
25 16.3810
26 17.0546
27 17.8371
28 17.8869
29 18.8450
30 19.0917
31 17.8908
32 16.9241
33 17.8917
34 17.9770
35 18.3011
36 17.8294
37 16.5977
38 16.7968
39 17.4697
40 16.5352
41 18.1462
42 18.1380
43 17.3106
44 17.2419
45 17.3193
46 17.6317
47 17.6497
48 18.1138
49 17.5502
50 16.1805
51 17.1059
52 17.1613
53 16.5919
54 16.6626
55 16.3970
56 17.3241
57 17.2856
58 17.9256
59 18.0486
60 18.3344
61 17.8324
62 17.4528
63 16.5157
64 16.7003
65 17.6497
66 18.0972
67 17.9096
68 17.5353
69 17.4032
70 17.0520
71 16.7603
72 17.4877
73 18.1137
74 17.9356
75 16.7140
76 16.9571
77 18.3909
78 18.2228
79 17.0343
80 18.6676
81 19.1555
82 17.5694
83 17.8186
84 18.5592
85 17.2398
86 15.8714
87 17.4645
88 16.8485
89 17.4071
90 17.6336
91 16.3591
92 15.6230
93 18.4247
94 18.6061
95 17.3449
96 17.2936
97 18.2032
98 17.2471
99 17.1688
100 18.0585
101 17.9214
102 17.8116
103 17.3662
104 17.3621
105 16.3476
106 17.0772
107 18.3389
108 17.1404
109 16.2271
110 16.9782
111 18.1879
112 16.8154
113 16.4601
114 17.4425
115 17.6775
116 16.6233
117 14.9921
118 16.7778
119 16.2919
120 16.0854
121 18.0136
122 18.8922
123 17.5234
124 16.6245
125 17.4365
126 15.9565
127 16.7488
128 17.9251
129 17.5152
130 17.1983
131 16.3807
132 15.6787
133 16.5046
134 16.4221
135 17.5144
136 17.8945
137 17.5609
138 17.9641
139 18.1527
140 17.6524
141 17.3313
142 17.7936
143 17.6757
144 16.5332
145 17.6069
146 18.3075
147 17.4052
148 16.0356
149 17.1016
150 18.2282
151 17.6517
152 18.5409
153 17.8340
154 17.2649
155 17.6017
156 18.2048
157 18.1796
158 17.8030
159 18.0705
160 17.4700
161 16.3976
162 18.0942
163 19.3013
164 18.0285
165 17.0259
166 17.3214
167 17.3004
168 16.0551
169 16.7141
170 17.6667
171 18.0368
172 18.1276
173 17.6527
174 16.7713
175 15.1652
176 17.3579
177 18.2094
178 18.0970
179 17.7200
180 18.5093
181 18.3282
182 16.9655
183 19.4752
184 19.6052
185 17.6198
186 17.9001
187 18.5799
188 18.0893
189 17.4819
190 18.9211
191 18.9689
192 16.1226
193 17.9020
194 19.4291
195 19.6742
196 18.9994
197 18.4765
198 18.3133
199 17.1295
200 17.8292
201 19.7110
202 19.2181
203 17.5099
204 16.6519
205 17.8488
206 17.0074
207 18.5602
208 19.2624
209 19.7675
210 20.2639
211 20.4650
212 20.1635
213 19.3867
214 21.2469
215 22.3754
216 22.0341
217 21.0983
218 20.8451
219 21.3052
220 21.8866
221 22.0892
222 23.2540
223 23.8761
224 23.6932
225 24.3366
226 24.8146
227 24.7862
228 25.9676
229 26.6109
230 25.7373
231 26.2628
232 27.4134
233 27.2752
234 27.6832
235 29.3928
236 30.0922
237 30.0974
238 32.0039
239 33.9609
240 35.5561
241 38.9126
242 42.0997
243 43.2862
244 45.8563
245 52.3017
246 55.8235
247 58.7613
248 63.0284
249 67.1561
250 70.2404
251 74.0210
252 79.2641
253 81.6172
254 84.1725
255 84.9007
256 85.0000
257 85.0000
258 85.0000
259 85.0000
260 85.0000
261 85.0000
262 85.0000
263 85.0000
264 85.0000
265 85.0000
266 85.0000
267 85.0000
268 85.0000
269 85.0000
270 85.0000
271 85.0000
272 85.0000
273 85.0000
274 85.0000
275 85.0000
276 85.0000
277 85.0000
278 85.0000
279 85.0000
280 85.0000
281 85.0000
282 85.0000
283 85.0000
284 84.9114
285 84.0223
286 83.1487
287 81.2056
288 76.4126
289 71.7457
290 68.0260
291 64.4576
292 59.8031
293 56.0718
294 53.6543
295 49.4154
296 45.5663
297 42.7440
298 39.7925
299 36.5038
300 34.7079
301 33.0636
302 31.2498
303 29.7375
304 28.1908
305 27.4226
306 26.0262
307 25.0657
308 25.3928
309 24.4059
310 23.2068
311 23.5382
312 22.6203
313 21.7076
314 21.6007
315 22.0331
316 21.7675
317 20.6757
318 20.5498
319 21.5185
320 21.8154
321 21.1223
322 20.4744
323 19.6304
324 18.4616
325 19.6587
326 20.2860
327 19.0759
328 18.8782
329 19.1432
330 18.7646
331 16.3678
332 17.1360
333 19.0370
334 19.8213
335 18.7561
336 17.6639
337 17.3082
338 18.0934
339 19.4205
340 18.4024
341 18.0902
342 17.9594
343 18.7372
344 17.8761
345 17.5940
346 18.0335
347 18.4047
348 18.2149
349 16.7234
350 18.0758
351 18.8792
352 19.5625
353 19.7251
354 19.1963
355 17.8299
356 16.8722
357 19.3938
358 19.4874
359 18.6964
360 17.5279
361 17.3972
362 16.8457
363 17.8950
364 19.3224
365 19.8077
366 17.6963
367 17.6396
368 17.7253
369 17.3238
370 17.7808
371 18.1463
372 15.7695
373 17.2717
374 18.8611
375 18.9712
376 17.4673
377 18.2872
378 18.7574
379 18.7789
380 17.7376
381 18.6671
382 17.8630
383 17.4806
384 17.8411
385 18.2869
386 18.1714
387 17.2134
388 18.3682
389 18.8902
390 17.5702
391 17.2410
392 17.9587
393 16.4647
394 16.0370
395 17.9591
396 18.8012
397 17.2724
398 18.8891
399 19.2955
400 18.3685
401 18.0903
402 18.5751
403 17.7413
404 15.7841
405 16.8401
406 18.4746
407 18.5641
408 19.0852
409 19.3121
410 19.0095
411 17.2422
412 18.3142
413 18.4802
414 17.6075
415 18.6726
416 19.1400
417 17.8164
418 16.5761
419 18.1959
420 18.4226
421 18.8356
422 18.7858
423 19.2444
424 17.9641
425 15.9739
426 16.3778
427 17.9071
428 17.3862
429 18.1518
430 18.0361
431 17.5380
432 18.0661
433 18.5006
434 17.9123
435 17.9175
436 16.5738
437 17.9441
438 17.5449
439 16.6233
440 17.5805
441 18.4748
442 17.3638
443 17.6954
444 17.6824
445 16.8826
446 17.8937
447 17.7462
448 18.3083
449 18.0316
450 16.3494
451 17.1258
452 17.6354
453 18.3655
454 18.6043
455 17.4972
456 16.3414
457 17.2763
458 18.0913
459 16.6881
460 16.3620
461 16.5814
462 15.6476
463 16.3073
464 18.1215
465 18.0386
466 18.4579
467 15.8691
468 16.0872
469 17.4266
470 18.0035
471 17.4802
472 17.5546
473 16.5458
474 14.8203
475 16.6541
476 16.9814
477 16.5431
478 16.9788
479 16.8386
480 16.0474
481 18.0223
482 18.5285
483 17.9115
484 16.5473
485 17.6716
486 17.7085
487 17.1667
488 17.4028
489 18.1082
490 17.8003
491 17.8959
492 19.1787
493 18.8397
494 16.0911
495 16.3405
496 17.1328
497 15.9571
498 16.0640
499 17.4934
500 17.6667
501 17.9089
502 18.0932
503 18.3187
504 18.0624
505 16.6303
506 16.2491
507 17.5434
508 16.5799
509 17.6337
510 18.6410
511 17.7309
512 16.9659
513 17.4746
514 17.2307
515 17.5136
516 17.8264
517 18.7789
518 17.7482
519 16.4740
520 17.0506
521 17.8055
522 16.6403
523 17.8532
524 18.5290
525 17.9749
526 18.3712
527 18.5318
528 18.2774
529 17.0753
530 18.4627
531 17.7826
532 15.8166
533 17.4205
534 18.4520
535 17.1483
536 14.9727
537 16.2478
538 16.3333
