0 17.6667
1 16.6214
2 16.6487
3 17.1673
4 17.0294
5 17.4722
6 18.0128
7 17.6679
8 16.7468
9 18.1232
10 18.9052
11 19.1179
12 19.0322
13 17.3794
14 18.3264
15 18.3241
16 17.6719
17 17.8133
18 18.3710
19 18.4465
20 17.5077
21 18.0378
22 18.9628
23 18.1582
24 17.0646
25 17.9804
26 16.5570
27 17.4338
28 17.2529
29 17.1898
30 16.5412
31 17.7616
32 17.9333
33 17.4750
34 16.9573
35 18.2503
36 18.3372
37 17.8376
38 17.0937
39 16.4732
40 16.2249
41 16.6948
42 18.2071
43 18.5043
44 18.8863
45 18.2807
46 17.1759
47 18.0022
48 17.4588
49 16.4375
50 17.2595
51 17.2080
52 17.5536
53 18.0619
54 17.6687
55 15.7428
56 17.6024
57 18.9176
58 18.0841
59 16.9403
60 15.9988
61 15.7569
62 15.8644
63 16.8436
64 16.5008
65 17.0028
66 16.1850
67 17.0036
68 18.4880
69 18.4367
70 16.8717
71 14.9512
72 17.4790
73 18.4048
74 17.4272
75 17.4521
76 18.5795
77 17.7703
78 15.2212
79 17.0070
80 18.0830
81 18.0212
82 17.6499
83 18.4526
84 16.5882
85 16.2667
86 17.3839
87 18.3710
88 17.3783
89 14.9761
90 17.8164
91 17.5232
92 17.5244
93 17.6194
94 17.9160
95 16.2918
96 12.7502
97 16.7183
98 18.2088
99 18.1917
100 17.2226
101 17.3406
102 16.2507
103 16.2551
104 16.4933
105 16.5509
106 17.6042
107 18.1194
108 17.5845
109 16.5559
110 15.9176
111 16.1428
112 16.9870
113 16.5109
114 17.6332
115 18.1719
116 18.3541
117 17.0800
118 16.9500
119 18.2427
120 18.4752
121 18.2833
122 17.5338
123 16.9204
124 18.3903
125 19.0035
126 18.1973
127 18.1490
128 17.9012
129 17.6471
130 17.7045
131 18.2066
132 17.0970
133 16.9245
134 18.0260
135 17.7968
136 17.8000
137 18.1728
138 18.8908
139 18.3374
140 18.1013
141 18.8005
142 19.1981
143 18.2839
144 18.4048
145 18.6316
146 18.3918
147 17.9311
148 17.6140
149 18.2003
150 16.5260
151 17.9181
152 18.5138
153 18.2320
154 17.7350
155 19.4505
156 20.4843
157 19.9802
158 20.8767
159 21.2437
160 20.8286
161 20.6848
162 21.5908
163 21.8569
164 21.9113
165 21.4890
166 21.8316
167 23.2024
168 24.3693
169 23.3357
170 23.7333
171 25.7022
172 25.9592
173 27.2238
174 27.4267
175 26.8085
176 26.3742
177 28.3637
178 29.8102
179 30.3648
180 30.9280
181 32.1602
182 33.3922
183 35.8488
184 39.1586
185 41.9283
186 45.0184
187 47.6827
188 50.5868
189 55.0694
190 59.4616
191 63.0562
192 66.7953
193 71.2039
194 73.8682
195 76.5020
196 80.4243
197 84.5381
198 84.9866
199 85.0000
200 85.0000
201 85.0000
202 85.0000
203 85.0000
204 85.0000
205 85.0000
206 85.0000
207 85.0000
208 85.0000
209 85.0000
210 85.0000
211 85.0000
212 85.0000
213 85.0000
214 85.0000
215 85.0000
216 85.0000
217 85.0000
218 85.0000
219 85.0000
220 85.0000
221 85.0000
222 85.0000
223 85.0000
224 85.0000
225 85.0000
226 84.9213
227 84.6274
228 83.9911
229 81.8282
230 79.4028
231 76.5859
232 72.8902
233 67.8204
234 63.8770
235 59.5400
236 55.2851
237 51.7584
238 48.9227
239 45.0478
240 38.9490
241 35.8344
242 34.3077
243 32.7678
244 30.0144
245 28.1629
246 26.7530
247 26.4081
248 25.5278
249 24.0450
250 23.7439
251 25.0427
252 24.8055
253 22.0864
254 22.4367
255 24.0000
256 23.3555
257 21.9647
258 21.7804
259 20.8270
260 21.0095
261 21.0374
262 19.8651
263 18.0300
264 18.5122
265 20.0445
266 20.5521
267 19.1813
268 18.4606
269 18.7117
270 18.5753
271 18.6647
272 18.9627
273 19.0462
274 17.5052
275 16.5248
276 18.0185
277 18.6847
278 19.4359
279 18.8256
280 17.7661
281 17.2694
282 15.2862
283 17.2177
284 18.5239
285 17.3098
286 15.7731
287 17.1710
288 16.1401
289 16.8987
290 17.5875
291 16.9117
292 16.6463
293 16.7321
294 18.4293
295 18.9052
296 18.5836
297 18.3481
298 18.2498
299 17.7179
300 16.8835
301 17.2889
302 16.8015
303 16.8999
304 17.8273
305 18.0807
306 16.8373
307 16.2683
308 16.9787
309 17.7826
310 17.0300
311 16.6492
312 17.1363
313 17.0544
314 16.8527
315 17.6630
316 18.6276
317 18.1686
318 16.5961
319 16.6999
320 17.2487
321 17.4923
322 17.2225
323 17.3707
324 17.8055
325 17.2249
326 17.3923
327 17.4500
328 17.2053
329 16.7971
330 17.5137
331 15.9774
332 16.6644
333 17.7187
334 18.4259
335 17.5684
336 16.8361
337 18.3788
338 18.1882
339 16.9282
340 16.0000
341 17.2112
342 18.9618
343 17.9757
344 17.4160
345 17.1898
346 16.9979
347 15.6570
348 16.6342
349 18.3185
350 17.5975
351 16.8298
352 17.7419
353 18.4308
354 17.2669
355 17.0881
356 17.6867
357 16.6347
358 15.0733
359 16.8607
360 17.8471
361 16.6449
362 17.4123
363 17.5907
364 17.7310
365 18.8157
366 18.3915
367 17.1441
368 16.7546
369 17.1242
370 17.5096
371 18.1078
372 15.5891
373 16.9598
374 18.3253
375 18.4187
376 17.9314
377 17.2416
378 16.6116
379 16.5778
380 15.8203
381 16.4270
382 17.1418
383 16.5947
384 17.5056
385 17.1172
386 17.6886
387 18.1992
388 17.6173
389 18.4385
390 18.5486
391 17.4773
392 18.1794
393 17.9254
394 17.4651
395 17.7961
396 17.8918
397 17.6118
398 18.2408
399 17.7098
400 16.6955
401 15.4570
402 16.3278
403 18.1045
404 18.0290
405 18.0018
406 18.6832
407 19.0063
408 18.0800
409 18.0324
410 18.4293
411 19.4027
412 18.1422
413 16.7037
414 18.1116
415 18.9871
416 18.4888
417 18.9147
418 20.2689
419 19.5553
420 17.9280
421 18.2559
422 16.7051
423 15.4132
424 18.3420
425 18.0000
