0 18.3333
1 17.1359
2 16.9231
3 16.4795
4 15.7123
5 16.5819
6 17.3740
7 16.7044
8 16.8951
9 18.6464
10 18.0907
11 17.5059
12 18.1239
13 18.4000
14 18.7535
15 17.6450
16 18.7150
17 17.4997
18 16.4596
19 16.7407
20 17.0907
21 16.2120
22 16.1725
23 18.0906
24 18.3469
25 18.2653
26 18.0667
27 17.7329
28 16.7837
29 17.6067
30 17.5779
31 16.8722
32 18.0515
33 18.5098
34 17.8402
35 17.1144
36 17.2914
37 17.3358
38 17.7094
39 17.2600
40 17.4517
41 16.8717
42 17.2975
43 17.8638
44 16.8709
45 15.5700
46 18.1813
47 18.5039
48 17.7381
49 18.0858
50 18.5740
51 18.0939
52 16.4133
53 16.3471
54 16.3985
55 13.0237
56 16.2650
57 18.3221
58 18.2914
59 17.9649
60 17.0000
61 17.0007
62 17.4667
63 19.5114
64 19.5991
65 18.8333
66 16.6885
67 15.6642
68 17.5162
69 18.6177
70 16.0158
71 16.5211
72 17.2140
73 17.3520
74 17.6149
75 18.4714
76 17.8205
77 17.0769
78 17.3200
79 17.9542
80 17.6607
81 17.7092
82 17.6600
83 16.6507
84 14.8323
85 16.7318
86 16.9449
87 16.7359
88 17.4325
89 18.2573
90 17.4103
91 15.9133
92 16.7303
93 17.9258
94 18.1260
95 17.4112
96 17.7795
97 18.2282
98 18.1133
99 18.0239
100 17.2308
101 16.4988
102 17.4127
103 17.7859
104 17.8000
105 18.4053
106 18.4634
107 16.9728
108 16.0124
109 17.1838
110 18.1223
111 18.3165
112 18.3464
113 17.7286
114 17.6649
115 16.5957
116 16.6462
117 17.8800
118 17.9860
119 16.1607
120 15.6706
121 17.2583
122 15.8769
123 18.7256
124 19.8413
125 19.2367
126 19.1368
127 18.7103
128 18.7400
129 18.6112
130 18.6667
131 18.6023
132 16.7202
133 17.8701
134 19.3065
135 19.2860
136 19.5523
137 20.4070
138 20.9362
139 20.0881
140 19.8028
141 20.0043
142 19.5273
143 19.0600
144 19.1161
145 20.8225
146 21.3908
147 22.5136
148 23.4955
149 23.8348
150 23.9349
151 24.8389
152 25.1143
153 24.9931
154 27.4393
155 27.7288
156 26.9067
157 27.3402
158 27.7222
159 29.0000
160 29.0671
161 30.4171
162 31.1077
163 30.6587
164 31.8821
165 33.8402
166 35.5871
167 37.7753
168 40.4914
169 43.6467
170 46.4832
171 48.6692
172 51.8239
173 56.3231
174 61.3919
175 64.6154
176 67.9179
177 72.2599
178 74.6238
179 77.6488
180 81.8363
181 84.8009
182 85.0000
183 85.0000
184 85.0000
185 85.0000
186 85.0000
187 85.0000
188 85.0000
189 85.0000
190 85.0000
191 85.0000
192 85.0000
193 85.0000
194 85.0000
195 85.0000
196 85.0000
197 85.0000
198 85.0000
199 85.0000
200 85.0000
201 85.0000
202 85.0000
203 85.0000
204 85.0000
205 85.0000
206 85.0000
207 85.0000
208 85.0000
209 85.0000
210 84.9310
211 84.3000
212 83.0513
213 81.5641
214 79.9143
215 75.4497
216 71.6133
217 68.0187
218 63.3915
219 58.8282
220 55.5897
221 52.5467
222 47.1385
223 43.1012
224 40.3050
225 37.2318
226 34.5034
227 32.7695
228 30.8301
229 28.3534
230 26.6647
231 24.9241
232 24.6656
233 24.3201
234 24.1467
235 23.4655
236 22.7624
237 21.6735
238 22.6278
239 23.1359
240 23.0454
241 22.1318
242 21.6298
243 20.7677
244 19.0310
245 20.2751
246 20.8596
247 19.7133
248 19.4218
249 20.0572
250 21.1440
251 20.2576
252 19.0596
253 19.8825
254 19.8899
255 18.4270
256 18.8706
257 19.0591
258 18.6299
259 18.0082
260 18.3333
261 17.5647
262 16.2696
263 17.5956
264 17.8361
265 18.6755
266 19.8564
267 18.9669
268 17.7734
269 17.6287
270 17.9487
271 18.3573
272 18.3243
273 17.8000
274 17.5875
275 16.0444
276 17.7213
277 18.4839
278 17.2686
279 16.2629
280 17.1144
281 17.7718
282 17.1949
283 16.4318
284 18.0685
285 18.0976
286 16.6533
287 16.2141
288 17.4281
289 17.7973
290 17.9389
291 18.6252
292 18.2569
293 15.9953
294 17.4803
295 18.2643
296 17.6346
297 16.6719
298 17.8791
299 18.2600
300 16.9527
301 17.6607
302 18.2084
303 17.5454
304 17.0868
305 17.6489
306 16.3638
307 15.3054
308 17.1819
309 17.9643
310 16.7081
311 15.4718
312 17.2267
313 18.4312
314 16.6888
315 17.5187
316 18.0867
317 16.6939
318 15.7277
319 16.4370
320 17.0296
321 17.6009
322 17.4890
323 17.2705
324 16.2690
325 17.3333
326 18.2727
327 17.6835
328 16.3505
329 17.3156
330 17.3807
331 15.9136
332 16.7443
333 17.8891
334 17.6960
335 15.7396
336 17.5368
337 16.9804
338 14.7600
339 17.7951
340 18.8797
341 17.8157
342 16.4498
343 16.6707
344 18.0993
345 18.0187
346 17.0518
347 18.1759
348 17.6325
349 16.3964
350 17.7495
351 18.8400
352 18.2505
353 16.2885
354 17.2159
355 15.6410
356 16.1384
357 17.1764
358 17.5793
359 17.7179
360 17.1045
361 17.5105
362 15.6286
363 16.7872
364 17.7200
365 17.6894
366 16.3845
367 17.6905
368 18.3542
369 17.9201
370 17.6903
371 17.1355
372 16.4364
373 16.5427
374 16.9155
375 18.0542
376 17.9134
377 16.8133
378 16.8799
379 18.0924
380 17.9053
381 17.8482
382 17.5698
383 17.0909
384 18.3909
385 18.0207
386 17.3182
387 16.9530
388 17.4383
389 17.9615
390 18.0000
