0	16.6667
1	17.5653
2	16.9352
3	16.5168
4	17.0856
5	17.6577
6	15.8207
7	16.0349
8	17.3048
9	16.5120
10	16.0548
11	16.9063
12	17.1549
13	17.1855
14	15.7733
15	16.7519
16	17.5143
17	17.8454
18	18.2034
19	18.5513
20	17.3256
21	17.3953
22	18.7488
23	19.1775
24	18.9878
25	15.4632
26	17.8089
27	18.2958
28	17.2731
29	17.3676
30	18.5511
31	18.2440
32	17.6768
33	18.4011
34	18.2069
35	18.3735
36	17.8388
37	18.5257
38	17.6830
39	17.2097
40	18.0327
41	18.4042
42	17.0636
43	16.2094
44	17.5838
45	17.1011
46	16.7848
47	16.4229
48	16.0826
49	17.0386
50	17.8271
51	16.9818
52	15.9771
53	15.8953
54	15.4875
55	16.3359
56	17.0334
57	17.3138
58	17.8296
59	17.6911
60	17.4388
61	16.7971
62	16.9470
63	17.0587
64	17.1144
65	17.5085
66	18.4584
67	18.9040
68	19.0284
69	19.1502
70	19.2834
71	18.1515
72	18.2205
73	17.9923
74	17.4096
75	15.7821
76	16.7436
77	17.0988
78	17.3190
79	18.7694
80	19.4780
81	19.6878
82	16.3739
83	16.3757
84	17.1223
85	17.3443
86	16.5373
87	17.6774
88	19.8859
89	19.9835
90	20.0892
91	18.9623
92	17.4805
93	16.8242
94	17.3675
95	17.6709
96	17.2130
97	16.4222
98	16.7405
99	17.9382
100	18.7884
101	19.1349
102	18.5960
103	17.5483
104	18.0853
105	19.5613
106	18.9573
107	17.6749
108	18.5029
109	18.8554
110	18.6124
111	19.1258
112	19.7304
113	18.4462
114	16.8343
115	17.9133
116	19.0871
117	18.8363
118	19.4654
119	18.5017
120	19.1876
121	18.1635
122	18.3390
123	19.6085
124	19.8642
125	19.2744
126	18.3307
127	19.0409
128	18.8327
129	19.8248
130	19.4294
131	20.6978
132	19.0367
133	19.1804
134	20.8698
135	21.1935
136	20.8945
137	20.7979
138	21.0307
139	19.8727
140	21.9087
141	22.8720
142	23.4195
143	22.8457
144	24.0290
145	24.6270
146	24.7355
147	24.3335
148	24.9765
149	26.1437
150	27.0623
151	27.3081
152	27.1108
153	25.6243
154	26.6002
155	27.6339
156	29.0000
157	28.8185
158	29.0585
159	29.4279
160	28.8314
161	29.1124
162	29.9093
163	30.4768
164	30.0212
165	29.9690
166	30.1182
167	29.9280
168	29.3583
169	30.1982
170	31.1880
171	29.7563
172	31.2044
173	32.9228
174	33.7637
175	34.7327
176	35.9234
177	37.9708
178	41.3117
179	43.7742
180	46.4638
181	49.6173
182	53.7627
183	55.8735
184	59.3850
185	64.1816
186	68.5705
187	71.3244
188	74.3459
189	78.8960
190	80.8120
191	82.3178
192	83.9731
193	85.0000
194	85.0000
195	85.0000
196	85.0000
197	85.0000
198	85.0000
199	85.0000
200	85.0000
201	85.0000
202	85.0000
203	85.0000
204	85.0000
205	85.0000
206	85.0000
207	85.0000
208	85.0000
209	85.0000
210	85.0000
211	85.0000
212	85.0000
213	85.0000
214	85.0000
215	85.0000
216	85.0000
217	85.0000
218	85.0000
219	85.0000
220	85.0000
221	85.0000
222	85.0000
223	84.7701
224	83.1411
225	80.9012
226	78.7995
227	75.8986
228	71.6764
229	68.0872
230	64.4857
231	60.9690
232	57.1164
233	54.2617
234	50.3856
235	47.5578
236	45.1500
237	42.1188
238	39.4667
239	38.2495
240	36.2409
241	33.9856
242	32.1049
243	30.9193
244	29.6236
245	29.2698
246	27.8863
247	26.6656
248	24.8439
249	24.5746
250	24.2121
251	23.1671
252	23.1850
253	22.6931
254	21.8438
255	21.2614
256	21.2331
257	20.7824
258	20.3210
259	21.4202
260	21.3021
261	20.4354
262	20.3050
263	20.2718
264	20.9783
265	19.7629
266	17.8584
267	18.5902
268	19.7082
269	19.9788
270	18.0448
271	19.8055
272	19.9780
273	19.1337
274	18.6189
275	18.3543
276	17.4409
277	17.4690
278	19.3714
279	18.7836
280	18.3195
281	17.2514
282	17.8989
283	17.4354
284	15.7180
285	18.1537
286	19.1298
287	18.1093
288	18.1429
289	17.9076
290	16.6161
291	16.9014
292	16.0791
293	15.3948
294	16.9210
295	17.0687
296	17.2140
297	18.1110
298	17.8256
299	17.5218
300	18.3425
301	18.5407
302	17.6194
303	18.4411
304	18.1958
305	16.4479
306	15.7913
307	17.7381
308	17.5748
309	16.0560
310	17.0937
311	18.1433
312	17.9678
313	18.2997
314	18.2680
315	17.7124
316	16.5121
317	17.2066
318	18.3309
319	18.2824
320	16.1668
321	16.3118
322	16.8843
323	15.7365
324	17.3096
325	17.9429
326	17.1492
327	16.3653
328	16.9053
329	17.3203
330	17.7674
331	17.5553
332	17.8956
333	17.8565
334	17.1154
335	18.4473
336	17.8882
337	16.1847
338	15.4566
339	16.5069
340	17.8286
341	17.2743
342	16.9140
343	17.8463
344	17.8942
345	17.6347
346	18.5264
347	17.6637
348	15.9026
349	15.4357
350	16.7397
351	17.1619
352	16.4127
353	18.3722
354	18.0007
355	16.7419
356	17.1634
357	17.4406
358	17.1043
359	14.7586
360	15.1226
361	16.5267
362	17.5997
363	17.4180
364	16.0541
365	17.2768
366	16.2850
367	14.3643
368	16.0263
369	16.9358
370	15.8813
371	15.0790
372	16.0736
373	17.5319
374	17.2465
375	17.0228
376	17.5584
377	15.4164
378	18.0871
379	18.2055
380	17.2221
381	17.5056
382	18.2038
383	18.3310
384	17.0901
385	15.5272
386	16.8126
387	17.3114
388	15.7742
389	15.7533
390	19.1271
391	19.3351
392	17.8284
393	17.0946
394	16.6464
395	15.7636
396	18.3216
397	18.4886
398	17.0620
399	16.5714
400	16.7734
401	17.6031
402	17.5923
403	17.1827
404	17.4174
405	15.9152
406	16.2378
407	18.6234
408	18.3687
409	17.6667
