0 20.6667
1 21.2524
2 20.5115
3 20.8708
4 21.1801
5 21.4218
6 21.7677
7 22.5307
8 22.9173
9 21.7979
10 22.2987
11 22.4209
12 21.8137
13 22.3111
14 22.2354
15 22.9019
16 22.3232
17 21.6462
18 21.0999
19 21.4606
20 21.8030
21 22.5135
22 22.5648
23 22.7633
24 21.1581
25 20.7206
26 21.5471
27 22.4729
28 21.8865
29 21.3889
30 22.0127
31 22.4023
32 21.4973
33 22.4322
34 22.9885
35 21.5060
36 21.5260
37 23.1682
38 24.0810
39 23.0493
40 22.7789
41 23.3316
42 24.3179
43 23.1852
44 23.2042
45 22.3787
46 22.5544
47 23.0098
48 23.4380
49 23.6623
50 23.1287
51 24.0626
52 22.2961
53 22.9655
54 22.6754
55 23.0789
56 20.9339
57 22.1655
58 22.0000
59 21.1920
60 22.6290
61 23.6034
62 23.1379
63 23.3950
64 23.4291
65 22.6966
66 22.2782
67 22.0104
68 23.2068
69 23.8254
70 22.2231
71 20.7388
72 21.7903
73 22.3977
74 22.1923
75 22.5632
76 22.9502
77 20.4313
78 20.1086
79 21.2273
80 21.7042
81 21.0458
82 22.2523
83 22.4882
84 23.0575
85 23.4569
86 24.1822
87 24.3333
88 23.2210
89 22.2585
90 22.4388
91 22.7126
92 24.5473
93 24.5662
94 24.6652
95 24.2844
96 23.8442
97 23.9528
98 24.6190
99 24.1185
100 23.1829
101 22.6892
102 23.2382
103 24.3891
104 25.2090
105 25.8926
106 24.7475
107 23.5068
108 22.3361
109 23.1762
110 23.9671
111 23.8254
112 25.1418
113 25.9530
114 27.1098
115 27.1585
116 26.0000
117 26.7977
118 25.9761
119 28.8391
120 30.7765
121 29.7139
122 28.8086
123 28.8757
124 31.1649
125 31.7047
126 29.8696
127 28.9663
128 32.0631
129 33.0327
130 33.1188
131 33.1519
132 35.6667
133 38.3979
134 41.7617
135 44.6373
136 46.1100
137 48.2091
138 53.5386
139 57.0687
140 61.8641
141 65.6328
142 68.0682
143 73.8449
144 79.7380
145 83.8704
146 87.1473
147 90.8547
148 96.5632
149 99.3257
150 100.2612
151 103.8535
152 106.1219
153 108.8971
154 109.9431
155 113.0701
156 113.0349
157 113.4116
158 114.5263
159 112.4433
160 113.1752
161 111.8351
162 111.0793
163 110.2134
164 108.1494
165 105.3587
166 103.1512
167 99.9862
168 98.2299
169 96.5667
170 91.9922
171 88.4891
172 84.8487
173 82.0670
174 78.6667
175 74.5201
176 71.3592
177 65.6421
178 61.0688
179 59.0382
180 56.1145
181 52.8526
182 51.4955
183 49.3995
184 49.1467
185 46.0153
186 42.8248
187 40.2241
188 38.6330
189 37.2838
190 34.9902
191 35.5740
192 33.3757
193 31.8277
194 31.1987
195 31.4740
196 29.8055
197 28.5939
198 28.9342
199 28.9427
200 27.8901
201 26.8139
202 27.3657
203 28.1852
204 26.8977
205 25.2223
206 25.1029
207 24.6288
208 24.7225
209 23.6320
210 23.2113
211 24.3161
212 25.0126
213 24.5638
214 23.1467
215 22.8230
216 22.9176
217 23.2784
218 23.5326
219 22.7029
220 21.8335
221 22.8556
222 22.4958
223 22.8199
224 24.0281
225 23.4699
226 23.1537
227 22.6958
228 23.6068
229 23.1659
230 23.0833
231 21.9330
232 23.4444
233 22.9428
234 21.9790
235 20.8976
236 22.2145
237 24.1082
238 24.2231
239 23.0862
240 22.4253
241 23.2146
242 23.9769
243 23.2301
244 22.6207
245 22.9145
246 22.1867
247 22.0049
248 22.3967
249 22.6756
250 21.8383
251 23.0166
252 23.4851
253 23.4549
254 23.7111
255 22.9627
256 22.4860
257 22.7549
258 22.7305
259 22.9176
260 22.2352
261 21.5000
262 23.5134
263 23.7825
264 22.9948
265 22.3031
266 21.5839
267 21.9602
268 23.0344
269 23.0373
270 24.3012
271 24.0789
272 22.5693
273 23.0168
274 23.2804
275 22.8218
276 21.5379
277 22.1746
278 22.9479
279 22.6106
280 21.7790
281 22.0309
282 23.8228
283 23.6027
284 23.1415
285 22.6379
286 22.7241
287 21.7931
288 21.9968
289 22.5817
290 22.9630
291 22.5583
292 22.7145
293 24.1680
294 24.3329
295 23.7452
296 23.6714
297 22.6237
298 24.3145
299 24.0928
300 22.8597
301 23.2519
302 23.3787
303 24.0345
304 24.6635
305 23.8908
306 23.0234
307 20.5841
308 21.7408
309 23.5127
310 23.2857
311 23.5117
312 23.9390
313 22.8529
314 23.2340
315 23.5466
316 23.9042
317 22.8783
318 22.4954
319 22.7037
320 21.9765
321 22.3349
322 22.6110
323 23.2490
324 23.5553
325 23.5662
326 23.7824
327 23.8286
328 23.4888
329 22.4580
330 22.9734
331 24.0649
332 22.7447
333 21.0065
334 22.2405
335 22.7149
336 22.9897
337 22.3866
338 21.8083
339 22.7289
340 21.9070
341 22.3820
342 23.4225
343 23.6319
344 21.8467
345 21.9453
346 22.8909
347 22.8027
348 23.0000
