0 22.0000
1 21.6923
2 21.6512
3 24.2312
4 23.2232
5 23.0734
6 21.3367
7 21.0020
8 20.9806
9 20.4483
10 22.5751
11 23.7890
12 23.0101
13 22.7857
14 22.3452
15 22.4221
16 22.5396
17 22.1916
18 21.7819
19 21.7025
20 21.6193
21 20.9665
22 20.3353
23 21.7094
24 22.7720
25 23.1233
26 22.9048
27 22.5037
28 22.3452
29 22.7891
30 23.4790
31 22.3463
32 20.8625
33 20.9963
34 21.2026
35 20.0148
36 21.1051
37 21.3308
38 21.9707
39 23.8571
40 23.1834
41 23.6019
42 23.2110
43 23.7439
44 21.7425
45 21.8710
46 22.2251
47 20.7340
48 22.2744
49 23.9093
50 23.3810
51 23.5338
52 22.3333
53 21.9407
54 21.7092
55 21.3725
56 21.2051
57 22.2294
58 22.0183
59 21.7753
60 22.7689
61 24.9484
62 25.4818
63 24.1953
64 23.0544
65 22.5476
66 22.9927
67 22.0011
68 21.7019
69 22.0551
70 22.5661
71 22.7157
72 21.5199
73 22.5799
74 21.8673
75 22.5773
76 23.2409
77 22.9931
78 23.1905
79 23.5624
80 22.4883
81 22.9549
82 23.3587
83 22.8411
84 21.4615
85 22.1603
86 21.9617
87 23.1205
88 23.1167
89 22.3793
90 22.7089
91 22.3333
92 21.3204
93 21.8385
94 22.8597
95 22.3267
96 22.4655
97 23.7506
98 22.5602
99 20.8649
100 21.9248
101 22.3594
102 22.3201
103 23.9155
104 24.4286
105 22.8195
106 21.1736
107 20.7165
108 20.0285
109 22.0290
110 23.0907
111 22.5161
112 23.2604
113 23.7420
114 24.4728
115 23.7543
116 23.6205
117 23.0000
118 23.9366
119 24.2771
120 23.0688
121 24.1097
122 24.8786
123 24.5490
124 23.9755
125 23.4649
126 24.9744
127 26.2001
128 27.1598
129 27.8471
130 28.3810
131 29.5506
132 30.4463
133 30.3935
134 29.2223
135 30.8411
136 31.5503
137 30.5493
138 30.4103
139 34.6653
140 36.8698
141 37.4379
142 38.8005
143 39.1905
144 41.9152
145 44.2770
146 44.1333
147 47.8323
148 50.2172
149 50.6243
150 52.8064
151 56.4455
152 55.4601
153 57.6161
154 62.1854
155 64.7598
156 66.5238
157 70.2422
158 74.0904
159 77.7040
160 83.1344
161 87.2732
162 89.4810
163 93.7620
164 97.8842
165 99.1488
166 102.0194
167 105.7929
168 108.7534
169 111.1429
170 112.1040
171 111.6846
172 112.1105
173 113.6303
174 112.8092
175 110.1568
176 106.6517
177 105.1419
178 101.6940
179 98.3377
180 95.7188
181 87.4479
182 83.3333
183 81.2243
184 73.6261
185 70.1616
186 66.6878
187 62.3228
188 60.9524
189 57.5572
190 50.7870
191 49.0513
192 45.7833
193 41.9734
194 40.3965
195 39.1429
196 36.1282
197 34.4073
198 32.8245
199 31.3283
200 30.8695
201 29.9680
202 29.7058
203 30.8028
204 30.9580
205 29.4435
206 27.8453
207 28.2633
208 26.9048
209 26.8149
210 26.7456
211 26.2516
212 26.0538
213 24.7064
214 24.2491
215 25.0327
216 22.7216
217 22.1657
218 23.9732
219 24.0286
220 23.8118
221 25.5714
222 24.3502
223 24.0675
224 23.3531
225 23.2613
226 22.0468
227 21.6471
228 22.6303
229 23.6455
230 23.3711
231 24.2130
232 24.5097
233 23.5254
234 22.4286
235 23.2282
236 23.9073
237 24.4868
238 24.3984
239 23.0275
240 22.9462
241 23.3405
242 22.6709
243 22.7172
244 23.2139
245 23.2919
246 22.7644
247 24.2619
248 23.9236
249 22.8853
250 21.2319
251 19.5688
252 19.0020
253 21.5316
254 22.6064
255 22.2852
256 23.3252
257 24.1827
258 22.4466
259 21.9290
260 22.8571
261 22.6596
262 22.6157
263 22.7949
264 22.4506
265 21.7181
266 21.8106
267 22.7412
268 23.5582
269 22.0509
270 19.8185
271 20.3545
272 22.3545
273 22.8333
274 22.8374
275 23.6950
276 22.4297
277 21.7415
278 22.9955
279 22.6834
280 22.4103
281 22.5548
282 22.4249
283 22.1955
284 21.2699
285 21.6017
286 21.3333
287 21.2653
288 21.8394
289 22.1631
290 22.1378
291 23.8353
292 22.2110
293 19.7330
294 21.7791
295 21.9422
296 22.6543
297 22.4582
298 21.9834
299 22.4524
300 22.5314
301 22.6026
302 23.1516
303 22.0455
304 21.0217
305 21.3688
306 22.3604
307 22.2327
308 22.7712
309 22.5016
310 20.9586
311 20.8819
312 22.7619
313 22.8039
314 21.1203
315 20.4398
316 20.4675
317 20.9848
318 21.3601
319 20.7777
320 20.1265
321 21.2260
322 21.4990
323 20.7530
324 20.6520
325 21.9048
326 20.5368
327 19.8090
328 22.0812
329 20.3984
330 20.5351
331 21.8225
332 20.9498
333 18.7308
334 20.3393
335 22.6491
336 22.4694
337 21.6427
338 21.1905
339 21.0342
340 21.7075
341 21.6044
342 21.4038
343 21.1765
344 22.7878
345 24.1350
346 24.0817
347 22.7673
348 22.3469
349 23.2006
350 22.8659
351 21.3095
352 20.2187
353 20.0416
354 20.5548
355 20.3824
356 21.0130
357 20.5927
358 22.4697
359 21.8232
360 18.7402
361 20.8903
362 21.6568
363 21.4356
364 22.3333
