0 20.333
1 20.955
2 21.025
3 21.191
4 21.940
5 21.752
6 21.170
7 21.739
8 20.225
9 19.109
10 19.952
11 19.551
12 21.692
13 21.795
14 21.551
15 18.955
16 19.530
17 20.509
18 20.612
19 20.671
20 20.624
21 21.755
22 22.673
23 22.860
24 21.961
25 21.100
26 22.287
27 22.501
28 21.211
29 21.618
30 22.549
31 23.424
32 23.765
33 23.462
34 23.194
35 23.088
36 22.964
37 23.185
38 24.320
39 24.180
40 21.955
41 23.696
42 23.975
43 23.652
44 23.220
45 22.819
46 22.973
47 23.039
48 23.252
49 22.069
50 23.333
51 26.434
52 25.607
53 26.599
54 27.274
55 26.769
56 27.622
57 29.991
58 28.512
59 28.577
60 28.885
61 27.184
62 28.310
63 28.003
64 28.506
65 28.149
66 29.302
67 30.448
68 31.978
69 33.737
70 34.309
71 34.704
72 36.229
73 36.952
74 38.100
75 39.400
76 41.325
77 42.840
78 44.997
79 47.496
80 49.605
81 52.859
82 54.912
83 59.535
84 65.739
85 69.847
86 75.852
87 85.330
88 90.288
89 96.668
90 106.173
91 112.002
92 117.013
93 124.161
94 125.794
95 128.861
96 136.366
97 137.468
98 138.774
99 141.088
100 141.533
101 141.981
102 144.780
103 143.811
104 145.718
105 146.721
106 146.401
107 147.291
108 145.658
109 144.359
110 145.533
111 145.529
112 144.954
113 144.897
114 143.662
115 142.568
116 142.602
117 141.746
118 140.696
119 140.093
120 137.288
121 134.675
122 134.019
123 131.270
124 127.144
125 121.833
126 115.701
127 110.082
128 101.486
129 92.856
130 87.533
131 81.261
132 74.831
133 70.707
134 64.988
135 57.407
136 54.532
137 51.262
138 46.520
139 46.685
140 43.837
141 40.604
142 39.013
143 39.894
144 36.929
145 35.559
146 35.702
147 36.635
148 34.759
149 34.584
150 30.933
151 30.557
152 30.698
153 29.842
154 28.459
155 26.813
156 27.255
157 26.667
158 27.417
159 26.276
160 25.256
161 25.816
162 25.394
163 25.040
164 24.605
165 24.061
166 23.117
167 24.061
168 25.627
169 25.036
170 24.053
171 23.283
172 22.978
173 22.418
174 22.628
175 22.867
176 22.865
177 22.820
178 21.359
179 21.551
180 21.899
181 22.050
182 21.507
183 21.809
184 22.493
185 21.823
186 21.200
187 21.154
188 20.721
189 21.384
190 21.424
191 20.611
192 19.186
193 21.236
194 20.061
195 19.431
196 20.010
197 20.847
198 19.865
199 19.801
200 21.000
201 22.452
202 23.306
203 21.696
204 21.000
205 22.593
206 21.815
207 18.484
208 18.604
209 18.900
210 19.376
211 20.382
212 19.529
213 20.483
214 21.463
215 20.747
216 20.177
217 20.160
218 19.626
219 20.601
220 21.971
221 21.389
222 21.342
223 21.162
224 20.953
225 20.300
226 20.477
227 20.182
228 19.433
229 19.889
230 20.960
231 21.607
232 20.961
233 20.807
234 19.985
235 21.509
236 21.533
237 22.033
238 21.913
239 21.174
240 19.827
241 18.477
242 20.311
243 21.564
244 20.539
245 19.537
246 20.863
247 21.125
248 21.308
249 21.191
250 20.333
