0 20.6667
1 20.3871
2 20.2986
3 19.8394
4 20.3475
5 21.9664
6 22.6664
7 22.7533
8 21.2054
9 23.0160
10 22.9472
11 22.4653
12 22.3073
13 21.8064
14 22.2915
15 21.2227
16 20.0436
17 21.4784
18 22.1183
19 20.5579
20 19.5674
21 21.4656
22 22.9316
23 22.7703
24 22.1027
25 22.4057
26 23.3527
27 24.1577
28 22.9858
29 24.0273
30 24.3470
31 23.0160
32 23.0599
33 22.5887
34 22.6512
35 22.4910
36 21.9098
37 21.8580
38 21.6788
39 23.1621
40 24.0404
41 22.3438
42 22.2850
43 22.4269
44 21.8056
45 21.8555
46 23.0407
47 23.9114
48 22.5285
49 21.7605
50 21.7459
51 21.9194
52 22.0163
53 21.8288
54 23.2153
55 23.2826
56 22.1056
57 21.1114
58 23.8833
59 22.6313
60 22.1251
61 21.9449
62 22.6292
63 23.5986
64 24.4887
65 24.1081
66 23.1801
67 22.9570
68 24.1351
69 24.3266
70 24.0041
71 23.5748
72 23.7992
73 23.5499
74 22.1877
75 23.8557
76 24.8525
77 24.0936
78 23.3882
79 25.1118
80 25.3759
81 25.6674
82 25.0497
83 23.6153
84 25.3666
85 25.7261
86 25.4534
87 25.1657
88 25.2833
89 25.3498
90 26.7211
91 26.9696
92 27.4623
93 28.9553
94 28.3529
95 29.9811
96 30.9062
97 30.0957
98 29.8794
99 30.9698
100 31.8909
101 30.6950
102 29.6297
103 31.9186
104 33.4439
105 33.8276
106 36.3376
107 36.8404
108 39.5665
109 41.4408
110 40.7760
111 44.0683
112 49.7797
113 52.8832
114 54.5180
115 59.6698
116 63.8605
117 67.8252
118 72.4541
119 77.5710
120 82.2414
121 86.5552
122 91.8043
123 95.2276
124 98.2319
125 100.3633
126 105.1252
127 106.9244
128 109.2628
129 110.5709
130 113.5837
131 112.6507
132 113.5740
133 114.5525
134 113.7797
135 112.6938
136 110.8427
137 108.5393
138 107.9161
139 105.8119
140 103.3504
141 101.1438
142 97.5603
143 94.7240
144 91.6586
145 87.4632
146 83.6066
147 80.3032
148 76.7312
149 71.7796
150 68.2789
151 66.3625
152 64.3805
153 59.4073
154 53.9779
155 51.7259
156 48.8184
157 47.8796
158 46.0741
159 43.1172
160 40.2679
161 39.2120
162 38.3650
163 36.0734
164 33.9924
165 32.5507
166 31.4265
167 31.4237
168 29.7273
169 30.3499
170 29.9854
171 28.7905
172 27.7844
173 27.8625
174 27.6697
175 26.9541
176 26.7955
177 26.4751
178 26.2878
179 24.9907
180 24.1280
181 23.2799
182 22.6990
183 22.1122
184 23.3842
185 23.4925
186 24.2626
187 24.6717
188 24.4219
189 23.8317
190 23.3503
191 22.4127
192 22.4085
193 22.0868
194 22.3775
195 21.6939
196 22.8826
197 23.7864
198 21.1766
199 20.5851
200 21.2286
201 22.7083
202 22.7133
203 23.1098
204 23.3089
205 21.3502
206 22.3654
207 22.5247
208 22.9707
209 24.0161
210 22.6145
211 22.8771
212 22.9991
213 21.2417
214 22.3696
215 22.5823
216 22.4696
217 23.2765
218 22.5491
219 22.9230
220 22.8694
221 22.1007
222 22.1826
223 22.3400
224 22.8252
225 21.7939
226 22.1161
227 22.8990
228 23.3674
229 23.3480
230 22.7197
231 23.1913
232 22.9860
233 23.0099
234 23.0504
235 22.5028
236 22.7647
237 23.0846
238 23.5445
239 21.9008
240 23.1093
241 22.9892
242 22.9377
243 22.4315
244 23.3402
245 23.5364
246 22.9212
247 22.4400
248 22.3374
249 21.7154
250 22.8861
251 23.6677
252 21.8756
253 21.8449
254 22.1700
255 24.0061
256 24.0949
257 24.6025
258 23.8183
259 23.9289
260 23.9787
261 21.9291
262 21.1990
263 22.1076
264 23.2536
265 23.5001
266 23.9275
267 22.5337
268 22.6988
269 23.9494
270 22.7462
271 21.9640
272 23.0992
273 23.8318
274 24.0571
275 23.4420
276 22.4992
277 23.2406
278 24.3679
279 23.2856
280 22.8976
281 22.6992
282 22.7267
283 23.0507
284 23.5944
285 22.3071
286 23.1042
287 23.3208
288 22.1842
289 21.7759
290 23.1298
291 23.1264
292 22.5420
293 22.6053
294 23.5737
295 23.1165
296 23.3681
297 22.7509
298 23.7768
299 24.3558
300 23.2195
301 22.0720
302 23.0480
303 23.5795
304 22.8042
305 23.5377
306 22.8883
307 21.3669
308 22.0729
309 23.5181
310 22.7885
311 23.1099
312 22.4355
313 22.5684
314 22.5194
315 22.5581
316 23.7296
317 22.2764
318 22.9615
319 23.5847
320 22.1701
321 23.0823
322 24.3271
323 24.4007
324 23.6772
325 23.0677
326 22.1847
327 23.1743
328 21.7118
329 22.6113
330 22.6256
331 21.3333
