0 21.333
1 21.461
2 20.138
3 19.272
4 22.481
5 22.743
6 21.636
7 21.650
8 21.254
9 20.477
10 19.634
11 20.440
12 21.397
13 23.096
14 23.273
15 23.186
16 21.573
17 21.146
18 19.301
19 19.877
20 22.375
21 22.176
22 22.505
23 21.678
24 19.152
25 20.690
26 21.084
27 21.626
28 22.685
29 23.174
30 22.774
31 20.224
32 22.541
33 22.777
34 22.167
35 22.372
36 21.584
37 20.717
38 22.033
39 20.583
40 20.710
41 20.286
42 21.125
43 20.086
44 21.496
45 21.352
46 21.738
47 22.980
48 22.699
49 22.926
50 22.072
51 21.249
52 20.138
53 19.792
54 20.991
55 20.975
56 21.810
57 22.002
58 22.932
59 21.437
60 21.263
61 21.620
62 21.800
63 21.908
64 20.721
65 21.137
66 21.518
67 22.843
68 24.575
69 23.807
70 21.222
71 22.796
72 23.697
73 24.364
74 23.443
75 22.724
76 22.204
77 21.455
78 22.066
79 23.384
80 23.489
81 24.231
82 24.605
83 23.226
84 23.210
85 23.486
86 25.714
87 24.576
88 24.867
89 25.280
90 25.082
91 24.271
92 27.010
93 27.556
94 27.013
95 26.807
96 26.282
97 25.926
98 28.996
99 30.335
100 29.991
101 28.456
102 29.477
103 29.842
104 29.753
105 31.157
106 31.669
107 30.553
108 31.052
109 34.093
110 36.043
111 36.166
112 37.001
113 39.485
114 39.218
115 38.703
116 41.920
117 42.983
118 45.525
119 50.871
120 52.606
121 55.427
122 58.728
123 64.020
124 70.490
125 74.422
126 78.727
127 85.124
128 95.936
129 102.357
130 110.720
131 119.085
132 125.624
133 130.511
134 134.522
135 137.101
136 137.210
137 137.208
138 137.797
139 139.962
140 141.793
141 142.488
142 142.750
143 144.449
144 145.052
145 144.190
146 144.382
147 145.626
148 145.435
149 146.101
150 145.136
151 145.494
152 145.300
153 145.480
154 145.117
155 143.431
156 142.526
157 141.727
158 140.181
159 139.070
160 137.852
161 137.519
162 136.163
163 130.496
164 125.503
165 121.063
166 113.949
167 102.842
168 95.875
169 89.791
170 82.651
171 71.441
172 66.063
173 60.944
174 55.478
175 47.961
176 45.266
177 43.533
178 43.169
179 42.531
180 40.003
181 37.030
182 35.952
183 35.963
184 35.609
185 36.471
186 35.463
187 33.181
188 32.184
189 31.407
190 30.905
191 29.089
192 28.141
193 29.878
194 28.389
195 27.992
196 29.294
197 29.858
198 29.439
199 28.678
200 29.329
201 29.449
202 29.944
203 28.020
204 26.907
205 27.211
206 27.161
207 26.087
208 24.751
209 26.069
210 26.525
211 25.541
212 24.724
213 25.294
214 25.669
215 24.372
216 22.679
217 23.690
218 23.456
219 22.297
220 22.552
221 23.889
222 23.501
223 23.165
224 24.002
225 24.339
226 23.615
227 23.896
228 23.800
229 23.683
230 21.759
231 21.205
232 20.969
233 22.417
234 21.931
235 20.036
236 20.690
237 20.627
238 20.276
239 20.085
240 21.860
241 23.075
242 21.440
243 19.466
244 17.030
245 21.833
246 22.639
247 21.296
248 20.394
249 20.305
250 19.937
251 20.768
252 21.749
253 22.468
254 22.236
255 21.825
256 20.958
257 20.650
258 20.651
259 20.958
260 18.605
261 19.091
262 19.103
263 19.688
264 19.473
265 17.645
266 18.012
267 16.070
268 16.303
269 15.911
270 15.794
271 15.176
272 18.219
273 16.523
274 16.946
275 16.476
276 17.805
277 18.738
278 17.721
279 16.086
280 17.618
281 17.009
282 15.708
283 16.441
284 16.412
285 16.544
286 15.027
287 14.667
