0 20.667
1 19.102
2 21.590
3 21.006
4 21.050
5 20.908
6 20.465
7 20.411
8 18.851
9 19.919
10 20.422
11 19.364
12 19.952
13 20.267
14 18.994
15 19.809
16 22.391
17 21.511
18 20.495
19 17.450
20 16.169
21 18.193
22 20.316
23 20.931
24 21.342
25 20.935
26 20.207
27 21.386
28 21.815
29 19.597
30 19.967
31 20.951
32 20.392
33 20.767
34 21.049
35 20.503
36 20.397
37 20.192
38 19.575
39 20.446
40 21.132
41 20.222
42 19.673
43 19.205
44 19.916
45 21.008
46 20.762
47 20.816
48 20.373
49 21.346
50 22.033
51 21.561
52 22.653
53 22.475
54 21.615
55 21.833
56 21.288
57 20.936
58 20.752
59 20.186
60 20.314
61 20.782
62 22.064
63 21.577
64 21.782
65 21.123
66 20.493
67 21.322
68 20.572
69 19.856
70 19.726
71 22.014
72 22.397
73 21.873
74 21.970
75 23.551
76 22.928
77 21.820
78 21.564
79 19.656
80 21.997
81 20.619
82 19.895
83 21.119
84 21.679
85 21.571
86 22.045
87 21.138
88 21.800
89 23.323
90 23.107
91 23.702
92 22.543
93 22.328
94 22.151
95 21.812
96 23.034
97 23.068
98 23.197
99 23.100
100 22.642
101 23.312
102 24.130
103 24.882
104 24.506
105 25.489
106 26.048
107 27.049
108 28.050
109 28.193
110 28.333
111 27.849
112 27.751
113 27.588
114 27.236
115 26.758
116 26.760
117 28.310
118 28.617
119 30.215
120 33.193
121 34.016
122 33.680
123 35.362
124 37.414
125 38.679
126 40.250
127 42.324
128 43.795
129 44.804
130 46.966
131 49.219
132 52.573
133 54.349
134 59.321
135 65.667
136 69.855
137 76.532
138 85.529
139 90.477
140 97.439
141 106.741
142 112.461
143 117.813
144 124.097
145 126.000
146 130.088
147 136.073
148 137.570
149 140.491
150 141.606
151 142.223
152 143.089
153 144.008
154 144.307
155 146.391
156 147.586
157 147.729
158 148.588
159 145.160
160 143.428
161 144.355
162 144.048
163 144.242
164 146.564
165 145.833
166 143.546
167 146.183
168 139.321
169 140.079
170 140.500
171 136.735
172 134.494
173 134.238
174 129.998
175 126.749
176 120.102
177 116.397
178 110.589
179 100.369
180 93.744
181 86.484
182 74.746
183 69.321
184 64.598
185 58.796
186 55.608
187 53.993
188 50.231
189 46.900
190 44.829
191 43.107
192 41.925
193 40.709
194 38.150
195 36.821
196 37.051
197 35.987
198 33.507
199 32.816
200 31.927
201 30.488
202 31.208
203 31.542
204 29.967
205 29.825
206 29.192
207 27.176
208 26.685
209 27.353
210 26.923
211 26.180
212 26.375
213 25.771
214 25.478
215 26.612
216 26.521
217 25.523
218 23.837
219 22.390
220 21.444
221 22.859
222 24.197
223 24.698
224 23.688
225 23.835
226 23.432
227 22.345
228 21.575
229 22.589
230 21.520
231 23.300
232 22.052
233 23.459
234 23.163
235 19.635
236 20.180
237 21.973
238 22.445
239 20.112
240 19.986
241 20.892
242 21.160
243 22.248
244 22.185
245 23.592
246 21.994
247 20.845
248 20.321
249 22.415
250 22.556
251 20.043
252 19.684
253 20.511
254 20.412
255 20.933
256 20.793
257 20.441
258 20.006
259 20.252
260 20.455
261 20.367
262 20.311
263 21.100
264 20.413
265 20.236
266 19.832
267 20.993
268 20.998
269 18.612
270 19.375
271 20.489
272 20.684
273 20.147
274 19.333
275 20.944
276 21.913
277 20.570
278 19.003
279 19.167
280 20.653
281 20.370
282 19.162
283 18.937
284 19.347
285 19.953
286 20.693
287 20.457
288 20.688
289 21.775
290 21.863
291 20.582
292 20.425
293 20.994
294 20.971
295 19.699
296 19.489
297 20.380
298 20.552
299 21.721
300 22.306
301 22.670
302 21.694
303 20.308
304 20.988
305 21.056
306 21.457
307 21.528
308 20.080
309 19.638
310 19.808
311 20.578
312 21.073
313 20.915
314 21.049
315 20.897
316 19.219
317 20.053
318 20.389
319 20.329
320 21.868
321 21.958
322 22.194
323 19.651
324 19.159
325 21.656
326 21.265
327 20.166
328 20.837
329 20.034
330 20.333
