0 21.6667
1 21.1387
2 19.9093
3 21.6721
4 21.5634
5 20.3051
6 20.5571
7 20.9219
8 21.0146
9 21.6653
10 21.9462
11 22.8667
12 23.7738
13 23.0238
14 20.8135
15 22.8804
16 22.7646
17 22.4669
18 21.5577
19 21.3272
20 21.8733
21 21.9323
22 20.5695
23 19.6589
24 19.9714
25 21.6514
26 21.3762
27 20.3740
28 21.3520
29 21.1415
30 19.2315
31 22.1553
32 21.4096
33 20.5132
34 21.9310
35 22.8824
36 23.3509
37 22.3275
38 21.4321
39 21.4718
40 21.1710
41 21.4873
42 22.2579
43 21.1651
44 22.3227
45 22.8398
46 23.0345
47 21.8659
48 22.1570
49 22.4107
50 22.3382
51 22.1424
52 22.9890
53 22.6965
54 23.0803
55 23.1844
56 20.7388
57 23.1111
58 21.7016
59 22.2843
60 21.8538
61 21.7254
62 21.8908
63 22.6228
64 23.2246
65 22.6912
66 22.3795
67 21.1094
68 20.7185
69 22.2987
70 21.7220
71 21.9472
72 22.1219
73 22.4212
74 21.5977
75 20.9868
76 22.6420
77 23.3186
78 22.8126
79 22.4854
80 22.9783
81 22.7959
82 22.0392
83 21.6681
84 21.5983
85 23.8125
86 22.5006
87 22.8375
88 22.3670
89 22.3790
90 22.2502
91 22.5266
92 23.2983
93 23.4929
94 22.8441
95 21.4321
96 21.6473
97 22.7390
98 23.6538
99 24.1542
100 22.6793
101 23.5994
102 21.4737
103 22.0489
104 23.0183
105 22.0437
106 22.2082
107 22.4225
108 22.8319
109 22.6130
110 22.1780
111 23.5511
112 22.6795
113 22.9608
114 23.1111
115 23.3034
116 22.9977
117 22.8075
118 23.0000
119 23.1095
120 22.9080
121 23.6260
122 24.5670
123 24.9064
124 23.8643
125 23.2113
126 24.7045
127 25.0367
128 25.7778
129 25.8150
130 27.1748
131 26.7620
132 29.1573
133 30.3580
134 29.5473
135 29.5102
136 30.5703
137 31.7251
138 31.3767
139 33.6460
140 33.2999
141 31.8541
142 34.0195
143 35.7207
144 37.7673
145 38.6648
146 41.4065
147 43.5078
148 46.8717
149 49.8790
150 53.1003
151 56.0254
152 60.6296
153 65.4243
154 70.5843
155 76.5258
156 78.9181
157 83.4902
158 91.1051
159 94.0143
160 98.2901
161 102.7300
162 105.4478
163 109.0868
164 112.0310
165 113.4848
166 112.9807
167 113.0218
168 114.1256
169 114.0094
170 112.0510
171 109.8333
172 107.8422
173 104.1281
174 101.5839
175 98.1537
176 93.5802
177 90.0382
178 87.1020
179 83.2035
180 78.7729
181 75.4632
182 71.0805
183 66.5709
184 64.1069
185 62.2694
186 58.2228
187 54.6198
188 52.2015
189 50.8837
190 48.5556
191 46.2613
192 44.1831
193 42.4058
194 41.7876
195 41.1451
196 39.2251
197 37.4283
198 35.2059
199 32.1396
200 30.5092
201 31.0160
202 30.4583
203 31.4429
204 31.9668
205 31.4897
206 29.5991
207 28.6824
208 28.1283
209 27.7716
210 26.8652
211 27.7475
212 27.9091
213 25.4312
214 25.5971
215 25.0913
216 24.4857
217 25.9090
218 26.3610
219 25.4343
220 24.7008
221 24.9469
222 24.5682
223 24.1763
224 24.9559
225 24.5845
226 23.0475
227 22.1933
228 24.8889
229 24.4193
230 24.3801
231 23.3938
232 22.4042
233 22.7235
234 23.7110
235 24.4615
236 23.8563
237 23.6939
238 23.7088
239 22.8433
240 22.0443
241 22.0525
242 22.1531
243 21.9367
244 23.3946
245 22.5967
246 20.9889
247 21.1975
248 21.6969
249 21.6303
250 21.5213
251 22.2102
252 23.2345
253 23.7363
254 23.6808
255 22.2690
256 22.5123
257 22.4343
258 22.8304
259 22.2846
260 22.8289
261 22.7784
262 22.9109
263 22.8351
264 21.5556
265 21.5319
266 23.2593
267 23.3809
268 22.3358
269 22.7689
270 23.6565
271 23.8525
272 22.2615
273 20.6514
274 21.0874
275 20.0456
276 20.2050
277 22.0577
278 22.5312
279 23.0360
280 22.1670
281 21.4931
282 22.3299
283 22.7179
284 23.0456
285 21.9444
286 23.5173
287 23.1670
288 22.2946
289 21.9081
290 22.5354
291 23.2078
292 23.0850
293 23.7466
294 24.5522
295 24.2961
296 23.0209
297 22.7544
298 23.2447
299 22.7356
300 23.5032
301 23.3321
302 23.9469
303 22.6183
304 21.7901
305 22.7008
306 22.7304
307 21.4315
308 22.3522
309 23.3707
310 23.8391
311 23.4589
312 22.7316
313 21.5247
314 20.9399
315 21.6376
316 21.9690
317 23.8983
318 24.0865
319 22.1964
320 21.7146
321 21.5968
322 22.5380
323 23.1296
324 22.4201
325 21.2337
326 23.3494
327 22.9070
328 21.4302
329 22.9457
330 22.2662
331 23.2220
332 23.0717
333 21.7729
334 22.7926
335 23.5342
336 23.5737
337 22.1709
338 21.2743
339 22.2047
340 22.1705
341 22.5365
342 22.0000
