0 22.0000
1 20.8334
2 22.0875
3 21.6866
4 22.5417
5 23.4138
6 22.7364
7 23.7790
8 23.0433
9 22.9286
10 22.6219
11 21.9139
12 22.1288
13 22.9705
14 21.9178
15 22.0132
16 23.2303
17 23.5170
18 21.4098
19 20.1578
20 20.5068
21 20.5990
22 21.6965
23 23.4928
24 23.1776
25 22.0359
26 22.3175
27 23.2954
28 23.2368
29 22.8889
30 22.8052
31 22.0230
32 22.0416
33 22.4701
34 23.4676
35 22.1933
36 21.9540
37 22.5369
38 22.2489
39 21.7864
40 22.6753
41 22.4045
42 22.3258
43 22.7652
44 23.2665
45 22.1186
46 22.3728
47 22.0597
48 22.6437
49 23.1609
50 22.9893
51 23.1431
52 23.9136
53 23.1840
54 21.7202
55 22.1552
56 23.3403
57 22.8232
58 22.0556
59 22.3850
60 21.7860
61 21.6467
62 22.1867
63 21.5759
64 21.7148
65 22.1809
66 22.1813
67 22.1018
68 21.0163
69 21.0740
70 22.9793
71 22.8649
72 23.4023
73 22.1438
74 23.4491
75 23.1098
76 23.0991
77 22.8504
78 22.2836
79 21.5385
80 22.4105
81 23.5361
82 23.2605
83 23.0112
84 23.3448
85 22.2502
86 21.5380
87 22.7917
88 23.1087
89 23.3408
90 23.8278
91 23.5407
92 23.1761
93 24.0115
94 23.3910
95 21.8482
96 21.9310
97 21.8726
98 23.6093
99 24.6577
100 24.1463
101 23.2650
102 23.6300
103 24.2978
104 24.6214
105 25.6538
106 26.7249
107 25.3316
108 24.7051
109 25.8092
110 26.9000
111 27.8776
112 28.8615
113 28.6723
114 30.4598
115 30.6533
116 29.1111
117 29.9649
118 33.2720
119 34.9111
120 35.4748
121 37.2356
122 38.6310
123 40.2298
124 43.2961
125 45.6705
126 47.4023
127 49.7142
128 50.6298
129 49.8183
130 52.7180
131 57.8110
132 58.8165
133 60.3231
134 62.7926
135 65.7735
136 67.9980
137 74.5767
138 77.6393
139 80.1273
140 85.5126
141 88.8192
142 91.2344
143 96.6786
144 100.1577
145 103.4444
146 107.2138
147 109.7350
148 111.3070
149 113.6504
150 114.5038
151 114.5607
152 113.9289
153 113.4238
154 110.1706
155 107.5999
156 106.6591
157 103.7315
158 99.6535
159 96.5172
160 92.5538
161 87.2296
162 82.9475
163 77.8551
164 72.3374
165 68.8649
166 64.2996
167 59.0428
168 56.3571
169 52.2305
170 48.5609
171 47.1175
172 42.8765
173 43.7002
174 41.6667
175 37.9279
176 35.1928
177 36.0320
178 34.4394
179 32.3931
180 31.9937
181 29.4310
182 29.0085
183 30.0884
184 30.2107
185 30.0265
186 29.4162
187 28.0933
188 25.7463
189 25.5558
190 24.8345
191 25.0463
192 25.9084
193 24.8691
194 24.5729
195 25.8645
196 25.4467
197 25.2046
198 24.8199
199 24.3068
200 24.0931
201 24.8316
202 23.7907
203 23.0417
204 23.3151
205 23.7633
206 25.1149
207 23.8442
208 23.8226
209 24.3507
210 24.2872
211 24.6480
212 23.5707
213 23.0929
214 22.7849
215 23.2739
216 22.1756
217 22.5004
218 23.1791
219 22.4202
220 22.8796
221 22.8229
222 22.2965
223 23.2026
224 23.3538
225 23.0144
226 23.1722
227 23.3436
228 22.8312
229 22.6380
230 22.7673
231 21.9062
232 21.7778
233 21.9530
234 22.1169
235 23.0757
236 22.5256
237 21.6975
238 22.6784
239 22.8876
240 22.8062
241 20.2845
242 21.7957
243 22.5442
244 21.4865
245 23.8431
246 21.9417
247 22.7121
248 22.1638
249 22.2752
250 22.6194
251 22.5471
252 22.7701
253 23.0868
254 23.0310
255 22.4655
256 22.2420
257 22.8728
258 23.1306
259 22.8320
260 23.1718
261 22.1667
262 20.0635
263 21.0219
264 22.9988
265 22.4289
266 21.0217
267 20.7020
268 22.1284
269 21.8436
270 23.4962
271 24.1238
272 23.4212
273 22.1715
274 21.8994
275 21.6764
276 22.2537
277 22.7764
278 21.7145
279 21.5042
280 22.7795
281 22.7198
282 22.2501
283 22.4673
284 20.5793
285 19.1213
286 21.0435
287 22.0030
288 19.7408
289 20.2203
290 21.3333
291 22.0358
292 22.9075
293 22.8525
294 22.6530
295 22.2138
296 21.6705
297 21.1092
298 20.9884
299 21.1760
300 21.5743
301 20.5547
302 20.3784
303 20.6921
304 22.2312
305 20.4347
306 19.6530
307 19.4671
308 22.5797
309 21.4791
310 21.3851
311 21.7345
312 21.0916
313 23.3281
314 22.3844
315 23.7313
316 22.7268
317 22.3697
318 21.1756
319 20.2083
320 20.3777
321 20.9454
322 22.5373
323 23.3055
324 21.2917
325 20.9895
326 21.6637
327 22.4527
328 21.1358
329 20.1890
330 19.9263
331 20.0869
332 20.3907
333 21.0846
334 21.0326
335 20.7513
336 20.3904
337 20.7770
338 21.3693
339 21.7949
340 21.0210
341 20.3592
342 21.1750
343 21.8867
344 21.5039
345 21.1695
346 21.6199
347 22.4377
348 20.3333
