0 22.333
1 20.388
2 20.866
3 20.895
4 19.322
5 18.877
6 19.332
7 20.797
8 21.136
9 21.685
10 21.298
11 20.624
12 20.840
13 21.349
14 22.278
15 22.272
16 22.747
17 22.167
18 22.708
19 22.294
20 21.432
21 20.435
22 20.311
23 21.580
24 21.989
25 22.241
26 20.424
27 19.808
28 19.955
29 20.894
30 18.904
31 20.512
32 20.635
33 20.887
34 22.129
35 21.028
36 21.006
37 22.305
38 23.024
39 22.681
40 20.986
41 17.873
42 17.417
43 19.002
44 20.491
45 20.894
46 21.977
47 22.512
48 20.024
49 21.469
50 22.590
51 20.946
52 19.181
53 18.902
54 20.082
55 21.265
56 20.329
57 19.451
58 19.331
59 19.668
60 20.569
61 20.278
62 21.232
63 21.424
64 21.901
65 21.946
66 22.061
67 20.995
68 21.220
69 22.663
70 22.708
71 20.893
72 21.740
73 21.804
74 21.389
75 21.005
76 21.559
77 20.677
78 22.223
79 22.146
80 20.838
81 20.660
82 21.299
83 22.816
84 22.332
85 21.769
86 20.710
87 21.992
88 22.310
89 22.387
90 21.632
91 21.354
92 20.185
93 21.304
94 22.998
95 21.104
96 21.966
97 22.413
98 22.666
99 22.012
100 22.021
101 21.639
102 21.253
103 20.871
104 21.481
105 22.772
106 22.424
107 21.036
108 22.302
109 23.236
110 22.522
111 21.414
112 23.245
113 23.020
114 22.456
115 22.364
116 23.231
117 24.616
118 24.238
119 24.707
120 25.138
121 24.219
122 23.768
123 24.084
124 24.446
125 22.371
126 23.583
127 25.170
128 25.065
129 25.998
130 25.569
131 25.471
132 26.419
133 26.565
134 25.781
135 26.944
136 27.336
137 28.123
138 29.441
139 28.020
140 27.253
141 29.011
142 30.448
143 29.767
144 29.746
145 29.504
146 32.173
147 34.228
148 36.666
149 38.073
150 40.149
151 41.979
152 41.300
153 38.820
154 38.692
155 42.245
156 45.545
157 48.054
158 49.819
159 51.975
160 56.919
161 60.619
162 64.172
163 69.796
164 77.576
165 84.133
166 90.199
167 101.315
168 109.961
169 118.794
170 128.249
171 131.092
172 133.222
173 135.516
174 135.790
175 136.152
176 137.765
177 140.349
178 141.749
179 142.442
180 143.053
181 144.223
182 144.694
183 144.050
184 144.373
185 143.901
186 145.132
187 146.595
188 146.386
189 144.957
190 144.403
191 143.877
192 143.588
193 143.586
194 142.479
195 141.258
196 140.995
197 140.248
198 137.666
199 135.453
200 132.357
201 130.141
202 121.204
203 113.987
204 106.278
205 98.492
206 89.050
207 82.983
208 77.140
209 66.389
210 58.948
211 54.688
212 51.801
213 46.984
214 44.542
215 42.560
216 42.266
217 41.303
218 40.541
219 38.993
220 36.777
221 36.752
222 37.508
223 37.613
224 35.434
225 34.648
226 31.880
227 29.012
228 29.016
229 29.715
230 29.235
231 28.301
232 29.343
233 30.203
234 28.728
235 27.885
236 27.827
237 27.240
238 27.253
239 27.584
240 28.108
241 26.644
242 24.601
243 23.748
244 25.037
245 27.034
246 26.985
247 26.660
248 26.981
249 24.899
250 26.349
251 25.905
252 24.451
253 22.788
254 23.450
255 22.802
256 21.738
257 22.846
258 23.873
259 23.307
260 22.271
261 22.917
262 22.844
263 21.622
264 22.400
265 23.508
266 24.142
267 24.008
268 23.183
269 22.906
270 22.715
271 22.347
272 24.208
273 23.402
274 23.045
275 22.316
276 21.224
277 21.541
278 20.884
279 22.051
280 21.404
281 22.006
282 20.951
283 20.641
284 21.599
285 22.104
286 21.318
287 20.953
288 19.073
289 18.868
290 21.989
291 20.216
292 19.844
293 19.440
294 17.992
295 18.495
296 19.010
297 20.722
298 20.367
299 20.344
300 19.630
301 18.305
302 18.965
303 19.689
304 22.091
305 21.655
306 20.238
307 20.128
308 20.721
309 20.720
310 18.688
311 17.938
312 18.709
313 18.335
314 20.201
315 20.052
316 20.607
317 19.844
318 19.062
319 20.260
320 19.760
321 19.574
322 18.183
323 17.985
324 18.943
325 18.941
326 21.108
327 18.152
328 16.437
329 18.226
330 19.112
331 16.455
332 15.959
333 18.313
334 17.258
335 16.302
336 17.351
337 18.188
338 17.514
339 15.672
340 16.334
341 17.054
342 18.188
343 17.096
344 14.920
345 15.453
346 17.418
347 18.000
348 17.373
349 16.852
350 14.858
351 15.302
352 14.569
353 14.809
354 17.592
355 17.858
356 16.529
357 15.729
358 15.068
359 15.311
360 14.907
361 16.559
362 16.009
363 17.174
364 11.944

