0 18.667
1 16.972
2 16.566
3 16.706
4 18.367
5 18.508
6 18.611
7 19.160
8 19.515
9 18.496
10 17.636
11 18.474
12 19.651
13 19.908
14 21.173
15 20.895
16 19.444
17 19.576
18 21.331
19 21.928
20 21.526
21 20.636
22 22.226
23 21.880
24 22.075
25 21.368
26 20.800
27 21.830
28 21.701
29 22.425
30 23.349
31 22.657
32 23.107
33 23.677
34 23.272
35 22.216
36 22.127
37 22.572
38 23.331
39 22.429
40 22.044
41 22.687
42 22.750
43 21.375
44 21.280
45 22.305
46 23.521
47 26.118
48 26.318
49 26.218
50 26.181
51 26.000
52 28.049
53 28.490
54 28.023
55 26.765
56 27.920
57 27.584
58 25.589
59 25.313
60 25.507
61 26.782
62 27.561
63 28.593
64 29.085
65 28.819
66 28.458
67 28.352
68 28.903
69 29.993
70 30.293
71 30.741
72 32.072
73 32.065
74 33.994
75 36.118
76 36.817
77 36.215
78 37.421
79 39.268
80 41.958
81 43.318
82 43.967
83 46.671
84 49.392
85 52.666
86 56.958
87 62.737
88 71.895
89 77.031
90 81.777
91 88.293
92 100.326
93 108.773
94 113.283
95 119.719
96 126.883
97 132.062
98 134.740
99 136.178
100 137.927
101 139.224
102 140.335
103 141.119
104 142.356
105 143.360
106 145.079
107 145.515
108 145.042
109 144.500
110 145.636
111 146.624
112 145.176
113 143.313
114 144.310
115 145.351
116 146.001
117 142.433
118 143.167
119 143.413
120 141.211
121 139.620
122 138.768
123 138.753
124 137.799
125 135.365
126 132.323
127 129.785
128 127.497
129 121.966
130 113.363
131 109.447
132 103.782
133 97.751
134 89.252
135 82.182
136 77.502
137 72.265
138 66.705
139 64.254
140 61.350
141 56.147
142 49.369
143 45.002
144 42.638
145 42.758
146 42.464
147 40.341
148 37.971
149 35.991
150 35.837
151 36.128
152 35.191
153 33.153
154 31.783
155 31.736
156 30.999
157 31.445
158 29.951
159 27.055
160 27.563
161 28.507
162 28.571
163 27.041
164 28.608
165 28.361
166 29.464
167 28.240
168 25.057
169 26.488
170 26.946
171 25.881
172 24.539
173 24.736
174 25.480
175 24.364
176 22.631
177 22.044
178 23.383
179 23.067
180 23.466
181 21.320
182 23.179
183 23.342
184 22.182
185 21.337
186 20.657
187 20.793
188 22.741
189 23.879
190 24.605
191 22.711
192 21.898
193 22.860
194 22.826
195 22.333
196 22.579
197 22.549
198 21.775
199 22.185
200 21.653
201 21.794
202 21.903
203 23.723
204 21.470
205 22.594
206 23.341
207 23.863
208 22.765
209 22.448
210 22.307
211 22.030
212 22.473
213 22.960
214 21.350
215 20.612
216 21.814
217 22.940
218 22.733
219 23.367
220 21.798
221 23.213
222 23.207
223 21.900
224 20.418
225 21.078
226 22.552
227 22.123
228 21.916
229 20.667
