0 19.000
1 19.869
2 20.303
3 19.800
4 21.042
5 21.543
6 21.590
7 21.715
8 21.529
9 20.955
10 20.818
11 22.023
12 21.614
13 21.871
14 21.696
15 21.072
16 20.672
17 22.143
18 23.223
19 21.583
20 21.389
21 21.065
22 20.939
23 21.969
24 21.333
25 21.222
26 19.998
27 20.468
28 19.974
29 21.477
30 21.810
31 21.179
32 21.486
33 22.752
34 23.279
35 22.046
36 21.575
37 22.419
38 22.505
39 20.530
40 20.503
41 21.163
42 19.282
43 20.779
44 22.391
45 21.439
46 21.432
47 22.153
48 22.217
49 22.730
50 22.300
51 20.419
52 22.200
53 23.134
54 21.333
55 21.090
56 20.738
57 20.912
58 19.552
59 20.219
60 21.316
61 20.948
62 20.195
63 20.081
64 21.333
65 21.393
66 22.335
67 20.706
68 19.289
69 19.716
70 20.667
71 23.067
72 21.699
73 20.533
74 20.308
75 19.540
76 20.243
77 21.293
78 22.152
79 22.843
80 22.500
81 22.832
82 23.349
83 22.402
84 21.398
85 21.555
86 20.875
87 20.613
88 21.010
89 21.751
90 22.439
91 22.084
92 22.005
93 22.754
94 21.901
95 22.630
96 20.998
97 19.123
98 20.843
99 21.928
100 21.727
101 22.015
102 21.488
103 20.603
104 21.677
105 23.306
106 23.451
107 21.366
108 22.460
109 23.218
110 21.837
111 21.420
112 23.260
113 23.231
114 22.551
115 21.895
116 21.154
117 21.523
118 21.975
119 21.467
120 20.511
121 21.614
122 21.258
123 21.524
124 22.803
125 22.356
126 21.814
127 18.947
128 20.613
129 22.143
130 21.583
131 22.139
132 22.792
133 22.062
134 20.752
135 23.645
136 22.894
137 20.568
138 20.975
139 22.270
140 22.606
141 22.972
142 21.642
143 19.714
144 21.249
145 21.700
146 20.431
147 22.977
148 21.757
149 21.579
150 21.736
151 21.630
152 22.728
153 22.939
154 23.387
155 23.590
156 23.479
157 23.293
158 24.003
159 24.514
160 22.620
161 23.262
162 23.878
163 23.086
164 23.925
165 23.517
166 23.170
167 23.886
168 23.751
169 22.886
170 21.992
171 22.917
172 23.754
173 23.268
174 22.263
175 21.731
176 20.095
177 22.013
178 24.081
179 23.429
180 23.114
181 23.836
182 23.531
183 23.924
184 25.157
185 25.491
186 24.465
187 24.852
188 24.344
189 23.903
190 22.585
191 21.427
192 22.575
193 24.634
194 25.655
195 24.729
196 24.108
197 24.218
198 24.320
199 23.750
200 23.603
201 24.559
202 23.995
203 24.141
204 24.907
205 25.522
206 25.166
207 24.588
208 23.791
209 22.966
210 22.149
211 23.283
212 24.651
213 25.259
214 26.331
215 25.965
216 25.966
217 26.336
218 25.136
219 25.177
220 24.884
221 24.867
222 25.052
223 25.413
224 24.661
225 24.383
226 25.465
227 26.774
228 26.016
229 27.887
230 28.649
231 27.557
232 28.385
233 27.966
234 27.158
235 26.421
236 28.092
237 28.574
238 27.572
239 27.110
240 27.441
241 27.834
242 25.516
243 27.673
244 28.742
245 29.977
246 31.168
247 30.557
248 30.145
249 31.227
250 30.932
251 30.240
252 32.036
253 33.711
254 32.204
255 33.922
256 34.329
257 34.582
258 34.484
259 35.259
260 34.086
261 33.461
262 34.733
263 33.970
264 33.425
265 33.653
266 34.927
267 35.667
268 36.301
269 35.536
270 34.264
271 33.326
272 34.124
273 33.791
274 35.461
275 36.864
276 36.942
277 37.158
278 37.823
279 36.448
280 35.358
281 35.688
282 38.544
283 38.190
284 37.690
285 40.412
286 40.028
287 37.720
288 38.522
289 38.431
290 37.123
291 37.283
292 38.547
293 39.619
294 40.162
295 40.629
296 42.506
297 42.333
298 42.333
299 42.911
300 43.316
301 43.333
302 43.851
303 44.813
304 45.333
305 46.525
306 48.095
307 48.693
308 50.213
309 52.965
310 54.582
311 56.127
312 59.264
313 60.883
314 62.061
315 64.521
316 66.396
317 67.112
318 68.429
319 70.552
320 71.741
321 72.892
322 75.915
323 78.223
324 80.201
325 83.413
326 85.076
327 88.419
328 90.600
329 93.331
330 97.395
331 101.313
332 105.552
333 113.171
334 123.321
335 129.948
336 136.697
337 145.196
338 150.451
339 156.586
340 167.468
341 169.969
342 170.000
343 170.000
344 170.000
345 170.000
346 170.000
347 170.000
348 170.000
349 171.062
350 177.377
351 199.950
352 213.285
353 225.674
354 231.721
355 234.931
356 240.219
357 243.988
358 245.628
359 245.009
360 243.313
361 246.895
362 247.642
363 250.465
364 250.905
365 251.294
366 250.206
367 251.045
368 251.697
369 248.184
370 245.200
371 243.737
372 240.356
373 236.536
374 232.927
375 227.141
376 217.705
377 205.900
378 193.344
379 173.780
380 170.186
381 170.000
382 170.000
383 170.000
384 170.000
385 170.000
386 170.000
387 169.615
388 166.897
389 161.011
390 153.609
391 143.562
392 138.970
393 133.801
394 120.421
395 112.870
396 107.525
397 101.754
398 98.331
399 96.681
400 94.278
401 91.136
402 89.339
403 86.636
404 81.809
405 79.563
406 77.162
407 71.670
408 68.687
409 65.872
410 62.571
411 60.587
412 59.196
413 57.490
414 56.359
415 56.364
416 55.651
417 54.561
418 54.017
419 53.655
420 51.372
421 49.881
422 49.151
423 47.275
424 45.451
425 44.109
426 42.560
427 41.515
428 41.044
429 41.343
430 40.333
431 40.333
432 40.229
433 39.577
434 39.670
435 39.111
436 39.471
437 39.028
438 38.278
439 38.336
440 39.238
441 38.669
442 37.422
443 36.548
444 36.673
445 34.792
446 33.392
447 33.080
448 32.868
449 32.358
450 32.740
451 34.396
452 35.981
453 35.765
454 34.849
455 33.354
456 34.632
457 34.359
458 32.678
459 35.438
460 35.105
461 33.159
462 34.133
463 33.835
464 32.600
465 33.517
466 32.956
467 31.368
468 31.131
469 30.819
470 29.078
471 28.493
472 30.787
473 29.731
474 27.980
475 30.298
476 30.900
477 29.409
478 29.374
479 29.772
480 27.368
481 26.262
482 28.712
483 29.339
484 28.319
485 28.700
486 29.849
487 28.057
488 29.139
489 28.439
490 27.237
491 26.612
492 25.920
493 26.763
494 27.086
495 27.257
496 26.301
497 26.321
498 26.419
499 28.705
500 30.908
501 29.895
502 28.398
503 27.857
504 28.552
505 27.792
506 27.026
507 27.892
508 28.644
509 27.210
510 26.862
511 27.729
512 25.171
513 23.415
514 23.848
515 26.593
516 26.333
517 26.298
518 26.451
519 26.083
520 25.750
521 24.814
522 24.345
523 23.562
524 24.411
525 26.192
526 23.684
527 23.832
528 23.635
529 22.221
530 24.309
531 23.864
532 22.756
533 21.914
534 22.128
535 22.291
536 21.687
537 22.107
538 22.202
539 23.247
540 23.601
541 23.451
542 21.493
543 22.419
544 24.093
545 23.878
546 23.175
547 23.288
548 23.595
549 22.752
550 22.490
551 22.396
552 22.768
553 22.213
554 20.358
555 21.855
556 23.034
557 23.540
558 23.109
559 23.535
560 22.804
561 20.089
562 20.593
563 22.048
564 21.747
565 21.303
566 21.660
567 21.085
568 20.070
569 21.405
570 21.875
571 20.675
572 22.169
573 21.890
574 21.134
575 21.490
576 21.305
577 20.122
578 21.113
579 19.976
580 19.663
581 19.061
582 21.179
583 22.142
584 22.152
585 21.409
586 21.234
587 20.380
588 20.254
589 21.834
590 23.313
591 22.659
592 22.321
593 22.941
594 23.003
595 21.629
596 23.163
597 23.371
598 21.530
599 22.040
600 21.614
601 21.881
602 22.905
603 22.163
604 21.022
605 20.267
606 21.385
607 21.653
608 23.318
609 22.818
610 20.057
611 20.272
612 21.885
613 22.403
614 21.595
615 21.965
616 22.533
617 21.218
618 21.445
619 21.832
620 21.225
621 21.054
622 22.868
623 22.703
624 21.548
625 21.242
626 21.786
627 21.148
628 21.507
629 21.983
630 22.496
631 22.204
632 23.154
633 23.429
634 22.019
635 21.024
636 23.984
637 23.657
638 23.085
639 22.679
640 21.457
641 22.321
642 23.189
643 23.194
644 22.367
645 22.032
646 23.011
647 23.296
648 21.928
649 21.841
650 21.133
651 22.359
652 22.457
653 21.481
654 20.898
655 21.850
656 22.478
657 21.732
658 21.103
659 21.070
660 21.653
661 20.283
662 20.665
663 20.839
664 20.618
665 20.181
666 19.274
667 20.208
668 21.771
669 21.699
670 21.269
671 20.568
672 20.836
673 20.608
674 20.510
675 22.349
676 21.812
677 20.221
678 20.307
679 20.016
680 19.906
681 21.285
682 21.549
683 21.236
684 21.775
685 22.662
686 20.970
687 20.048
688 21.410
689 22.459
690 21.994
691 22.204
692 20.185
693 21.703
694 21.800
695 20.747
696 20.727
697 20.886
698 21.009
699 21.557
700 20.551
701 21.660
702 20.062
703 22.791
704 21.886
705 22.497
706 21.012
707 20.449
708 20.433
709 21.308
710 21.791
711 20.815
712 20.740
713 21.945
714 21.592
715 20.548
716 19.804
717 20.292
718 21.364
719 21.076
720 21.227
721 22.346
722 22.396
723 22.009
724 21.554
725 19.790
726 19.647
727 20.227
728 19.820
729 21.682
730 21.997
731 22.122
732 22.404
733 22.248
734 20.979
735 20.150
736 20.837
737 20.767
738 20.027
739 20.892
740 21.294
741 21.514
742 21.188
743 21.741
744 22.553
745 20.821
746 20.212
747 21.529
748 22.543
749 23.254
750 22.644
751 22.469
752 23.064
753 23.187
754 23.212
755 22.840
756 23.991
757 22.181
758 21.143
759 21.469
760 22.632
761 22.711
762 22.063
763 22.293
764 21.970
765 22.549
766 22.752
767 21.744
768 20.721
769 21.247
770 22.000
