0	24.667
1	22.624
2	22.424
3	22.526
4	21.846
5	22.878
6	23.064
7	23.598
8	23.281
9	24.098
10	23.407
11	23.631
12	23.663
13	23.226
14	22.864
15	21.723
16	21.792
17	22.699
18	23.217
19	22.428
20	21.247
21	21.946
22	23.635
23	23.549
24	24.283
25	23.520
26	22.204
27	22.922
28	23.091
29	22.519
30	22.417
31	22.852
32	23.962
33	23.638
34	22.463
35	21.185
36	22.895
37	23.762
38	23.079
39	22.786
40	22.299
41	23.299
42	22.299
43	22.071
44	21.684
45	21.638
46	21.866
47	23.051
48	23.312
49	22.081
50	22.273
51	23.120
52	23.071
53	22.359
54	22.335
55	21.469
56	22.672
57	21.877
58	22.056
59	22.940
60	22.557
61	23.085
62	24.618
63	24.982
64	23.428
65	24.674
66	24.005
67	22.709
68	22.482
69	22.412
70	20.158
71	22.307
72	23.487
73	22.593
74	22.434
75	22.998
76	23.612
77	23.284
78	21.608
79	22.581
80	21.300
81	21.709
82	22.512
83	22.663
84	22.938
85	22.585
86	22.946
87	21.697
88	22.022
89	22.358
90	23.135
91	23.070
92	21.936
93	22.955
94	23.370
95	22.997
96	23.007
97	22.375
98	21.663
99	22.678
100	23.445
101	23.751
102	21.916
103	22.327
104	23.194
105	23.881
106	24.237
107	23.938
108	21.724
109	21.862
110	23.544
111	25.031
112	24.323
113	23.688
114	23.189
115	22.472
116	22.605
117	23.544
118	23.386
119	24.066
120	25.101
121	24.233
122	23.425
123	22.917
124	21.667
125	23.831
126	24.518
127	24.364
128	24.571
129	23.662
130	23.767
131	24.628
132	24.670
133	24.482
134	24.175
135	24.138
136	24.055
137	24.248
138	23.749
139	23.102
140	22.607
141	24.146
142	24.585
143	24.160
144	23.223
145	23.612
146	24.599
147	23.970
148	22.228
149	24.315
150	26.071
151	26.280
152	25.019
153	25.058
154	25.559
155	23.985
156	24.381
157	25.748
158	26.247
159	26.984
160	26.147
161	24.335
162	24.110
163	24.184
164	23.752
165	24.614
166	24.848
167	25.107
168	23.024
169	24.045
170	25.154
171	25.973
172	24.842
173	25.023
174	25.166
175	25.483
176	26.641
177	28.938
178	28.471
179	25.338
180	26.057
181	28.419
182	29.226
183	29.371
184	28.570
185	28.193
186	27.499
187	27.656
188	27.444
189	28.963
190	30.043
191	29.916
192	28.289
193	28.909
194	28.405
195	26.757
196	28.582
197	28.539
198	27.520
199	26.622
200	27.650
201	30.626
202	29.998
203	30.230
204	30.610
205	31.389
206	32.311
207	33.265
208	36.058
209	36.047
210	35.243
211	34.759
212	35.015
213	35.163
214	36.170
215	37.931
216	38.298
217	37.089
218	35.671
219	39.293
220	40.062
221	38.703
222	38.237
223	39.261
224	40.002
225	40.440
226	41.912
227	42.741
228	43.965
229	44.970
230	45.727
231	47.188
232	47.351
233	50.137
234	52.142
235	53.861
236	56.104
237	58.449
238	60.339
239	63.433
240	68.441
241	71.757
242	74.704
243	78.137
244	81.448
245	84.028
246	86.564
247	89.806
248	91.316
249	92.841
250	96.163
251	99.824
252	103.130
253	108.784
254	118.716
255	128.142
256	135.486
257	144.498
258	151.178
259	157.565
260	164.831
261	169.788
262	170.000
263	170.000
264	170.000
265	170.000
266	170.000
267	170.000
268	171.363
269	180.020
270	199.744
271	211.293
272	218.395
273	228.251
274	235.803
275	238.843
276	241.584
277	246.363
278	247.019
279	249.348
280	250.336
281	250.744
282	250.750
283	250.548
284	250.536
285	251.082
286	249.490
287	248.168
288	250.078
289	252.134
290	250.740
291	247.099
292	244.173
293	239.830
294	235.676
295	231.607
296	225.923
297	221.416
298	204.942
299	178.594
300	170.000
301	170.000
302	170.000
303	170.000
304	170.000
305	170.000
306	170.000
307	169.550
308	166.817
309	160.849
310	153.640
311	142.989
312	135.782
313	129.700
314	120.368
315	110.100
316	105.219
317	102.854
318	99.146
319	96.316
320	95.573
321	94.768
322	91.945
323	88.015
324	83.740
325	78.722
326	75.112
327	69.586
328	64.528
329	60.310
330	55.496
331	52.141
332	50.962
333	50.054
334	48.865
335	48.627
336	48.323
337	47.974
338	47.581
339	47.191
340	46.014
341	44.703
342	43.061
343	41.836
344	40.273
345	39.996
346	39.708
347	39.555
348	39.464
349	37.024
350	36.529
351	36.280
352	34.503
353	33.833
354	34.365
355	34.395
356	33.166
357	34.261
358	35.637
359	35.196
360	33.715
361	33.933
362	33.195
363	31.908
364	31.971
365	31.748
366	29.677
367	28.744
368	30.339
369	31.032
370	29.660
371	29.044
372	27.631
373	25.583
374	27.454
375	27.773
376	27.926
377	27.793
378	28.558
379	29.013
380	27.654
381	29.132
382	29.422
383	28.450
384	26.112
385	27.854
386	26.335
387	25.026
388	27.273
389	28.709
390	28.025
391	26.784
392	26.004
393	26.076
394	25.173
395	23.379
396	26.366
397	27.194
398	26.206
399	26.454
400	26.762
401	25.238
402	24.201
403	23.765
404	24.247
405	24.787
406	24.165
407	23.228
408	23.746
409	24.809
410	25.070
411	24.249
412	23.031
413	24.373
414	24.266
415	23.214
416	24.980
417	24.330
418	22.008
419	23.715
420	24.087
421	23.558
422	22.914
423	23.375
424	23.798
425	23.429
426	23.228
427	24.351
428	25.229
429	24.775
430	24.234
431	24.385
432	23.638
433	23.348
434	23.369
435	23.566
436	23.567
437	23.568
438	23.539
439	23.966
440	24.353
441	24.169
442	23.482
443	22.567
444	23.446
445	23.774
446	22.525
447	22.584
448	22.944
449	21.783
450	21.332
451	22.003
452	23.487
453	23.829
454	23.550
455	23.117
456	21.376
457	21.752
458	22.598
459	22.240
460	21.964
461	22.805
462	24.385
463	23.387
464	22.929
465	23.212
466	23.026
467	23.107
468	23.426
469	23.294
470	21.537
471	21.761
472	22.712
473	23.148
474	22.965
475	23.517
476	23.785
477	22.220
478	22.066
479	21.084
480	21.607
481	21.543
482	22.189
483	22.286
484	22.460
485	22.840
486	22.803
487	22.795
488	22.708
489	21.905
490	22.176
491	22.389
492	22.814
493	24.351
494	22.676
495	21.319
496	22.721
497	23.016
498	24.425
499	24.438
500	23.753
501	22.878
502	22.136
503	22.330
504	22.090
505	22.791
506	23.092
507	22.911
508	21.498
509	21.619
510	21.986
511	22.331
512	21.394
513	21.492
514	21.325
515	18.650
516	19.168
517	21.977
518	22.052
519	20.353
520	22.402
521	23.022
522	21.822
523	21.830
524	21.750
525	20.933
526	21.143
527	22.687
528	22.891
529	22.870
530	21.850
531	20.485
532	20.975
533	21.208
534	22.708
535	21.698
536	21.699
537	21.051
538	21.495
539	22.161
540	22.454
541	20.713
542	22.281
543	21.702
544	21.689
545	21.563
546	21.015
547	20.281
548	22.418
549	22.159
550	19.629
551	21.488
552	22.977
553	21.642
554	19.403
555	18.406
556	20.336
557	22.817
558	22.041
559	22.102
560	22.090
561	20.447
562	19.615
563	20.158
564	22.333
