0 23.333
1 22.722
2 22.581
3 23.430
4 23.233
5 23.171
6 23.271
7 24.070
8 24.216
9 23.705
10 22.786
11 22.205
12 22.220
13 22.512
14 22.897
15 23.590
16 24.328
17 23.647
18 21.994
19 21.612
20 22.225
21 21.867
22 22.576
23 21.843
24 21.842
25 22.221
26 23.320
27 22.030
28 22.502
29 23.034
30 22.811
31 22.020
32 21.402
33 22.351
34 21.939
35 22.286
36 22.331
37 22.770
38 21.968
39 21.972
40 23.149
41 22.932
42 23.524
43 22.901
44 21.795
45 22.703
46 22.835
47 23.793
48 23.238
49 22.030
50 22.735
51 21.998
52 21.400
53 23.099
54 23.099
55 22.920
56 22.630
57 24.287
58 24.366
59 24.540
60 24.746
61 23.484
62 21.942
63 21.996
64 21.642
65 19.062
66 23.428
67 23.569
68 22.326
69 22.162
70 23.265
71 23.575
72 22.974
73 21.680
74 22.524
75 20.630
76 21.796
77 23.082
78 23.354
79 24.159
80 22.605
81 22.996
82 21.284
83 21.591
84 22.544
85 23.501
86 22.872
87 21.923
88 23.288
89 23.545
90 23.359
91 23.143
92 21.775
93 22.025
94 22.783
95 23.829
96 23.568
97 21.856
98 22.628
99 23.413
100 24.092
101 24.240
102 23.386
103 22.120
104 22.774
105 24.281
106 25.113
107 23.782
108 23.680
109 23.052
110 22.645
111 23.022
112 23.572
113 23.529
114 24.500
115 25.062
116 23.784
117 23.188
118 22.370
119 22.358
120 24.397
121 24.295
122 24.484
123 24.209
124 23.737
125 24.342
126 24.333
127 24.513
128 24.182
129 24.130
130 24.222
131 24.538
132 24.186
133 23.562
134 22.538
135 23.143
136 24.791
137 25.074
138 23.817
139 23.629
140 23.873
141 24.044
142 22.645
143 22.533
144 24.814
145 25.778
146 26.331
147 25.055
148 24.778
149 23.857
150 24.235
151 25.123
152 26.328
153 26.633
154 27.324
155 24.720
156 24.478
157 24.357
158 24.085
159 24.021
160 24.712
161 24.552
162 24.333
163 23.487
164 24.286
165 24.509
166 25.263
167 25.291
168 25.496
169 25.512
170 26.515
171 27.519
172 28.538
173 28.039
174 26.954
175 26.727
176 28.269
177 28.210
178 28.384
179 27.416
180 27.632
181 27.578
182 27.310
183 27.621
184 28.842
185 29.530
186 28.975
187 28.588
188 28.571
189 26.103
190 25.246
191 28.058
192 28.190
193 27.297
194 27.092
195 28.713
196 28.963
197 29.783
198 31.729
199 33.018
200 33.779
201 32.748
202 34.092
203 35.199
204 34.792
205 34.897
206 34.172
207 33.531
208 34.767
209 36.943
210 35.446
211 34.753
212 38.708
213 39.511
214 38.704
215 38.669
216 38.407
217 39.440
218 40.366
219 39.672
220 41.701
221 42.122
222 42.650
223 44.063
224 45.587
225 46.828
226 47.452
227 49.298
228 50.293
229 51.278
230 54.014
231 56.763
232 59.120
233 61.488
234 65.296
235 67.874
236 70.144
237 75.751
238 79.911
239 82.179
240 84.552
241 87.573
242 89.447
243 90.513
244 93.321
245 95.486
246 98.373
247 104.339
248 113.352
249 121.575
250 129.649
251 140.190
252 145.246
253 151.559
254 162.346
255 168.762
256 169.947
257 170.000
258 170.000
259 170.000
260 170.000
261 170.000
262 170.000
263 172.598
264 182.316
265 195.831
266 209.915
267 222.871
268 228.019
269 231.762
270 239.577
271 243.966
272 245.553
273 247.794
274 249.827
275 249.562
276 248.849
277 246.885
278 249.157
279 251.310
280 251.638
281 250.293
282 248.520
283 247.129
284 244.672
285 245.785
286 245.314
287 242.442
288 237.614
289 233.796
290 229.276
291 220.005
292 212.667
293 198.893
294 177.020
295 170.000
296 170.000
297 170.000
298 170.000
299 170.000
300 170.000
301 170.000
302 169.621
303 166.505
304 157.024
305 146.841
306 141.650
307 136.020
308 125.218
309 116.245
310 110.087
311 104.866
312 101.907
313 99.754
314 97.713
315 96.811
316 95.007
317 88.851
318 86.238
319 83.138
320 77.230
321 72.166
322 67.834
323 62.275
324 57.765
325 55.744
326 54.475
327 51.953
328 50.626
329 50.138
330 49.596
331 49.338
332 48.351
333 48.842
334 47.511
335 46.448
336 44.733
337 43.024
338 41.593
339 40.012
340 38.938
341 38.225
342 37.735
343 37.065
344 37.629
345 37.019
346 36.654
347 36.185
348 34.243
349 33.831
350 33.975
351 34.650
352 35.140
353 34.938
354 35.130
355 33.756
356 32.624
357 34.544
358 32.365
359 29.936
360 30.014
361 29.439
362 29.807
363 29.159
364 29.255
365 30.622
366 30.102
367 30.288
368 29.681
369 28.889
370 29.082
371 28.870
372 27.110
373 26.574
374 25.343
375 28.098
376 28.196
377 27.419
378 26.793
379 27.611
380 28.457
381 29.202
382 29.141
383 25.459
384 25.863
385 27.739
386 27.351
387 25.448
388 25.498
389 26.656
390 26.093
391 25.079
392 25.782
393 26.835
394 25.921
395 25.854
396 26.633
397 25.005
398 25.769
399 25.851
400 26.153
401 25.037
402 25.156
403 24.460
404 22.472
405 23.833
406 23.735
407 22.018
408 23.852
409 26.215
410 25.056
411 23.215
412 23.434
413 23.289
414 22.388
415 24.310
416 24.512
417 24.295
418 24.196
419 23.707
420 23.251
421 22.553
422 23.909
423 24.159
424 22.255
425 22.029
426 22.954
427 24.128
428 25.035
429 23.243
430 23.465
431 24.100
432 23.136
433 22.680
434 22.329
435 21.367
436 21.019
437 22.135
438 22.604
439 21.372
440 22.366
441 22.919
442 22.270
443 22.551
444 23.293
445 23.592
446 22.954
447 21.997
448 22.088
449 21.830
450 21.225
451 21.012
452 20.293
453 18.579
454 21.354
455 21.768
456 22.673
457 22.928
458 22.471
459 22.450
460 22.175
461 22.215
462 21.366
463 21.395
464 22.091
465 23.385
466 23.237
467 22.441
468 21.855
469 20.695
470 19.680
471 22.877
472 24.376
473 23.882
474 22.916
475 22.296
476 20.857
477 21.709
478 23.554
479 22.360
480 22.500
481 23.026
482 23.048
483 23.563
484 24.860
485 23.428
486 22.342
487 22.961
488 22.136
489 22.056
490 23.208
491 22.801
492 21.699
493 23.737
494 21.784
495 22.634
496 23.759
497 23.019
498 21.800
499 22.396
500 23.391
501 22.486
502 21.599
503 22.867
504 23.125
505 21.754
506 22.654
507 24.118
508 23.133
509 22.575
510 22.612
511 21.482
512 20.883
513 20.795
514 21.437
515 21.598
516 21.986
517 21.376
518 20.735
519 22.102
520 21.864
521 21.923
522 23.637
523 24.842
524 23.583
525 21.681
526 21.733
527 21.369
528 22.425
529 22.434
530 22.100
531 22.731
532 23.580
533 23.232
534 23.156
535 21.085
536 21.251
537 20.998
538 21.422
539 21.855
540 22.309
541 22.013
542 19.837
543 19.697
544 19.470
545 20.492
546 21.833
547 21.578
548 22.201
549 22.804
550 22.467
551 22.061
552 21.232
553 21.527
554 22.210
555 21.852
556 22.261
557 23.688
558 23.393
559 23.667
