0 22.000
1 22.619
2 22.576
3 21.376
4 20.764
5 22.612
6 18.961
7 19.743
8 21.152
9 22.852
10 22.332
11 21.594
12 20.729
13 21.623
14 21.379
15 20.940
16 21.427
17 20.587
18 22.592
19 21.950
20 20.813
21 20.705
22 21.350
23 21.796
24 20.719
25 21.311
26 20.776
27 21.109
28 20.956
29 20.490
30 21.795
31 22.269
32 22.422
33 21.090
34 21.054
35 21.588
36 21.690
37 22.473
38 21.029
39 21.357
40 22.927
41 23.553
42 23.153
43 22.084
44 21.813
45 23.127
46 23.670
47 21.611
48 21.795
49 23.237
50 22.022
51 22.547
52 22.062
53 22.014
54 23.241
55 20.860
56 20.253
57 22.180
58 22.500
59 22.493
60 22.032
61 21.480
62 21.885
63 20.677
64 21.646
65 20.865
66 18.430
67 21.205
68 22.423
69 21.529
70 21.698
71 21.138
72 20.371
73 19.864
74 20.569
75 21.800
76 21.382
77 22.199
78 22.381
79 21.408
80 22.011
81 20.045
82 20.175
83 21.077
84 22.599
85 21.343
86 19.280
87 20.636
88 22.120
89 21.206
90 20.288
91 19.180
92 19.364
93 19.074
94 18.689
95 21.910
96 20.881
97 21.604
98 21.907
99 21.403
100 23.533
101 22.484
102 21.201
103 21.336
104 21.456
105 20.737
106 22.653
107 22.563
108 22.458
109 22.541
110 22.648
111 22.921
112 21.366
113 21.295
114 22.734
115 22.263
116 20.679
117 22.719
118 23.047
119 23.287
120 21.888
121 22.732
122 23.333
123 22.786
124 22.838
125 23.611
126 22.355
127 22.521
128 23.092
129 22.753
130 22.980
131 22.835
132 23.916
133 23.680
134 22.891
135 23.287
136 22.253
137 21.490
138 22.286
139 23.431
140 23.696
141 22.850
142 21.626
143 20.998
144 21.406
145 21.231
146 22.731
147 22.910
148 21.523
149 22.415
150 24.133
151 21.929
152 22.591
153 22.668
154 23.678
155 24.192
156 23.513
157 22.256
158 23.370
159 24.131
160 23.057
161 21.843
162 20.884
163 20.554
164 21.536
165 23.636
166 24.712
167 23.872
168 24.070
169 23.565
170 22.667
171 22.680
172 22.326
173 22.455
174 22.085
175 22.756
176 23.594
177 23.426
178 22.690
179 21.789
180 22.624
181 23.030
182 22.929
183 21.628
184 22.676
185 23.073
186 21.423
187 20.056
188 22.261
189 22.919
190 22.605
191 23.247
192 22.980
193 22.662
194 22.722
195 23.449
196 24.557
197 25.100
198 23.452
199 22.170
200 24.756
201 25.877
202 25.065
203 24.250
204 25.732
205 26.960
206 23.951
207 23.394
208 23.578
209 25.606
210 25.424
211 23.992
212 23.826
213 26.169
214 26.556
215 25.495
216 24.279
217 25.709
218 25.667
219 25.367
220 24.178
221 25.114
222 25.530
223 26.605
224 27.394
225 26.600
226 25.596
227 25.380
228 26.677
229 26.725
230 25.594
231 24.712
232 27.012
233 27.738
234 25.977
235 27.056
236 28.444
237 29.167
238 27.056
239 26.794
240 27.283
241 27.796
242 27.094
243 28.187
244 28.707
245 29.655
246 30.244
247 30.171
248 29.928
249 26.990
250 26.778
251 27.999
252 28.654
253 28.208
254 28.169
255 28.225
256 28.440
257 28.151
258 28.498
259 26.639
260 28.047
261 29.176
262 29.282
263 28.621
264 29.451
265 30.424
266 30.610
267 30.252
268 29.935
269 30.732
270 30.781
271 29.403
272 31.286
273 32.300
274 31.600
275 31.278
276 32.040
277 32.080
278 31.949
279 31.823
280 32.967
281 33.375
282 34.612
283 34.735
284 35.756
285 34.133
286 33.450
287 32.459
288 34.421
289 37.746
290 36.975
291 35.064
292 36.595
293 37.888
294 38.042
295 35.509
296 35.449
297 38.455
298 39.268
299 39.442
300 38.067
301 38.044
302 39.126
303 39.856
304 40.597
305 41.926
306 43.415
307 44.382
308 45.459
309 47.231
310 48.462
311 49.401
312 51.024
313 51.999
314 53.304
315 53.735
316 55.031
317 56.998
318 58.107
319 59.279
320 60.611
321 62.789
322 64.940
323 68.102
324 71.609
325 74.078
326 77.205
327 80.963
328 83.832
329 85.443
330 87.533
331 90.523
332 93.374
333 95.104
334 97.236
335 102.749
336 109.581
337 115.982
338 125.586
339 136.518
340 142.914
341 148.084
342 153.819
343 164.902
344 169.648
345 170.000
346 170.000
347 170.000
348 170.000
349 170.000
350 170.000
351 170.000
352 170.000
353 172.127
354 181.444
355 206.946
356 219.882
357 227.389
358 232.350
359 236.018
360 240.720
361 243.725
362 244.876
363 245.918
364 245.683
365 247.264
366 247.918
367 250.209
368 251.186
369 251.535
370 251.903
371 254.567
372 252.438
373 250.867
374 248.925
375 245.500
376 241.593
377 235.956
378 231.604
379 226.548
380 217.367
381 206.233
382 193.540
383 175.379
384 170.350
385 170.000
386 170.000
387 170.000
388 170.000
389 170.000
390 170.000
391 170.000
392 169.504
393 161.643
394 151.704
395 145.383
396 140.947
397 132.231
398 121.084
399 110.841
400 104.978
401 98.709
402 95.211
403 92.417
404 90.137
405 87.755
406 85.957
407 83.737
408 80.544
409 76.034
410 73.289
411 70.850
412 66.503
413 61.677
414 58.952
415 56.622
416 54.702
417 51.593
418 50.940
419 50.079
420 49.107
421 48.859
422 48.166
423 47.065
424 45.779
425 44.067
426 43.033
427 42.355
428 41.330
429 39.474
430 38.515
431 38.532
432 39.187
433 38.965
434 38.768
435 38.571
436 37.427
437 36.162
438 34.546
439 32.504
440 32.333
441 33.386
442 34.997
443 33.946
444 34.783
445 34.148
446 34.143
447 34.204
448 33.508
449 31.642
450 30.067
451 33.531
452 34.182
453 33.149
454 32.036
455 31.871
456 31.696
457 31.824
458 30.368
459 30.453
460 29.897
461 29.795
462 29.505
463 26.817
464 27.900
465 29.395
466 29.359
467 26.715
468 26.166
469 27.820
470 28.650
471 27.942
472 27.815
473 28.080
474 27.664
475 27.011
476 28.019
477 28.276
478 28.541
479 28.638
480 28.712
481 28.185
482 27.581
483 27.802
484 28.840
485 27.941
486 26.542
487 28.167
488 30.300
489 28.111
490 27.236
491 27.001
492 27.437
493 25.339
494 26.071
495 26.052
496 25.589
497 26.147
498 26.682
499 27.293
500 26.444
501 25.525
502 24.436
503 25.368
504 25.386
505 24.243
506 23.921
507 24.064
508 25.312
509 24.832
510 23.853
511 25.085
512 23.998
513 22.864
514 23.405
515 24.486
516 25.803
517 24.610
518 24.171
519 23.212
520 23.480
521 22.281
522 24.439
523 23.561
524 22.490
525 22.167
526 22.108
527 21.557
528 21.389
529 22.861
530 23.151
531 22.137
532 22.147
533 21.718
534 23.133
535 24.636
536 25.472
537 24.331
538 22.872
539 23.166
540 25.355
541 25.420
542 24.734
543 23.716
544 25.138
545 27.190
546 24.280
547 22.859
548 24.039
549 22.891
550 23.467
551 23.411
552 24.043
553 24.256
554 24.285
555 24.797
556 23.908
557 23.556
558 23.349
559 24.134
560 22.990
561 22.307
562 21.781
563 23.313
564 22.944
565 22.950
566 23.435
567 24.729
568 24.232
569 23.121
570 22.651
571 22.534
572 22.566
573 22.264
574 23.272
575 23.389
576 21.096
577 21.140
578 20.085
579 18.745
580 20.244
581 22.002
582 24.363
583 23.379
584 21.665
585 22.507
586 22.629
587 21.734
588 21.281
589 23.152
590 23.455
591 22.433
592 22.331
593 22.288
594 20.509
595 21.511
596 22.677
597 21.881
598 21.833
599 20.635
600 23.600
601 22.069
602 22.592
603 22.888
604 22.644
605 21.918
606 22.582
607 22.190
608 22.359
609 21.750
610 21.873
611 21.639
612 21.869
613 21.088
614 22.317
615 22.464
616 22.117
617 21.566
618 21.319
619 21.755
620 22.271
621 22.624
622 20.569
623 20.623
624 22.689
625 23.167
626 21.477
627 20.581
628 22.167
629 21.607
630 21.389
631 21.338
632 22.289
633 23.045
634 21.373
635 22.688
636 21.817
637 20.507
638 22.404
639 22.407
640 21.389
641 20.754
642 21.685
643 22.545
644 23.820
645 23.503
646 22.237
647 22.175
648 22.012
649 21.910
650 23.778
651 21.469
652 21.515
653 22.057
654 19.952
655 19.979
656 20.942
657 21.939
658 20.090
659 19.499
660 20.576
661 21.634
662 21.992
663 22.250
664 22.521
665 22.084
666 22.820
667 21.382
668 21.566
669 22.341
670 23.157
671 23.042
672 21.092
673 20.173
674 21.219
675 22.233
676 22.738
677 21.820
678 20.931
679 21.910
680 23.090
681 21.928
682 21.426
683 20.753
684 21.377
685 22.292
686 21.987
687 21.522
688 19.693
689 19.974
690 20.957
691 22.039
692 20.268
693 20.539
694 20.880
695 20.828
696 17.952
697 18.369
698 18.539
699 21.338
700 21.800
701 21.458
702 21.961
703 21.893
704 20.873
705 20.636
706 22.026
707 22.093
708 21.924
709 21.789
710 20.953
711 20.606
712 20.061
713 20.109
714 21.679
715 22.067
716 21.335
717 21.010
718 21.470
719 21.091
720 19.827
721 19.576
722 20.693
723 22.629
724 22.407
725 20.156
726 20.751
727 21.332
728 20.683
729 19.545
730 19.346
731 20.745
732 20.969
733 21.416
734 20.795
735 20.577
736 22.357
737 22.526
738 22.221
739 21.432
740 21.204
741 22.059
742 23.094
743 22.650
744 22.083
745 22.304
746 22.599
747 20.653
748 20.946
749 20.197
750 19.667
