0 23.000
1 22.635
2 21.772
3 21.373
4 20.224
5 21.620
6 21.347
7 22.475
8 22.871
9 22.602
10 21.930
11 22.452
12 23.173
13 22.673
14 20.001
15 21.209
16 22.521
17 22.569
18 22.062
19 22.519
20 23.061
21 22.168
22 21.392
23 21.293
24 21.164
25 19.996
26 20.433
27 22.737
28 22.197
29 22.146
30 21.891
31 22.986
32 22.072
33 21.565
34 20.223
35 21.712
36 22.447
37 21.348
38 20.424
39 21.326
40 22.255
41 21.105
42 21.049
43 22.555
44 23.805
45 22.105
46 21.289
47 22.339
48 22.424
49 22.597
50 23.117
51 21.322
52 22.822
53 22.364
54 22.178
55 23.367
56 22.866
57 20.340
58 20.220
59 21.980
60 23.614
61 22.204
62 20.715
63 19.828
64 20.563
65 21.753
66 21.502
67 21.313
68 21.320
69 21.729
70 22.495
71 21.290
72 20.259
73 20.453
74 22.209
75 20.816
76 21.062
77 20.625
78 22.871
79 21.874
80 21.809
81 22.288
82 22.919
83 22.480
84 22.668
85 22.462
86 21.361
87 22.511
88 23.639
89 24.079
90 22.831
91 23.910
92 21.210
93 21.606
94 21.925
95 23.188
96 22.560
97 22.485
98 22.602
99 22.680
100 22.583
101 20.993
102 21.886
103 22.389
104 22.590
105 21.749
106 22.540
107 22.794
108 21.281
109 21.232
110 21.276
111 21.501
112 21.124
113 23.767
114 23.661
115 22.318
116 22.021
117 22.597
118 22.355
119 22.227
120 23.235
121 23.155
122 22.622
123 22.277
124 22.360
125 21.077
126 23.665
127 24.910
128 23.688
129 20.957
130 21.963
131 23.553
132 23.915
133 23.043
134 22.845
135 23.208
136 23.846
137 23.467
138 23.181
139 23.337
140 22.938
141 22.034
142 21.453
143 22.838
144 22.621
145 22.724
146 23.404
147 22.654
148 23.734
149 23.651
150 23.558
151 22.476
152 22.728
153 22.291
154 23.617
155 24.526
156 23.063
157 22.776
158 23.992
159 26.094
160 25.666
161 22.552
162 24.545
163 25.232
164 25.251
165 22.940
166 23.470
167 26.222
168 26.581
169 24.096
170 24.812
171 25.498
172 26.389
173 25.969
174 26.474
175 24.130
176 25.109
177 25.246
178 26.210
179 24.800
180 25.137
181 24.209
182 25.744
183 26.930
184 26.562
185 28.293
186 28.335
187 29.383
188 27.314
189 27.471
190 30.361
191 29.359
192 28.316
193 29.419
194 29.101
195 27.509
196 27.275
197 28.106
198 26.949
199 25.852
200 26.097
201 26.631
202 27.276
203 27.529
204 26.410
205 26.078
206 26.222
207 28.061
208 27.710
209 27.163
210 27.605
211 28.055
212 27.000
213 29.446
214 30.328
215 30.890
216 30.084
217 31.108
218 29.826
219 31.128
220 33.078
221 33.622
222 33.178
223 33.467
224 33.376
225 35.536
226 35.722
227 35.178
228 35.391
229 35.166
230 35.391
231 35.159
232 33.880
233 33.547
234 34.167
235 34.210
236 33.332
237 35.038
238 35.487
239 34.902
240 35.828
241 36.956
242 35.827
243 37.835
244 38.890
245 39.322
246 39.399
247 40.608
248 42.129
249 43.609
250 45.564
251 46.504
252 46.705
253 47.811
254 49.091
255 49.864
256 50.931
257 51.411
258 52.524
259 54.334
260 55.917
261 58.373
262 62.309
263 64.812
264 67.105
265 71.339
266 75.538
267 79.220
268 81.612
269 84.507
270 86.723
271 89.297
272 91.178
273 93.570
274 96.266
275 99.861
276 106.235
277 117.442
278 126.467
279 134.107
280 141.248
281 151.352
282 157.251
283 163.599
284 168.523
285 170.000
286 170.000
287 170.000
288 170.000
289 170.000
290 170.000
291 170.000
292 171.311
293 177.365
294 191.717
295 214.635
296 223.765
297 228.199
298 232.070
299 237.674
300 242.036
301 244.344
302 246.204
303 251.026
304 251.890
305 250.731
306 249.524
307 250.718
308 250.575
309 250.333
310 249.286
311 249.507
312 248.965
313 247.060
314 245.473
315 244.956
316 240.938
317 234.334
318 228.247
319 221.610
320 215.593
321 202.368
322 182.104
323 170.144
324 170.000
325 170.000
326 170.000
327 170.000
328 170.000
329 170.000
330 170.000
331 169.888
332 167.794
333 162.778
334 152.457
335 146.080
336 140.118
337 132.532
338 121.453
339 112.453
340 105.348
341 101.062
342 96.695
343 94.396
344 91.859
345 88.922
346 86.526
347 84.520
348 83.042
349 79.544
350 75.281
351 72.910
352 70.393
353 66.718
354 62.207
355 61.327
356 59.779
357 58.039
358 56.705
359 55.307
360 53.706
361 52.928
362 52.472
363 50.463
364 49.361
365 48.627
366 47.645
367 46.546
368 44.431
369 43.702
370 42.777
371 41.954
372 40.020
373 39.432
374 38.494
375 37.725
376 39.524
377 38.757
378 38.263
379 35.775
380 35.506
381 36.740
382 37.598
383 37.064
384 36.746
385 35.180
386 36.993
387 35.467
388 33.184
389 32.771
390 33.505
391 35.101
392 35.470
393 35.362
394 34.382
395 33.960
396 32.456
397 31.592
398 31.565
399 31.967
400 31.655
401 30.754
402 31.968
403 32.266
404 30.454
405 29.384
406 30.848
407 30.422
408 30.477
409 30.795
410 30.744
411 30.102
412 28.889
413 29.078
414 29.530
415 28.188
416 27.333
417 27.257
418 28.981
419 27.947
420 28.847
421 27.958
422 27.832
423 28.929
424 28.448
425 27.270
426 26.412
427 28.551
428 30.219
429 30.420
430 30.033
431 29.370
432 27.984
433 27.942
434 27.913
435 27.543
436 27.138
437 26.957
438 28.216
439 29.126
440 27.945
441 26.392
442 27.276
443 28.157
444 26.008
445 24.607
446 25.792
447 26.471
448 26.011
449 25.944
450 26.101
451 27.513
452 26.914
453 26.373
454 25.368
455 24.193
456 24.314
457 25.908
458 26.201
459 26.570
460 25.527
461 27.086
462 27.281
463 24.041
464 23.403
465 24.348
466 25.384
467 24.200
468 24.241
469 23.944
470 25.909
471 27.442
472 25.279
473 24.746
474 25.292
475 24.944
476 22.372
477 23.019
478 24.130
479 24.314
480 24.168
481 24.323
482 22.973
483 22.692
484 24.191
485 23.727
486 23.683
487 23.059
488 19.390
489 20.537
490 22.441
491 23.625
492 22.691
493 21.863
494 23.290
495 23.497
496 23.571
497 23.199
498 23.195
499 23.157
500 23.489
501 24.570
502 23.915
503 22.727
504 23.348
505 23.061
506 22.581
507 23.692
508 23.164
509 23.705
510 24.071
511 21.344
512 19.513
513 21.055
514 21.138
515 23.444
516 24.096
517 22.875
518 21.901
519 22.702
520 23.641
521 22.715
522 22.530
523 23.117
524 24.268
525 23.886
526 23.890
527 23.672
528 22.720
529 24.140
530 22.181
531 21.526
532 21.223
533 22.129
534 22.650
535 21.813
536 21.614
537 21.964
538 21.323
539 20.533
540 23.019
541 23.480
542 23.454
543 22.436
544 21.514
545 21.171
546 21.168
547 21.645
548 22.222
549 22.358
550 22.549
551 23.329
552 23.081
553 22.587
554 23.386
555 22.590
556 22.426
557 21.942
558 21.816
559 21.427
560 21.698
561 22.704
562 23.496
563 22.300
564 21.704
565 21.020
566 21.658
567 21.882
568 21.272
569 21.375
570 20.630
571 20.922
572 22.333
573 22.628
574 21.988
575 24.023
576 24.617
577 21.840
578 21.795
579 21.013
580 21.695
581 21.143
582 20.738
583 21.352
584 22.340
585 22.877
586 23.168
587 22.917
588 22.726
589 22.053
590 21.929
591 23.168
592 22.200
593 22.355
594 21.950
595 21.964
596 21.158
597 21.627
598 20.518
599 20.781
600 21.689
601 21.191
602 22.673
603 23.103
604 23.538
605 22.873
606 21.894
607 22.338
608 22.193
609 21.858
610 20.022
611 19.211
612 18.526
613 19.631
614 21.883
615 21.947
616 21.152
617 21.221
618 21.333
