0 24.000
1 24.282
2 24.000
3 23.897
4 23.504
5 22.764
6 23.462
7 22.928
8 22.531
9 22.517
10 22.115
11 22.753
12 23.303
13 22.682
14 22.374
15 22.928
16 24.198
17 24.213
18 23.538
19 23.749
20 22.950
21 23.089
22 22.841
23 22.148
24 22.496
25 22.544
26 20.912
27 21.640
28 21.994
29 21.913
30 22.698
31 23.246
32 24.213
33 21.945
34 22.330
35 23.533
36 23.578
37 24.014
38 22.622
39 22.098
40 21.955
41 22.655
42 23.048
43 24.179
44 23.451
45 22.096
46 23.202
47 23.921
48 23.603
49 23.013
50 22.246
51 23.370
52 23.611
53 23.596
54 23.450
55 23.590
56 24.419
57 23.973
58 23.680
59 24.556
60 25.141
61 24.834
62 24.284
63 22.653
64 22.885
65 21.535
66 21.228
67 22.117
68 22.737
69 22.490
70 23.504
71 23.042
72 23.391
73 23.499
74 23.223
75 24.721
76 24.173
77 23.670
78 21.280
79 22.125
80 24.698
81 24.798
82 24.388
83 24.908
84 24.107
85 24.680
86 24.429
87 23.203
88 22.010
89 22.965
90 22.553
91 21.067
92 20.715
93 23.387
94 24.203
95 22.656
96 21.211
97 22.713
98 23.017
99 23.988
100 24.320
101 23.391
102 23.247
103 23.969
104 24.411
105 23.497
106 22.751
107 22.398
108 22.129
109 21.807
110 22.965
111 21.870
112 19.712
113 20.736
114 21.527
115 22.361
116 22.634
117 21.796
118 22.326
119 21.874
120 21.826
121 24.016
122 23.889
123 21.978
124 22.100
125 23.388
126 23.214
127 23.140
128 23.252
129 24.838
130 22.875
131 20.972
132 22.791
133 24.457
134 24.367
135 22.649
136 23.337
137 24.214
138 23.272
139 23.125
140 23.017
141 23.254
142 22.794
143 22.819
144 23.995
145 25.259
146 25.161
147 24.831
148 23.373
149 24.040
150 24.436
151 23.529
152 23.525
153 23.685
154 24.390
155 24.407
156 24.373
157 24.874
158 24.576
159 23.903
160 25.019
161 24.370
162 23.819
163 22.820
164 24.808
165 25.507
166 25.026
167 23.560
168 23.130
169 24.114
170 24.610
171 25.441
172 26.447
173 25.222
174 23.447
175 24.916
176 25.420
177 25.277
178 25.221
179 24.866
180 23.059
181 22.362
182 24.672
183 26.332
184 25.474
185 24.339
186 23.788
187 24.215
188 24.523
189 26.208
190 26.065
191 25.039
192 24.307
193 24.200
194 25.772
195 25.279
196 24.763
197 23.863
198 24.161
199 23.906
200 24.009
201 26.507
202 25.497
203 25.371
204 25.439
205 26.655
206 26.049
207 25.722
208 25.969
209 23.863
210 24.770
211 25.507
212 26.716
213 25.810
214 26.639
215 26.253
216 26.733
217 25.525
218 26.885
219 29.185
220 28.644
221 28.410
222 27.475
223 26.813
224 28.069
225 28.057
226 28.186
227 26.609
228 26.547
229 26.435
230 27.082
231 27.299
232 25.127
233 27.355
234 27.710
235 28.765
236 29.517
237 29.191
238 29.048
239 28.572
240 28.154
241 28.448
242 28.909
243 29.015
244 31.142
245 31.689
246 30.853
247 32.178
248 33.909
249 34.502
250 33.947
251 32.484
252 32.353
253 33.051
254 34.944
255 34.455
256 34.016
257 34.342
258 35.912
259 37.149
260 36.795
261 38.631
262 39.628
263 39.657
264 40.107
265 39.026
266 40.134
267 40.491
268 41.265
269 42.744
270 44.466
271 44.919
272 45.175
273 47.011
274 48.414
275 49.586
276 50.950
277 53.132
278 55.088
279 56.752
280 60.835
281 64.285
282 66.877
283 69.645
284 73.974
285 76.982
286 80.815
287 84.464
288 86.736
289 88.412
290 90.024
291 92.578
292 94.594
293 97.571
294 102.167
295 110.599
296 119.848
297 127.518
298 138.312
299 144.037
300 150.113
301 159.614
302 168.227
303 169.945
304 170.000
305 170.000
306 170.000
307 170.000
308 170.000
309 170.000
310 170.093
311 179.790
312 197.719
313 211.212
314 220.161
315 228.843
316 232.649
317 235.656
318 245.731
319 247.912
320 248.099
321 249.656
322 250.602
323 250.667
324 251.257
325 250.625
326 250.851
327 251.329
328 250.298
329 248.427
330 250.325
331 252.314
332 249.784
333 246.908
334 244.107
335 239.553
336 235.364
337 231.291
338 225.339
339 220.435
340 198.988
341 174.274
342 170.000
343 170.000
344 170.000
345 170.000
346 170.000
347 170.000
348 170.000
349 170.000
350 166.850
351 158.781
352 150.530
353 143.075
354 135.501
355 129.216
356 121.225
357 109.495
358 103.659
359 101.794
360 99.508
361 96.633
362 96.017
363 93.408
364 90.366
365 87.917
366 84.755
367 78.833
368 74.595
369 69.584
370 63.234
371 59.526
372 55.993
373 52.347
374 49.606
375 48.886
376 48.264
377 47.511
378 47.332
379 47.041
380 46.779
381 46.150
382 46.368
383 44.603
384 43.487
385 42.980
386 40.894
387 39.907
388 38.973
389 37.248
390 36.044
391 35.843
392 35.690
393 33.902
394 34.533
395 34.133
396 33.624
397 32.892
398 34.079
399 34.588
400 34.293
401 33.284
402 33.350
403 32.239
404 32.526
405 33.380
406 31.961
407 31.425
408 30.479
409 30.259
410 30.294
411 30.194
412 31.512
413 29.917
414 28.108
415 28.649
416 28.522
417 29.050
418 29.433
419 29.746
420 27.857
421 27.594
422 29.583
423 30.044
424 29.343
425 29.013
426 27.212
427 28.244
428 27.309
429 27.006
430 25.594
431 26.357
432 27.990
433 26.373
434 27.558
435 27.623
436 28.084
437 28.461
438 27.350
439 25.795
440 25.803
441 27.833
442 28.458
443 26.835
444 25.741
445 24.412
446 20.899
447 23.271
448 24.372
449 24.301
450 23.048
451 23.865
452 25.226
453 24.557
454 24.370
455 24.757
456 23.978
457 23.226
458 24.245
459 26.711
460 27.732
461 25.651
462 25.555
463 25.386
464 24.638
465 25.263
466 27.094
467 26.393
468 26.308
469 26.845
470 26.513
471 25.088
472 24.209
473 26.620
474 25.881
475 25.408
476 25.540
477 24.876
478 24.238
479 23.779
480 23.606
481 24.214
482 23.600
483 22.781
484 22.694
485 23.287
486 22.484
487 22.987
488 23.290
489 23.511
490 24.399
491 22.788
492 22.725
493 22.127
494 22.149
495 23.324
496 24.445
497 23.858
498 24.837
499 23.918
500 23.208
501 22.708
502 22.381
503 22.616
504 21.349
505 23.319
506 22.757
507 22.411
508 22.495
509 23.054
510 23.772
511 21.933
512 22.777
513 24.360
514 24.232
515 22.934
516 21.503
517 22.678
518 22.822
519 23.045
520 23.319
521 23.490
522 22.690
523 22.492
524 21.512
525 20.812
526 21.885
527 22.831
528 23.369
529 22.785
530 25.104
531 22.536
532 21.393
533 22.965
534 22.970
535 21.315
536 23.256
537 23.759
538 23.683
539 22.363
540 21.024
541 21.783
542 22.227
543 23.293
544 22.018
545 21.219
546 21.495
547 22.470
548 23.013
549 22.626
550 20.723
551 21.735
552 23.274
553 23.445
554 21.911
555 20.252
556 21.094
557 22.004
558 22.169
559 21.667
560 22.004
561 21.343
562 21.237
563 22.774
564 21.475
565 22.108
566 22.185
567 21.930
568 22.428
569 20.341
570 21.542
571 23.049
572 23.340
573 23.407
574 22.454
575 21.252
576 21.018
577 21.163
578 20.082
579 21.013
580 23.013
581 22.645
582 22.457
583 21.419
584 21.265
585 22.296
586 21.709
587 21.046
588 21.048
589 21.010
590 19.543
591 20.574
592 21.969
593 21.483
594 20.853
595 19.708
596 20.546
597 21.282
598 21.657
599 21.409
600 19.989
601 22.234
602 21.619
603 22.892
604 21.626
605 21.252
606 21.178
607 21.027
608 22.788
609 23.441
610 21.026
611 19.791
612 21.195
613 21.130
614 21.853
615 21.379
616 21.647
617 21.222
618 20.848
619 19.988
620 21.273
621 21.293
622 19.834
623 20.612
624 20.779
625 20.363
626 21.444
627 22.482
628 21.741
629 20.087
630 18.670
631 19.081
632 20.527
633 21.364
634 21.881
635 21.035
636 22.020
637 22.691
638 21.205
639 19.582
640 20.753
641 19.252
642 22.028
643 23.411
644 22.970
645 22.469
646 20.667
