0.000 23.667
0.355 23.344
0.710 21.117
1.065 19.146
1.420 21.191
1.775 21.896
2.130 21.564
2.485 20.266
2.840 21.612
3.195 22.474
3.551 23.451
3.906 21.084
4.261 21.000
4.616 21.524
4.971 22.664
5.326 21.745
5.681 20.803
6.036 20.931
6.391 23.017
6.746 23.030
7.101 22.468
7.456 21.320
7.811 21.374
8.166 22.296
8.521 23.738
8.876 22.476
9.231 21.154
9.586 21.343
9.942 22.036
10.297 22.665
10.652 20.677
11.007 19.596
11.362 22.305
11.717 21.533
12.072 21.990
12.427 20.219
12.782 21.624
13.137 23.423
13.492 21.786
13.847 19.355
14.202 19.890
14.557 21.578
14.912 22.783
15.267 23.034
15.622 23.042
15.977 21.830
16.333 21.321
16.688 22.982
17.043 22.961
17.398 21.947
17.753 20.516
18.108 21.852
18.463 21.671
18.818 22.706
19.173 21.937
19.528 20.922
19.883 21.469
20.238 22.319
20.593 21.231
20.948 21.241
21.303 24.172
21.658 23.065
22.013 22.559
22.368 22.012
22.723 22.177
23.079 21.309
23.434 21.200
23.789 21.913
24.144 23.138
24.499 23.856
24.854 23.229
25.209 22.531
25.564 24.140
25.919 25.643
26.274 23.865
26.629 22.971
26.984 21.550
27.339 21.249
27.694 21.899
28.049 23.802
28.404 22.843
28.759 22.577
29.114 23.013
29.470 23.983
29.825 21.726
30.180 23.238
30.535 24.185
30.890 23.244
31.245 24.306
31.600 23.803
31.955 23.958
32.310 26.895
32.665 26.375
33.020 27.458
33.375 26.030
33.730 25.664
34.085 24.712
34.440 26.418
34.795 29.258
35.150 29.430
35.505 27.276
35.861 28.616
36.216 28.721
36.571 29.203
36.926 28.367
37.281 29.546
37.636 28.987
37.991 30.909
38.346 31.066
38.701 30.405
39.056 29.800
39.411 30.379
39.766 31.121
40.121 32.966
40.476 31.854
40.831 31.306
41.186 32.646
41.541 34.255
41.896 34.877
42.251 33.246
42.607 34.887
42.962 35.356
43.317 36.070
43.672 35.769
44.027 37.283
44.382 37.805
44.737 37.950
45.092 38.398
45.447 37.821
45.802 37.903
46.157 39.112
46.512 39.245
46.867 39.883
47.222 40.965
47.577 40.187
47.932 40.250
48.287 39.714
48.642 40.410
48.998 41.235
49.353 41.349
49.708 41.673
50.063 41.719
50.418 42.052
50.773 42.667
51.128 43.080
51.483 43.013
51.838 43.286
52.193 44.475
52.548 44.749
52.903 44.825
53.258 44.701
53.613 44.933
53.968 45.624
54.323 45.442
54.678 45.891
55.033 45.883
55.389 46.153
55.744 46.461
56.099 47.107
56.454 47.320
56.809 47.025
57.164 47.386
57.519 47.657
57.874 47.866
58.229 47.719
58.584 48.484
58.939 48.408
59.294 48.868
59.649 48.511
60.004 49.165
60.359 49.333
60.714 49.299
61.069 49.391
61.424 50.110
61.779 50.227
62.135 50.323
62.490 50.576
62.845 50.598
63.200 50.795
63.555 50.954
63.910 50.658
64.265 50.920
64.620 51.431
64.975 52.145
65.330 52.178
65.685 51.876
66.040 51.696
66.395 52.486
66.750 52.886
67.105 52.913
67.460 52.612
67.815 52.856
68.170 53.239
68.526 53.943
68.881 53.778
69.236 53.918
69.591 54.022
69.946 54.447
70.301 54.570
70.656 55.044
71.011 55.030
71.366 55.058
71.721 55.500
72.076 55.692
72.431 56.335
72.786 56.540
73.141 56.766
73.496 57.471
73.851 57.556
74.206 57.701
74.561 58.237
74.917 58.194
75.272 58.000
75.627 58.062
75.982 58.539
76.337 59.284
76.692 59.846
77.047 59.587
77.402 59.659
77.757 60.057
78.112 60.616
78.467 60.685
78.822 61.159
79.177 61.545
79.532 61.744
79.887 61.890
80.242 62.165
80.597 62.287
80.952 62.313
81.307 62.920
81.663 63.280
82.018 63.895
82.373 64.474
82.728 64.662
83.083 65.017
83.438 65.333
83.793 65.346
84.148 65.497
84.503 65.778
84.858 66.378
85.213 66.796
85.568 67.208
85.923 67.404
86.278 67.644
86.633 68.117
86.988 68.688
87.343 69.170
87.698 69.481
88.054 70.143
88.409 70.329
88.764 70.162
89.119 70.973
89.474 71.692
89.829 71.705
90.184 71.786
90.539 72.250
90.894 73.341
91.249 73.160
91.604 73.907
91.959 75.263
92.314 74.968
92.669 75.417
93.024 75.727
93.379 76.607
93.734 77.158
94.089 77.622
94.445 78.017
94.800 79.265
95.155 79.768
95.510 79.797
95.865 80.274
96.220 80.846
96.575 81.564
96.930 81.989
97.285 83.180
97.640 84.214
97.995 84.403
98.350 85.089
98.705 85.814
99.060 86.530
99.415 86.969
99.770 88.227
100.125 89.393
100.480 89.865
100.835 90.816
101.191 92.077
101.546 93.229
101.901 94.186
102.256 95.269
102.611 95.784
102.966 96.813
103.321 97.638
103.676 98.701
104.031 100.266
104.386 101.084
104.741 101.636
105.096 101.990
105.451 104.090
105.806 105.299
106.161 106.193
106.516 107.205
106.871 108.676
107.226 109.832
107.582 111.541
107.937 113.031
108.292 114.138
108.647 115.499
109.002 116.840
109.357 117.894
109.712 119.749
110.067 121.008
110.422 123.269
110.777 125.027
111.132 126.090
111.487 127.482
111.842 129.084
112.197 131.456
112.552 132.460
112.907 133.270
113.262 133.596
113.617 136.023
113.973 137.218
114.328 138.266
114.683 139.884
115.038 140.907
115.393 142.176
115.748 143.553
116.103 146.975
116.458 151.135
116.813 157.149
117.168 161.896
117.523 166.778
117.878 169.781
118.233 169.997
118.588 170.000
118.943 170.000
119.298 170.000
119.653 170.000
120.008 170.000
120.363 170.000
120.719 170.000
121.074 170.000
121.429 170.000
121.784 170.000
122.139 170.000
122.494 170.000
122.849 170.000
123.204 170.000
123.559 170.000
123.914 170.000
124.269 170.000
124.624 170.000
124.979 170.000
125.334 170.000
125.689 170.000
126.044 170.000
126.399 170.000
126.754 170.000
127.110 170.000
127.465 170.000
127.820 170.000
128.175 170.000
128.530 170.000
128.885 170.000
129.240 170.000
129.595 170.000
129.950 170.000
130.305 170.000
130.660 170.000
131.015 170.000
131.370 170.000
131.725 170.000
132.080 170.000
132.435 170.000
132.790 170.000
133.145 170.000
133.501 170.000
133.856 170.000
134.211 170.000
134.566 170.000
134.921 170.000
135.276 170.000
135.631 170.000
135.986 170.000
136.341 170.000
136.696 170.000
137.051 170.000
137.406 170.000
137.761 169.841
138.116 169.034
138.471 167.792
138.826 164.249
139.181 157.631
139.536 153.542
139.891 147.841
140.247 142.801
140.602 140.523
140.957 138.606
141.312 136.687
141.667 134.571
142.022 133.199
142.377 130.071
142.732 126.392
143.087 124.031
143.442 121.896
143.797 119.510
144.152 116.080
144.507 114.237
144.862 113.115
145.217 111.785
145.572 109.398
145.927 107.943
146.282 106.851
146.638 105.378
146.993 103.527
147.348 101.944
147.703 100.833
148.058 99.640
148.413 98.861
148.768 98.537
149.123 97.686
149.478 95.825
149.833 94.865
150.188 93.452
150.543 91.920
150.898 91.230
151.253 90.653
151.608 89.888
151.963 88.793
152.318 88.162
152.673 87.697
153.029 86.199
153.384 85.138
153.739 84.530
154.094 83.510
154.449 82.093
154.804 81.452
155.159 80.847
155.514 80.272
155.869 79.124
156.224 77.646
156.579 77.092
156.934 76.799
157.289 76.080
157.644 74.931
157.999 74.273
158.354 73.329
158.709 72.552
159.064 71.726
159.419 71.464
159.775 70.418
160.130 69.582
160.485 68.765
160.840 68.489
161.195 67.830
161.550 67.303
161.905 67.065
162.260 66.064
162.615 65.200
162.970 65.012
163.325 64.180
163.680 63.541
164.035 63.301
164.390 62.855
164.745 61.966
165.100 61.648
165.455 61.643
165.810 61.411
166.166 60.474
166.521 59.931
166.876 59.687
167.231 59.362
167.586 58.607
167.941 58.363
168.296 57.902
168.651 57.116
169.006 56.635
169.361 56.397
169.716 55.995
170.071 56.068
170.426 54.957
170.781 54.789
171.136 54.865
171.491 54.299
171.846 53.468
172.201 53.302
172.557 52.587
172.912 52.407
173.267 52.116
173.622 52.186
173.977 51.736
174.332 51.321
174.687 50.824
175.042 50.375
175.397 50.194
175.752 49.965
176.107 49.568
176.462 49.301
176.817 49.095
177.172 48.664
177.527 48.308
177.882 48.020
178.237 47.324
178.592 47.128
178.947 47.164
179.303 46.978
179.658 46.664
180.013 46.528
180.368 46.497
180.723 45.776
181.078 44.624
181.433 44.505
181.788 44.938
182.143 45.000
182.498 44.649
182.853 44.609
183.208 44.280
183.563 44.023
183.918 43.820
184.273 44.038
184.628 43.469
184.983 43.054
185.338 42.999
185.694 42.834
186.049 42.699
186.404 42.409
186.759 42.657
187.114 42.051
187.469 41.628
187.824 41.067
188.179 40.931
188.534 40.647
188.889 40.103
189.244 40.419
189.599 40.141
189.954 40.309
190.309 39.407
190.664 39.755
191.019 39.790
191.374 38.664
191.729 38.039
192.085 37.496
192.440 37.651
192.795 39.738
193.150 37.525
193.505 36.021
193.860 35.656
194.215 35.249
194.570 35.031
194.925 34.635
195.280 34.345
195.635 34.299
195.990 34.705
196.345 33.825
196.700 33.538
197.055 33.622
197.410 32.721
197.765 35.256
198.120 31.952
198.475 32.211
198.831 33.923
199.186 35.500
199.541 32.814
199.896 30.449
200.251 30.446
200.606 31.719
200.961 30.489
201.316 29.214
201.671 28.547
202.026 29.435
202.381 29.563
202.736 28.816
203.091 26.978
203.446 28.629
203.801 28.536
204.156 27.287
204.511 27.617
204.866 28.703
205.222 28.552
205.577 27.129
205.932 25.347
206.287 24.007
206.642 22.666
206.997 23.804
207.352 23.297
207.707 21.465
208.062 22.543
208.417 22.288
208.772 21.686
209.127 20.480
209.482 21.035
209.837 21.309
210.192 24.561
210.547 23.435
210.902 23.107
211.257 23.335
211.613 23.332
211.968 22.457
212.323 22.079
212.678 21.778
213.033 20.602
213.388 18.752
213.743 19.002
214.098 18.632
214.453 18.890
214.808 19.193
215.163 19.198
215.518 18.566
215.873 17.451
216.228 21.724
216.583 21.826
216.938 20.886
217.293 20.558
217.648 20.331
218.003 20.815
218.359 21.216
218.714 19.506
219.069 18.365
219.424 18.447
219.779 21.002
220.134 21.598
220.489 20.875
220.844 18.720
221.199 18.386
221.554 19.505
221.909 20.057
222.264 19.204
222.619 18.613
222.974 21.295
223.329 20.213
223.684 19.869
224.039 19.322
224.394 18.257
224.750 19.429
225.105 20.686
225.460 17.080
225.815 18.525
226.170 19.509
226.525 19.746
226.880 20.148
227.235 19.473
227.590 18.097
227.945 17.458
228.300 18.468
228.655 20.062
229.010 18.488
229.365 19.838
229.720 19.395
230.075 19.814
230.430 17.887
230.785 17.203
231.141 16.960
231.496 19.692
231.851 19.010
232.206 16.588
232.561 17.674
232.916 19.754
233.271 19.722
233.626 19.642
233.981 20.081
234.336 18.665
234.691 17.357
235.046 18.986
235.401 17.341
235.756 17.325
236.111 19.588
236.466 20.857
236.821 20.921
237.176 19.358
237.531 18.675
237.887 18.142
238.242 18.456
238.597 20.029
238.952 20.467
239.307 19.214
239.662 20.252
240.017 17.390
240.372 16.358
240.727 16.116
241.082 16.790
241.437 17.834
241.792 18.955
242.147 19.504
242.502 19.981
242.857 18.666
243.212 17.368
243.567 18.322
243.922 18.943
244.278 18.317
244.633 18.363
244.988 18.336
245.343 18.665
245.698 18.466
246.053 17.803
246.408 18.994
246.763 20.189
247.118 20.027
247.473 18.504
247.828 17.779
248.183 19.402
248.538 19.782
248.893 17.157
249.248 18.065
249.603 18.320
249.958 19.534
250.313 18.551
250.669 17.826
251.024 19.028
251.379 19.364
251.734 20.775
252.089 18.789
252.444 17.804
252.799 16.892
253.154 18.105
253.509 21.336
253.864 20.581
254.219 19.867
254.574 19.590
254.929 20.087
255.284 18.508
255.639 18.691
255.994 16.695
256.349 17.102
256.704 16.884
257.060 18.253
257.415 18.667
