0.000 20.333
0.504 20.818
1.008 19.229
1.512 19.915
2.016 19.035
2.521 20.270
3.025 20.488
3.529 21.330
4.033 21.039
4.537 20.071
5.041 19.719
5.545 19.514
6.049 20.579
6.553 22.209
7.057 22.175
7.562 21.830
8.066 22.675
8.570 23.844
9.074 21.813
9.578 22.047
10.082 22.532
10.586 21.191
11.090 23.254
11.594 21.739
12.099 20.356
12.603 22.155
13.107 21.778
13.611 21.052
14.115 25.243
14.619 25.438
15.123 22.949
15.627 23.942
16.131 23.470
16.635 25.276
17.140 25.669
17.644 26.444
18.148 28.217
18.652 27.383
19.156 28.202
19.660 27.804
20.164 25.549
20.668 27.491
21.172 27.731
21.677 27.094
22.181 27.803
22.685 30.087
23.189 31.178
23.693 30.128
24.197 30.530
24.701 30.708
25.205 31.127
25.709 32.158
26.213 33.743
26.718 34.182
27.222 34.963
27.726 34.314
28.230 34.272
28.734 35.390
29.238 35.435
29.742 35.307
30.246 36.007
30.750 36.701
31.254 37.419
31.759 38.020
32.263 38.494
32.767 38.971
33.271 39.887
33.775 40.360
34.279 40.403
34.783 39.996
35.287 40.710
35.791 41.855
36.296 42.003
36.800 41.856
37.304 41.894
37.808 42.226
38.312 42.852
38.816 43.116
39.320 43.163
39.824 43.572
40.328 44.156
40.832 44.139
41.337 44.010
41.841 44.243
42.345 44.154
42.849 44.353
43.353 44.573
43.857 44.468
44.361 44.705
44.865 44.797
45.369 44.786
45.874 45.066
46.378 45.618
46.882 45.323
47.386 45.115
47.890 45.345
48.394 45.322
48.898 45.480
49.402 45.787
49.906 45.810
50.410 46.062
50.915 46.259
51.419 46.357
51.923 46.463
52.427 46.463
52.931 46.290
53.435 47.157
53.939 47.692
54.443 47.413
54.947 47.727
55.452 47.960
55.956 48.593
56.460 48.964
56.964 49.022
57.468 49.249
57.972 49.930
58.476 50.768
58.980 50.854
59.484 51.024
59.988 51.652
60.493 52.071
60.997 51.994
61.501 52.303
62.005 53.231
62.509 54.508
63.013 54.581
63.517 55.493
64.021 56.080
64.525 56.121
65.030 56.601
65.534 56.787
66.038 57.646
66.542 58.914
67.046 59.115
67.550 59.977
68.054 60.331
68.558 60.561
69.062 61.380
69.566 61.970
70.071 62.374
70.575 62.629
71.079 63.558
71.583 64.000
72.087 64.029
72.591 64.646
73.095 64.927
73.599 65.288
74.103 66.660
74.608 67.365
75.112 67.413
75.616 68.103
76.120 68.296
76.624 68.704
77.128 69.779
77.632 70.120
78.136 71.121
78.640 70.712
79.144 71.767
79.649 73.194
80.153 73.567
80.657 73.492
81.161 74.036
81.665 74.762
82.169 75.449
82.673 76.257
83.177 76.720
83.681 77.307
84.185 78.092
84.690 79.234
85.194 79.831
85.698 80.274
86.202 81.072
86.706 81.495
87.210 82.222
87.714 83.279
88.218 84.111
88.722 84.425
89.227 85.036
89.731 85.341
90.235 86.727
90.739 87.509
91.243 88.685
91.747 89.288
92.251 89.736
92.755 90.902
93.259 91.506
93.763 92.047
94.268 93.323
94.772 94.029
95.276 95.517
95.780 96.480
96.284 96.493
96.788 97.591
97.292 98.982
97.796 100.270
98.300 101.045
98.805 101.929
99.309 103.683
99.813 104.713
100.317 105.672
100.821 106.941
101.325 108.030
101.829 109.741
102.333 111.363
102.837 112.262
103.341 113.458
103.846 114.643
104.350 115.604
104.854 117.263
105.358 118.697
105.862 120.604
106.366 122.519
106.870 124.169
107.374 126.148
107.878 128.125
108.383 130.309
108.887 132.645
109.391 134.209
109.895 135.175
110.399 136.406
110.903 137.397
111.407 139.166
111.911 140.847
112.415 143.177
112.919 145.683
113.424 147.378
113.928 150.511
114.432 153.802
114.936 156.752
115.440 160.915
115.944 164.282
116.448 166.131
116.952 167.475
117.456 168.371
117.961 169.439
118.465 170.000
118.969 170.000
119.473 170.000
119.977 170.000
120.481 170.000
120.985 170.000
121.489 170.000
121.993 170.000
122.497 170.000
123.002 170.000
123.506 170.000
124.010 170.000
124.514 170.000
125.018 170.000
125.522 170.000
126.026 170.000
126.530 170.000
127.034 170.000
127.539 170.000
128.043 170.000
128.547 170.000
129.051 170.000
129.555 170.000
130.059 170.000
130.563 170.000
131.067 170.000
131.571 170.000
132.075 170.000
132.580 170.000
133.084 170.000
133.588 170.000
134.092 170.000
134.596 170.000
135.100 170.000
135.604 170.000
136.108 170.000
136.612 170.000
137.117 170.000
137.621 170.000
138.125 170.000
138.629 170.000
139.133 170.000
139.637 170.000
140.141 170.000
140.645 170.000
141.149 170.000
141.653 170.000
142.158 170.000
142.662 170.000
143.166 169.916
143.670 169.135
144.174 167.055
144.678 161.815
145.182 157.806
145.686 152.844
146.190 143.628
146.694 139.332
147.199 136.783
147.703 130.838
148.207 129.083
148.711 125.278
149.215 123.381
149.719 121.633
150.223 118.280
150.727 116.563
151.231 113.634
151.736 111.982
152.240 110.649
152.744 108.000
153.248 106.637
153.752 104.869
154.256 103.249
154.760 101.857
155.264 99.553
155.768 98.475
156.272 97.443
156.777 95.172
157.281 94.661
157.785 93.726
158.289 91.812
158.793 90.627
159.297 88.823
159.801 87.983
160.305 87.464
160.809 85.595
161.314 84.764
161.818 84.033
162.322 82.818
162.826 81.599
163.330 80.657
163.834 79.608
164.338 79.335
164.842 78.211
165.346 77.537
165.850 76.774
166.355 75.972
166.859 75.494
167.363 74.495
167.867 73.516
168.371 72.849
168.875 71.928
169.379 71.372
169.883 70.383
170.387 69.690
170.892 69.415
171.396 68.820
171.900 68.064
172.404 67.461
172.908 67.274
173.412 67.291
173.916 66.441
174.420 66.269
174.924 66.479
175.428 66.283
175.933 65.776
176.437 65.245
176.941 64.559
177.445 63.522
177.949 63.487
178.453 63.539
178.957 63.548
179.461 63.559
179.965 63.429
180.470 62.689
180.974 62.333
181.478 62.055
181.982 61.734
182.486 61.746
182.990 61.923
183.494 61.764
183.998 61.660
184.502 61.700
185.006 61.312
185.511 61.468
186.015 61.838
186.519 61.539
187.023 60.886
187.527 60.863
188.031 61.047
188.535 60.931
189.039 60.755
189.543 60.515
190.048 60.099
190.552 59.614
191.056 59.498
191.560 59.380
192.064 58.838
192.568 59.245
193.072 59.797
193.576 59.397
194.080 58.844
194.584 58.898
195.089 58.804
195.593 58.815
196.097 58.765
196.601 58.461
197.105 58.696
197.609 58.675
198.113 58.239
198.617 58.198
199.121 58.589
199.625 58.815
200.130 58.844
200.634 58.297
201.138 57.751
201.642 57.831
202.146 57.533
202.650 57.600
203.154 57.327
203.658 56.778
204.162 57.024
204.667 56.832
205.171 56.438
205.675 56.475
206.179 56.057
206.683 56.098
207.187 56.233
207.691 55.950
208.195 55.420
208.699 54.799
209.203 55.005
209.708 55.174
210.212 55.417
210.716 54.839
211.220 54.365
211.724 54.394
212.228 54.686
212.732 54.741
213.236 54.478
213.740 54.323
214.245 54.210
214.749 53.611
215.253 53.129
215.757 53.154
216.261 53.087
216.765 53.503
217.269 53.170
217.773 52.716
218.277 52.995
218.781 52.865
219.286 51.957
219.790 51.656
220.294 51.693
220.798 51.942
221.302 51.479
221.806 51.852
222.310 50.939
222.814 50.404
223.318 50.943
223.823 50.888
224.327 50.650
224.831 50.499
225.335 50.178
225.839 49.587
226.343 49.812
226.847 49.650
227.351 49.294
227.855 48.994
228.359 48.662
228.864 48.185
229.368 48.000
229.872 47.448
230.376 47.404
230.880 47.272
231.384 47.023
231.888 47.047
232.392 46.366
232.896 45.414
233.401 45.353
233.905 44.080
234.409 43.911
234.913 44.145
235.417 43.700
235.921 43.383
236.425 43.181
236.929 42.493
237.433 41.875
237.937 41.546
238.442 40.960
238.946 39.974
239.450 39.776
239.954 40.793
240.458 39.571
240.962 38.589
241.466 37.496
241.970 38.072
242.474 37.261
242.979 36.056
243.483 36.799
243.987 35.643
244.491 34.308
244.995 33.821
245.499 35.194
246.003 34.868
246.507 33.720
247.011 33.345
247.515 33.770
248.020 34.069
248.524 32.002
249.028 31.842
249.532 31.126
250.036 31.333
250.540 30.806
251.044 29.822
251.548 28.974
252.052 29.068
252.556 27.086
253.061 25.253
253.565 26.405
254.069 25.946
254.573 25.222
255.077 26.461
255.581 27.680
256.085 27.311
256.589 25.705
257.093 26.370
257.598 27.099
258.102 26.249
258.606 26.594
259.110 25.921
259.614 24.911
260.118 25.175
260.622 25.278
261.126 25.021
261.630 22.538
262.134 22.812
262.639 24.566
263.143 23.060
263.647 22.798
264.151 23.528
264.655 22.487
265.159 22.838
265.663 23.646
266.167 22.956
266.671 21.959
267.176 21.704
267.680 21.002
268.184 21.450
268.688 22.176
269.192 21.022
269.696 20.198
270.200 20.320
270.704 20.259
271.208 20.452
271.712 21.776
272.217 21.649
272.721 20.245
273.225 20.961
273.729 22.516
274.233 22.601
274.737 21.622
275.241 22.435
275.745 21.955
276.249 21.232
276.754 21.517
277.258 21.579
277.762 21.033
278.266 21.225
278.770 21.378
279.274 21.998
279.778 21.828
280.282 22.022
280.786 22.057
281.290 21.443
281.795 21.776
282.299 21.841
282.803 22.219
283.307 22.647
283.811 21.060
284.315 19.002
284.819 20.253
285.323 22.230
285.827 22.743
286.332 22.037
286.836 22.760
287.340 23.437
287.844 20.425
288.348 21.778
288.852 21.354
289.356 21.636
289.860 21.230
290.364 22.003
290.868 20.074
291.373 20.722
291.877 21.748
292.381 20.551
292.885 20.093
293.389 20.166
293.893 18.957
294.397 19.021
294.901 19.235
295.405 20.277
295.910 19.762
296.414 19.441
296.918 20.997
297.422 20.744
297.926 19.721
298.430 21.950
298.934 22.493
299.438 20.537
299.942 20.303
300.446 19.893
300.951 19.885
301.455 19.011
301.959 22.725
302.463 21.047
302.967 22.341
303.471 21.523
303.975 22.062
304.479 21.270
304.983 23.186
305.487 23.000
