0.000 22.000
0.288 20.795
0.577 21.925
0.865 21.696
1.153 19.941
1.441 19.340
1.730 20.213
2.018 20.926
2.306 21.322
2.594 21.793
2.883 21.228
3.171 22.423
3.459 22.697
3.747 21.529
4.036 19.778
4.324 20.445
4.612 20.085
4.901 21.228
5.189 21.431
5.477 20.237
5.765 19.222
6.054 21.030
6.342 21.931
6.630 24.162
6.918 21.493
7.207 20.778
7.495 21.712
7.783 20.135
8.072 17.077
8.360 20.938
8.648 21.526
8.936 19.327
9.225 18.901
9.513 19.580
9.801 19.746
10.089 19.882
10.378 19.641
10.666 21.535
10.954 21.413
11.242 19.083
11.531 16.903
11.819 17.881
12.107 18.468
12.396 18.037
12.684 17.787
12.972 20.437
13.260 20.554
13.549 21.120
13.837 21.497
14.125 20.959
14.413 20.965
14.702 16.464
14.990 21.725
15.278 21.572
15.567 20.847
15.855 20.320
16.143 19.187
16.431 19.571
16.720 20.326
17.008 19.982
17.296 19.781
17.584 19.646
17.873 20.458
18.161 22.281
18.449 20.698
18.737 22.833
19.026 21.882
19.314 19.526
19.602 16.170
19.891 16.443
20.179 17.142
20.467 19.656
20.755 22.922
21.044 21.158
21.332 19.378
21.620 20.648
21.908 21.268
22.197 22.073
22.485 23.622
22.773 22.061
23.061 21.243
23.350 21.659
23.638 20.832
23.926 20.613
24.215 19.578
24.503 19.568
24.791 18.304
25.079 19.550
25.368 22.136
25.656 22.301
25.944 21.127
26.232 21.780
26.521 23.475
26.809 22.588
27.097 20.589
27.386 19.681
27.674 21.724
27.962 20.012
28.250 21.013
28.539 20.414
28.827 19.642
29.115 19.577
29.403 18.220
29.692 18.506
29.980 19.195
30.268 20.022
30.556 20.587
30.845 21.998
31.133 21.968
31.421 21.358
31.710 21.335
31.998 20.905
32.286 21.172
32.574 22.663
32.863 20.427
33.151 21.506
33.439 22.150
33.727 22.312
34.016 22.539
34.304 22.471
34.592 23.224
34.881 23.992
35.169 24.668
35.457 26.586
35.745 25.610
36.034 24.378
36.322 24.098
36.610 25.475
36.898 25.837
37.187 25.395
37.475 23.151
37.763 24.810
38.051 24.730
38.340 25.072
38.628 26.174
38.916 27.018
39.205 27.928
39.493 29.139
39.781 29.263
40.069 29.799
40.358 27.937
40.646 26.813
40.934 29.466
41.222 30.104
41.511 28.571
41.799 29.224
42.087 29.898
42.376 30.929
42.664 31.404
42.952 32.364
43.240 31.243
43.529 31.532
43.817 33.215
44.105 33.907
44.393 35.034
44.682 35.808
44.970 35.239
45.258 33.657
45.546 35.913
45.835 36.323
46.123 36.878
46.411 37.709
46.700 38.402
46.988 40.183
47.276 40.810
47.564 40.876
47.853 41.311
48.141 42.839
48.429 42.846
48.717 43.317
49.006 44.279
49.294 44.088
49.582 44.821
49.870 45.368
50.159 46.139
50.447 46.769
50.735 46.686
51.024 47.895
51.312 48.550
51.600 48.578
51.888 48.816
52.177 49.795
52.465 50.064
52.753 50.154
53.041 50.872
53.330 51.357
53.618 51.862
53.906 52.338
54.195 52.613
54.483 52.943
54.771 53.011
55.059 53.337
55.348 53.820
55.636 54.632
55.924 54.407
56.212 54.847
56.501 55.174
56.789 55.221
57.077 54.877
57.365 55.001
57.654 55.447
57.942 55.549
58.230 56.164
58.519 56.687
58.807 56.963
59.095 56.822
59.383 56.882
59.672 56.898
59.960 57.224
60.248 57.833
60.536 57.453
60.825 58.335
61.113 58.175
61.401 57.953
61.690 58.441
61.978 58.340
62.266 58.909
62.554 59.589
62.843 59.409
63.131 59.616
63.419 59.798
63.707 60.148
63.996 60.000
64.284 60.221
64.572 60.374
64.860 60.796
65.149 61.136
65.437 61.321
65.725 62.068
66.014 62.169
66.302 62.395
66.590 62.506
66.878 63.070
67.167 62.884
67.455 64.093
67.743 64.242
68.031 64.377
68.320 64.699
68.608 64.413
68.896 64.935
69.184 65.260
69.473 65.488
69.761 65.758
70.049 66.349
70.338 66.538
70.626 66.728
70.914 66.866
71.202 66.871
71.491 67.235
71.779 68.140
72.067 68.031
72.355 68.483
72.644 69.038
72.932 69.576
73.220 69.732
73.509 70.006
73.797 70.448
74.085 70.889
74.373 71.494
74.662 72.133
74.950 72.719
75.238 72.343
75.526 72.731
75.815 73.309
76.103 73.471
76.391 73.972
76.679 74.363
76.968 74.839
77.256 75.182
77.544 75.177
77.833 75.868
78.121 76.459
78.409 76.830
78.697 76.973
78.986 77.518
79.274 77.919
79.562 78.174
79.850 78.430
80.139 79.549
80.427 80.058
80.715 80.870
81.004 81.144
81.292 81.418
81.580 81.894
81.868 82.614
82.157 82.469
82.445 82.634
82.733 83.199
83.021 84.215
83.310 84.088
83.598 85.166
83.886 85.780
84.174 86.126
84.463 86.640
84.751 87.760
85.039 88.309
85.328 88.153
85.616 88.595
85.904 89.358
86.192 90.279
86.481 90.879
86.769 91.603
87.057 92.905
87.345 93.531
87.634 94.214
87.922 95.084
88.210 95.620
88.498 96.354
88.787 96.979
89.075 97.752
89.363 98.701
89.652 100.165
89.940 100.579
90.228 101.135
90.516 102.122
90.805 103.086
91.093 104.357
91.381 105.473
91.669 106.676
91.958 107.487
92.246 108.250
92.534 109.765
92.823 110.813
93.111 112.350
93.399 113.575
93.687 114.397
93.976 116.025
94.264 117.366
94.552 118.334
94.840 119.537
95.129 121.299
95.417 122.714
95.705 124.173
95.993 125.567
96.282 126.714
96.570 128.134
96.858 130.078
97.147 131.736
97.435 133.059
97.723 134.163
98.011 135.110
98.300 135.763
98.588 136.834
98.876 137.595
99.164 138.181
99.453 139.369
99.741 140.385
100.029 141.426
100.318 142.877
100.606 144.381
100.894 145.557
101.182 147.051
101.471 150.001
101.759 153.314
102.047 157.000
102.335 162.102
102.624 167.482
102.912 169.614
103.200 169.969
103.488 170.000
103.777 170.000
104.065 170.000
104.353 170.000
104.642 170.000
104.930 170.000
105.218 170.000
105.506 170.000
105.795 170.000
106.083 170.000
106.371 170.000
106.659 170.000
106.948 170.000
107.236 170.000
107.524 170.000
107.813 170.000
108.101 170.000
108.389 170.000
108.677 170.000
108.966 170.000
109.254 170.000
109.542 170.000
109.830 170.000
110.119 170.000
110.407 170.000
110.695 170.000
110.983 170.000
111.272 170.000
111.560 170.000
111.848 170.000
112.137 170.000
112.425 170.000
112.713 170.000
113.001 170.000
113.290 170.000
113.578 170.000
113.866 170.000
114.154 170.000
114.443 170.000
114.731 170.000
115.019 170.000
115.307 170.000
115.596 170.000
115.884 170.000
116.172 170.000
116.461 170.000
116.749 170.000
117.037 170.000
117.325 170.000
117.614 170.000
117.902 170.000
118.190 170.000
118.478 170.000
118.767 168.765
119.055 164.308
119.343 157.409
119.632 147.667
119.920 143.144
120.208 140.551
120.496 136.882
120.785 130.960
121.073 127.252
121.361 123.547
121.649 118.349
121.938 114.585
122.226 112.185
122.514 109.008
122.802 107.795
123.091 106.192
123.379 103.967
123.667 101.661
123.956 100.602
124.244 100.067
124.532 98.243
124.820 97.016
125.109 95.369
125.397 93.856
125.685 92.593
125.973 91.630
126.262 90.160
126.550 89.087
126.838 87.581
127.127 85.704
127.415 84.633
127.703 83.809
127.991 82.308
128.280 81.328
128.568 79.940
128.856 78.717
129.144 77.378
129.433 76.863
129.721 75.006
130.009 73.710
130.297 72.724
130.586 71.907
130.874 69.912
131.162 69.589
131.451 68.771
131.739 67.893
132.027 66.708
132.315 65.278
132.604 64.264
132.892 63.234
133.180 62.587
133.468 61.905
133.757 61.723
134.045 60.698
134.333 60.328
134.621 59.231
134.910 58.338
135.198 58.133
135.486 56.937
135.775 56.388
136.063 55.661
136.351 55.083
136.639 54.482
136.928 54.282
137.216 53.108
137.504 52.472
137.792 52.333
138.081 51.788
138.369 51.299
138.657 51.243
138.946 50.949
139.234 49.931
139.522 48.842
139.810 48.377
140.099 47.858
140.387 47.731
140.675 47.553
140.963 46.392
141.252 45.878
141.540 45.672
141.828 45.417
142.116 44.667
142.405 44.672
142.693 44.315
142.981 43.738
143.270 43.264
143.558 43.075
143.846 42.343
144.134 42.144
144.423 42.092
144.711 41.960
144.999 41.401
145.287 41.136
145.576 39.808
145.864 39.992
146.152 39.814
146.441 39.613
146.729 39.516
147.017 39.123
147.305 38.838
147.594 38.861
147.882 38.356
148.170 38.111
148.458 37.751
148.747 37.527
149.035 37.816
149.323 37.776
149.611 38.448
149.900 37.612
150.188 36.091
150.476 36.978
150.765 36.587
151.053 35.999
151.341 36.627
151.629 36.649
151.918 35.284
152.206 37.174
152.494 35.166
152.782 34.376
153.071 33.707
153.359 33.588
153.647 33.935
153.936 33.264
154.224 33.012
154.512 32.608
154.800 31.787
155.089 32.576
155.377 34.064
155.665 33.995
155.953 34.092
156.242 33.890
156.530 32.256
156.818 31.097
157.106 32.412
157.395 31.734
157.683 32.138
157.971 32.479
158.260 32.849
158.548 31.782
158.836 33.608
159.124 33.894
159.413 35.471
159.701 34.974
159.989 34.060
160.277 35.268
160.566 33.991
160.854 32.816
161.142 34.817
161.430 34.104
161.719 32.373
162.007 32.600
162.295 31.476
162.584 31.964
162.872 31.516
163.160 30.716
163.448 33.254
163.737 31.135
164.025 31.801
164.313 32.454
164.601 31.277
164.890 28.690
165.178 27.804
165.466 27.214
165.755 27.689
166.043 28.295
166.331 30.001
166.619 26.362
166.908 25.850
167.196 26.092
167.484 27.112
167.772 29.410
168.061 28.753
168.349 25.338
168.637 26.072
168.925 26.036
169.214 27.468
169.502 27.382
169.790 27.795
170.079 26.241
170.367 25.374
170.655 23.763
170.943 23.724
171.232 25.340
171.520 25.107
171.808 21.628
172.096 22.604
172.385 22.940
172.673 23.479
172.961 23.734
173.250 23.415
173.538 21.299
173.826 23.145
174.114 25.569
174.403 25.409
174.691 23.939
174.979 23.639
175.267 22.247
175.556 22.774
175.844 23.282
176.132 22.803
176.420 22.589
176.709 21.537
176.997 21.469
177.285 21.368
177.574 20.816
177.862 21.125
178.150 21.505
178.438 18.338
178.727 18.524
179.015 18.850
179.303 19.909
179.591 20.619
179.880 19.016
180.168 18.097
180.456 18.639
180.744 19.123
181.033 18.962
181.321 18.943
181.609 18.847
181.898 18.914
182.186 17.147
182.474 16.987
182.762 18.646
183.051 20.726
183.339 21.709
183.627 21.022
183.915 20.473
184.204 20.815
184.492 21.007
184.780 21.681
185.069 17.872
185.357 17.719
185.645 19.767
185.933 20.639
186.222 21.911
186.510 19.953
186.798 18.783
187.086 17.234
187.375 18.138
187.663 18.955
187.951 17.750
188.239 18.268
188.528 18.456
188.816 18.672
189.104 19.806
189.393 21.464
189.681 21.810
189.969 19.048
190.257 20.131
190.546 21.535
190.834 21.807
191.122 21.814
191.410 20.592
191.699 19.533
191.987 19.095
192.275 17.964
192.564 18.746
192.852 20.186
193.140 18.571
193.428 18.497
193.717 19.356
194.005 20.531
194.293 19.801
194.581 16.977
194.870 17.059
195.158 19.499
195.446 19.617
195.734 18.103
196.023 18.649
196.311 17.707
196.599 18.221
196.888 19.535
197.176 20.018
197.464 18.880
197.752 17.676
198.041 17.359
198.329 17.371
198.617 19.985
198.905 22.180
199.194 20.700
199.482 19.535
199.770 19.690
200.059 20.168
200.347 19.799
200.635 19.432
200.923 18.210
201.212 17.783
201.500 20.376
201.788 20.177
202.076 19.535
202.365 18.258
202.653 16.917
202.941 18.451
203.229 19.281
203.518 18.027
203.806 17.176
204.094 19.260
204.383 18.771
204.671 16.357
204.959 15.440
205.247 18.926
205.536 21.185
205.824 19.834
206.112 18.108
206.400 17.920
206.689 18.197
206.977 17.204
207.265 17.988
207.553 20.235
207.842 19.442
208.130 18.708
208.418 17.251
208.707 18.586
208.995 19.924
209.283 17.680
209.571 17.841
209.860 20.099
210.148 22.580
210.436 22.921
210.724 20.772
211.013 18.906
211.301 18.431
211.589 19.640
211.878 20.415
212.166 19.865
212.454 18.672
212.742 19.746
213.031 20.330
213.319 21.077
213.607 21.617
213.895 20.587
214.184 21.709
214.472 21.091
214.760 20.171
215.048 20.233
215.337 21.130
215.625 22.190
215.913 18.815
216.202 19.392
216.490 21.030
216.778 20.091
217.066 18.906
217.355 21.128
217.643 22.384
217.931 20.334
218.219 18.927
218.508 19.705
218.796 20.890
219.084 20.295
219.372 19.528
219.661 18.470
219.949 18.642
220.237 19.698
220.526 19.982
220.814 22.124
221.102 20.912
221.390 19.572
221.679 19.232
221.967 19.195
222.255 20.000
