0.000 20.667
0.339 20.093
0.678 20.151
1.018 21.426
1.357 24.037
1.696 22.716
2.035 22.018
2.374 22.665
2.714 21.815
3.053 23.815
3.392 23.270
3.731 22.770
4.070 22.982
4.410 23.400
4.749 21.680
5.088 18.304
5.427 20.461
5.766 20.800
6.106 20.752
6.445 19.732
6.784 21.650
7.123 22.717
7.462 22.219
7.802 24.242
8.141 23.906
8.480 22.115
8.819 22.334
9.158 23.310
9.498 24.062
9.837 23.207
10.176 24.593
10.515 24.332
10.855 24.049
11.194 22.547
11.533 20.846
11.872 20.191
12.211 22.589
12.551 23.109
12.890 22.854
13.229 23.682
13.568 22.354
13.907 22.901
14.247 24.928
14.586 23.423
14.925 23.147
15.264 23.483
15.603 23.879
15.943 22.240
16.282 19.608
16.621 22.115
16.960 24.221
17.299 23.836
17.639 23.871
17.978 24.081
18.317 24.145
18.656 26.356
18.995 25.329
19.335 23.385
19.674 20.890
20.013 24.575
20.352 25.054
20.691 25.512
21.031 24.657
21.370 26.013
21.709 25.438
22.048 26.242
22.387 27.652
22.727 28.594
23.066 27.495
23.405 27.872
23.744 28.354
24.083 28.243
24.423 30.406
24.762 30.419
25.101 30.144
25.440 30.179
25.779 32.867
26.119 32.435
26.458 31.103
26.797 31.712
27.136 32.653
27.475 33.371
27.815 32.162
28.154 32.170
28.493 32.736
28.832 33.035
29.172 31.648
29.511 31.399
29.850 33.219
30.189 34.510
30.528 36.390
30.868 36.103
31.207 36.865
31.546 36.435
31.885 37.570
32.224 38.327
32.564 37.461
32.903 37.051
33.242 37.753
33.581 37.890
33.920 38.449
34.260 38.511
34.599 38.811
34.938 40.178
35.277 40.731
35.616 40.713
35.956 40.427
36.295 41.246
36.634 41.380
36.973 42.020
37.312 42.500
37.652 42.622
37.991 43.375
38.330 43.486
38.669 43.512
39.008 43.391
39.348 44.039
39.687 44.570
40.026 44.375
40.365 45.456
40.704 45.779
41.044 45.386
41.383 45.880
41.722 46.142
42.061 46.123
42.400 46.530
42.740 46.933
43.079 46.834
43.418 47.193
43.757 47.667
44.096 47.667
44.436 47.935
44.775 47.957
45.114 48.267
45.453 48.434
45.792 48.422
46.132 48.651
46.471 48.667
46.810 49.094
47.149 48.995
47.488 49.537
47.828 49.880
48.167 50.132
48.506 50.221
48.845 50.267
49.185 50.019
49.524 50.229
49.863 50.773
50.202 51.320
50.541 51.736
50.881 51.721
51.220 52.299
51.559 51.910
51.898 51.747
52.237 51.795
52.577 52.055
52.916 52.304
53.255 52.306
53.594 52.841
53.933 53.231
54.273 53.667
54.612 53.449
54.951 53.925
55.290 54.106
55.629 53.723
55.969 54.643
56.308 55.190
56.647 54.819
56.986 54.799
57.325 55.270
57.665 55.678
58.004 55.700
58.343 56.000
58.682 56.177
59.021 56.570
59.361 57.148
59.700 56.886
60.039 57.041
60.378 57.667
60.717 57.952
61.057 57.691
61.396 58.103
61.735 58.694
62.074 59.023
62.413 59.354
62.753 59.632
63.092 59.601
63.431 59.828
63.770 60.548
64.109 60.928
64.449 61.491
64.788 60.991
65.127 61.741
65.466 61.786
65.805 62.124
66.145 62.591
66.484 62.980
66.823 62.759
67.162 63.093
67.501 63.445
67.841 63.952
68.180 64.084
68.519 64.458
68.858 64.775
69.198 65.469
69.537 65.758
69.876 66.030
70.215 66.137
70.554 66.382
70.894 66.881
71.233 67.249
71.572 67.665
71.911 67.894
72.250 68.390
72.590 68.986
72.929 69.414
73.268 69.476
73.607 69.944
73.946 70.620
74.286 70.794
74.625 71.652
74.964 72.275
75.303 72.803
75.642 73.297
75.982 73.269
76.321 73.258
76.660 73.503
76.999 74.247
77.338 75.162
77.678 75.528
78.017 75.727
78.356 76.614
78.695 76.648
79.034 77.424
79.374 77.767
79.713 78.066
80.052 78.670
80.391 79.123
80.730 79.771
81.070 80.242
81.409 80.925
81.748 81.662
82.087 82.114
82.426 82.946
82.766 83.410
83.105 84.616
83.444 84.871
83.783 85.693
84.122 86.629
84.462 86.895
84.801 87.232
85.140 88.696
85.479 89.598
85.818 90.258
86.158 90.638
86.497 91.693
86.836 92.532
87.175 93.721
87.515 94.576
87.854 95.593
88.193 96.544
88.532 97.982
88.871 98.954
89.211 99.200
89.550 100.558
89.889 101.930
90.228 102.919
90.567 104.088
90.907 105.334
91.246 106.356
91.585 107.353
91.924 108.549
92.263 110.463
92.603 111.652
92.942 112.600
93.281 114.193
93.620 115.872
93.959 117.632
94.299 118.815
94.638 121.010
94.977 122.961
95.316 123.764
95.655 125.513
95.995 127.187
96.334 128.931
96.673 129.848
97.012 131.217
97.351 132.658
97.691 134.520
98.030 135.884
98.369 136.834
98.708 137.643
99.047 138.579
99.387 139.365
99.726 140.557
100.065 142.043
100.404 143.956
100.743 145.745
101.083 148.635
101.422 151.580
101.761 159.107
102.100 167.091
102.439 169.399
102.779 169.942
103.118 170.000
103.457 170.000
103.796 170.000
104.135 170.000
104.475 170.000
104.814 170.000
105.153 170.000
105.492 170.000
105.831 170.000
106.171 170.000
106.510 170.000
106.849 170.000
107.188 170.000
107.528 170.000
107.867 170.000
108.206 170.000
108.545 170.000
108.884 170.000
109.224 170.000
109.563 170.000
109.902 170.000
110.241 170.000
110.580 170.000
110.920 170.000
111.259 170.000
111.598 170.000
111.937 170.000
112.276 170.000
112.616 170.000
112.955 170.000
113.294 170.000
113.633 170.000
113.972 170.000
114.312 170.000
114.651 170.000
114.990 170.000
115.329 170.000
115.668 170.000
116.008 170.000
116.347 170.000
116.686 170.000
117.025 170.000
117.364 170.000
117.704 170.000
118.043 170.000
118.382 170.000
118.721 170.000
119.060 170.000
119.400 170.000
119.739 170.000
120.078 170.000
120.417 170.000
120.756 170.000
121.096 170.000
121.435 170.000
121.774 169.706
122.113 168.293
122.452 165.063
122.792 161.616
123.131 155.112
123.470 149.356
123.809 145.886
124.148 141.995
124.488 138.797
124.827 135.800
125.166 135.097
125.505 133.858
125.844 131.360
126.184 127.444
126.523 124.845
126.862 121.535
127.201 119.025
127.541 117.697
127.880 116.181
128.219 113.550
128.558 111.231
128.897 109.762
129.237 108.643
129.576 107.078
129.915 105.125
130.254 103.712
130.593 102.269
130.933 100.735
131.272 99.984
131.611 99.162
131.950 97.919
132.289 96.085
132.629 95.102
132.968 94.148
133.307 93.035
133.646 91.776
133.985 90.910
134.325 89.738
134.664 88.714
135.003 87.666
135.342 86.427
135.681 85.354
136.021 84.627
136.360 83.798
136.699 82.019
137.038 80.929
137.377 80.634
137.717 80.193
138.056 78.933
138.395 77.930
138.734 77.596
139.073 76.852
139.413 75.615
139.752 74.915
140.091 73.787
140.430 73.043
140.769 72.538
141.109 71.985
141.448 70.956
141.787 69.635
142.126 68.706
142.465 68.315
142.805 67.695
143.144 66.658
143.483 66.417
143.822 65.696
144.161 65.007
144.501 64.589
144.840 64.108
145.179 63.338
145.518 62.796
145.857 62.539
146.197 61.471
146.536 60.565
146.875 60.677
147.214 60.558
147.554 59.565
147.893 59.497
148.232 59.523
148.571 59.195
148.910 58.102
149.250 57.313
149.589 56.981
149.928 56.153
150.267 56.000
150.606 55.670
150.946 55.594
151.285 54.586
151.624 54.089
151.963 54.275
152.302 53.632
152.642 52.969
152.981 52.911
153.320 52.233
153.659 51.326
153.998 51.021
154.338 51.361
154.677 51.328
155.016 50.606
155.355 49.795
155.694 49.298
156.034 49.207
156.373 49.167
156.712 48.690
157.051 48.565
157.390 48.418
157.730 48.583
158.069 48.543
158.408 47.737
158.747 47.381
159.086 47.135
159.426 47.050
159.765 46.972
160.104 46.050
160.443 45.826
160.782 45.755
161.122 45.264
161.461 45.068
161.800 45.239
162.139 44.605
162.478 44.124
162.818 43.781
163.157 44.009
163.496 44.156
163.835 44.630
164.174 43.972
164.514 43.110
164.853 42.418
165.192 42.657
165.531 42.906
165.871 42.666
166.210 42.618
166.549 42.222
166.888 41.847
167.227 41.906
167.567 42.103
167.906 41.019
168.245 41.076
168.584 40.902
168.923 40.423
169.263 40.266
169.602 40.414
169.941 40.329
170.280 39.799
170.619 39.933
170.959 38.937
171.298 38.882
171.637 38.133
171.976 38.145
172.315 39.022
172.655 37.990
172.994 38.087
173.333 36.792
173.672 36.281
174.011 36.950
174.351 36.048
174.690 35.393
175.029 34.421
175.368 34.543
175.707 34.240
176.047 34.500
176.386 34.407
176.725 33.255
177.064 34.593
177.403 33.559
177.743 32.076
178.082 31.414
178.421 32.596
178.760 32.750
179.099 32.221
179.439 30.567
179.778 30.356
180.117 31.663
180.456 31.283
180.795 31.375
181.135 31.212
181.474 31.431
181.813 32.543
182.152 31.442
182.491 30.421
182.831 31.096
183.170 32.941
183.509 29.630
183.848 27.468
184.188 26.871
184.527 27.115
184.866 28.414
185.205 28.273
185.544 26.082
185.884 26.059
186.223 28.475
186.562 27.010
186.901 25.715
187.240 26.666
187.580 26.196
187.919 25.930
188.258 26.031
188.597 23.862
188.936 23.039
189.276 24.136
189.615 25.168
189.954 24.471
190.293 22.475
190.632 22.663
190.972 21.865
191.311 20.104
191.650 20.530
191.989 20.369
192.328 20.868
192.668 21.766
193.007 21.854
193.346 22.195
193.685 19.832
194.024 18.793
194.364 18.599
194.703 20.296
195.042 19.148
195.381 18.039
195.720 18.933
196.060 20.750
196.399 21.844
196.738 20.719
197.077 19.825
197.416 19.273
197.756 19.764
198.095 20.138
198.434 18.410
198.773 17.762
199.112 18.010
199.452 18.534
199.791 18.513
200.130 19.653
200.469 15.879
200.808 19.388
201.148 20.588
201.487 19.860
201.826 18.253
202.165 18.815
202.504 20.867
202.844 19.122
203.183 17.406
203.522 18.743
203.861 20.000
204.201 20.552
204.540 19.894
204.879 20.705
205.218 19.044
205.557 18.047
205.897 16.589
206.236 16.997
206.575 17.503
206.914 20.430
207.253 18.482
207.593 20.302
207.932 22.363
208.271 21.301
208.610 20.273
208.949 19.556
209.289 18.282
209.628 18.714
209.967 18.525
210.306 19.723
210.645 20.610
210.985 20.162
211.324 18.865
211.663 19.083
212.002 19.040
212.341 20.289
212.681 20.191
213.020 19.742
213.359 21.010
213.698 20.998
214.037 19.299
214.377 18.135
214.716 18.657
215.055 18.170
215.394 18.829
215.733 18.841
216.073 18.252
216.412 18.399
216.751 18.964
217.090 18.868
217.429 19.820
217.769 18.108
218.108 18.098
218.447 19.026
218.786 20.718
219.125 20.492
219.465 17.337
219.804 18.529
220.143 22.554
220.482 19.714
220.821 19.042
221.161 16.619
221.500 18.208
221.839 18.400
222.178 20.260
222.517 20.627
222.857 20.728
223.196 20.059
223.535 17.750
223.874 17.142
224.214 19.371
224.553 20.145
224.892 20.263
225.231 19.088
225.570 19.103
225.910 18.118
226.249 18.004
226.588 20.954
226.927 20.531
227.266 19.567
227.606 19.417
227.945 20.333
228.284 18.000
