0.000 21.000
0.506 23.077
1.011 21.462
1.517 18.120
2.023 17.102
2.528 19.216
3.034 23.082
3.540 24.379
4.045 24.343
4.551 20.671
5.057 20.484
5.563 18.475
6.068 20.610
6.574 21.919
7.080 22.847
7.585 24.074
8.091 22.961
8.597 24.350
9.102 24.222
9.608 23.980
10.114 23.628
10.619 27.023
11.125 26.445
11.631 25.033
12.136 28.952
12.642 26.639
13.148 26.490
13.653 27.382
14.159 30.037
14.665 30.128
15.171 31.223
15.676 31.560
16.182 30.018
16.688 30.579
17.193 30.162
17.699 31.113
18.205 32.128
18.710 32.628
19.216 33.279
19.722 33.794
20.227 33.781
20.733 34.650
21.239 33.867
21.744 36.260
22.250 36.906
22.756 36.626
23.261 39.011
23.767 40.448
24.273 41.208
24.779 41.614
25.284 41.971
25.790 43.012
26.296 43.364
26.801 45.168
27.307 45.507
27.813 46.193
28.318 47.151
28.824 47.284
29.330 48.087
29.835 49.140
30.341 49.597
30.847 49.709
31.352 50.417
31.858 50.909
32.364 52.164
32.869 52.762
33.375 52.970
33.881 53.781
34.387 54.278
34.892 54.850
35.398 55.216
35.904 55.078
36.409 56.012
36.915 56.530
37.421 56.769
37.926 57.031
38.432 57.714
38.938 58.248
39.443 58.667
39.949 59.110
40.455 59.299
40.960 59.618
41.466 60.184
41.972 60.571
42.478 60.213
42.983 60.607
43.489 61.263
43.995 61.537
44.500 61.522
45.006 61.870
45.512 61.837
46.017 61.868
46.523 61.978
47.029 62.666
47.534 63.214
48.040 63.337
48.546 63.521
49.051 63.760
49.557 63.971
50.063 64.214
50.568 64.353
51.074 64.428
51.580 64.236
52.086 64.254
52.591 64.554
53.097 64.859
53.603 64.785
54.108 65.309
54.614 65.579
55.120 65.616
55.625 65.731
56.131 66.270
56.637 66.722
57.142 66.932
57.648 67.227
58.154 66.974
58.659 67.412
59.165 68.157
59.671 68.526
60.176 68.646
60.682 68.648
61.188 68.667
61.694 69.005
62.199 69.720
62.705 70.107
63.211 70.144
63.716 70.373
64.222 70.920
64.728 71.444
65.233 71.847
65.739 72.576
66.245 72.802
66.750 72.782
67.256 73.198
67.762 73.381
68.267 74.081
68.773 74.481
69.279 74.888
69.784 75.394
70.290 75.781
70.796 76.236
71.302 76.554
71.807 76.665
72.313 76.977
72.819 77.456
73.324 77.582
73.830 78.082
74.336 78.847
74.841 79.087
75.347 79.444
75.853 80.176
76.358 80.759
76.864 81.119
77.370 81.501
77.875 81.999
78.381 82.446
78.887 82.900
79.392 83.450
79.898 83.829
80.404 84.090
80.910 84.317
81.415 84.877
81.921 85.601
82.427 86.118
82.932 86.821
83.438 87.643
83.944 88.301
84.449 88.742
84.955 89.039
85.461 89.784
85.966 90.464
86.472 90.905
86.978 91.771
87.483 92.381
87.989 92.726
88.495 93.696
89.000 94.277
89.506 94.740
90.012 95.597
90.518 96.475
91.023 97.313
91.529 97.840
92.035 98.310
92.540 98.768
93.046 99.356
93.552 100.027
94.057 100.839
94.563 101.595
95.069 102.505
95.574 103.584
96.080 104.325
96.586 105.064
97.091 105.805
97.597 106.640
98.103 106.974
98.608 107.938
99.114 109.242
99.620 109.865
100.126 110.753
100.631 111.922
101.137 112.819
101.643 114.013
102.148 114.790
102.654 115.413
103.160 116.783
103.665 118.222
104.171 119.171
104.677 120.602
105.182 122.010
105.688 123.180
106.194 123.852
106.699 126.014
107.205 128.502
107.711 130.388
108.216 132.468
108.722 133.635
109.228 134.485
109.734 135.675
110.239 136.425
110.745 137.433
111.251 138.856
111.756 140.135
112.262 141.704
112.768 143.033
113.273 144.916
113.779 147.872
114.285 149.742
114.790 152.659
115.296 158.425
115.802 161.440
116.307 164.974
116.813 166.260
117.319 168.181
117.824 170.000
118.330 170.000
118.836 170.000
119.342 170.000
119.847 170.000
120.353 170.000
120.859 170.000
121.364 170.000
121.870 170.000
122.376 170.000
122.881 170.000
123.387 170.000
123.893 170.000
124.398 170.000
124.904 170.000
125.410 170.000
125.915 170.000
126.421 170.000
126.927 170.000
127.432 170.000
127.938 170.000
128.444 170.000
128.950 170.000
129.455 170.000
129.961 170.000
130.467 170.000
130.972 170.000
131.478 170.000
131.984 170.000
132.489 170.000
132.995 170.000
133.501 170.000
134.006 170.000
134.512 170.000
135.018 170.000
135.523 170.000
136.029 170.000
136.535 170.000
137.040 170.000
137.546 170.000
138.052 170.000
138.558 170.000
139.063 170.000
139.569 170.000
140.075 170.000
140.580 170.000
141.086 170.000
141.592 169.930
142.097 168.959
142.603 166.171
143.109 159.006
143.614 153.384
144.120 145.951
144.626 142.848
145.131 140.076
145.637 136.362
146.143 133.895
146.649 130.605
147.154 124.669
147.660 122.162
148.166 117.207
148.671 115.101
149.177 112.952
149.683 109.920
150.188 108.209
150.694 104.720
151.200 104.296
151.705 102.956
152.211 101.162
152.717 100.128
153.222 98.665
153.728 98.555
154.234 97.401
154.739 96.996
155.245 96.028
155.751 95.653
156.257 94.340
156.762 93.933
157.268 93.340
157.774 93.208
158.279 93.003
158.785 92.021
159.291 92.119
159.796 91.304
160.302 90.487
160.808 90.408
161.313 89.380
161.819 88.637
162.325 88.525
162.830 87.560
163.336 86.827
163.842 86.927
164.347 85.911
164.853 84.966
165.359 84.582
165.865 83.972
166.370 83.229
166.876 81.832
167.382 81.975
167.887 80.769
168.393 80.313
168.899 79.802
169.404 78.559
169.910 77.789
170.416 77.369
170.921 76.680
171.427 76.158
171.933 75.413
172.438 75.284
172.944 74.492
173.450 72.858
173.955 72.638
174.461 72.802
174.967 71.944
175.473 71.773
175.978 71.094
176.484 70.135
176.990 69.937
177.495 69.337
178.001 69.037
178.507 68.716
179.012 68.403
179.518 68.036
180.024 66.609
180.529 66.623
181.035 66.795
181.541 66.110
182.046 65.584
182.552 65.623
183.058 65.046
183.563 64.788
184.069 64.136
184.575 63.570
185.081 63.869
185.586 63.183
186.092 62.962
186.598 62.133
187.103 61.791
187.609 61.525
188.115 61.077
188.620 60.602
189.126 60.686
189.632 60.773
190.137 59.959
190.643 59.676
191.149 59.153
191.654 58.771
192.160 58.310
192.666 57.978
193.171 57.713
193.677 57.524
194.183 57.239
194.689 57.322
195.194 56.770
195.700 56.752
196.206 56.474
196.711 56.115
197.217 56.002
197.723 55.763
198.228 55.873
198.734 55.312
199.240 54.715
199.745 54.629
200.251 54.184
200.757 54.147
201.262 53.675
201.768 53.766
202.274 53.749
202.779 53.203
203.285 53.000
203.791 52.508
204.297 52.353
204.802 52.415
205.308 52.368
205.814 51.843
206.319 51.889
206.825 51.571
207.331 50.889
207.836 51.109
208.342 50.745
208.848 50.352
209.353 50.114
209.859 49.981
210.365 49.942
210.870 49.755
211.376 49.526
211.882 49.354
212.387 49.017
212.893 48.927
213.399 49.218
213.905 49.176
214.410 49.020
214.916 48.401
215.422 48.212
215.927 48.355
216.433 48.193
216.939 48.036
217.444 47.943
217.950 47.762
218.456 47.977
218.961 47.963
219.467 47.708
219.973 47.429
220.478 47.456
220.984 47.257
221.490 47.179
221.995 46.918
222.501 46.477
223.007 46.199
223.513 46.172
224.018 45.691
224.524 45.801
225.030 45.756
225.535 45.141
226.041 44.862
226.547 44.725
227.052 44.672
227.558 44.634
228.064 44.270
228.569 43.962
229.075 43.548
229.581 43.204
230.086 43.350
230.592 42.831
231.098 42.246
231.604 42.194
232.109 41.725
232.615 41.218
233.121 41.327
233.626 41.646
234.132 40.653
234.638 39.455
235.143 38.886
235.649 38.794
236.155 38.918
236.660 38.698
237.166 37.919
237.672 37.300
238.177 37.871
238.683 38.609
239.189 38.332
239.694 37.103
240.200 35.504
240.706 35.235
241.212 35.647
241.717 35.455
242.223 34.430
242.729 32.906
243.234 32.199
243.740 33.292
244.246 33.579
244.751 33.942
245.257 33.482
245.763 31.507
246.268 28.924
246.774 27.866
247.280 28.525
247.785 28.624
248.291 30.336
248.797 31.520
249.302 30.748
249.808 30.163
250.314 30.748
250.820 31.263
251.325 30.592
251.831 29.439
252.337 27.596
252.842 27.283
253.348 28.011
253.854 26.026
254.359 25.452
254.865 27.285
255.371 28.337
255.876 26.852
256.382 23.489
256.888 23.580
257.393 24.678
257.899 24.548
258.405 24.208
258.910 23.433
259.416 22.249
259.922 22.312
260.428 21.782
260.933 21.964
261.439 23.393
261.945 23.287
262.450 21.230
262.956 18.590
263.462 18.919
263.967 19.500
264.473 18.821
264.979 21.106
265.484 22.741
265.990 22.192
266.496 22.098
267.001 21.020
267.507 19.863
268.013 19.927
268.518 19.896
269.024 19.918
269.530 20.425
270.036 20.423
270.541 21.332
271.047 21.743
271.553 21.912
272.058 24.463
272.564 24.337
273.070 23.271
273.575 20.016
274.081 18.842
274.587 20.864
275.092 19.614
275.598 18.151
276.104 18.390
276.609 21.307
277.115 20.775
277.621 19.395
278.126 19.146
278.632 19.938
279.138 18.656
279.644 18.359
280.149 19.047
280.655 19.813
281.161 20.415
281.666 19.233
282.172 18.503
282.678 18.199
283.183 19.457
283.689 19.743
284.195 21.205
284.700 21.175
285.206 20.564
285.712 20.235
286.217 20.274
286.723 22.344
287.229 20.907
287.734 20.575
288.240 20.701
288.746 21.707
289.252 22.963
289.757 21.668
290.263 19.231
290.769 21.081
291.274 19.773
291.780 20.102
292.286 24.641
292.791 24.245
293.297 23.773
293.803 22.787
294.308 21.938
294.814 19.896
295.320 17.208
295.825 20.980
296.331 20.678
296.837 19.099
297.342 21.480
297.848 21.942
298.354 20.685
298.860 21.584
299.365 21.681
299.871 21.665
300.377 22.687
300.882 21.304
301.388 18.189
301.894 18.589
302.399 20.851
302.905 21.105
303.411 20.786
303.916 18.264
304.422 18.646
304.928 18.466
305.433 22.299
305.939 23.108
306.445 20.927
306.951 18.555
307.456 22.343
307.962 20.315
308.468 20.328
308.973 22.202
309.479 20.317
309.985 18.140
310.490 22.633
310.996 22.667
