0.000 21.667
0.336 21.832
0.671 22.173
1.007 21.773
1.342 20.714
1.678 21.500
2.013 21.839
2.349 22.063
2.685 22.668
3.020 23.671
3.356 22.559
3.691 20.680
4.027 19.333
4.363 22.325
4.698 22.204
5.034 21.397
5.369 22.382
5.705 22.452
6.040 22.886
6.376 23.352
6.712 23.667
7.047 20.755
7.383 21.242
7.718 22.234
8.054 23.193
8.389 22.336
8.725 20.894
9.061 20.741
9.396 20.668
9.732 20.617
10.067 21.059
10.403 19.899
10.739 20.146
11.074 21.202
11.410 20.410
11.745 20.857
12.081 22.263
12.416 23.021
12.752 21.910
13.088 20.067
13.423 21.531
13.759 22.955
14.094 22.959
14.430 21.344
14.766 21.667
15.101 22.115
15.437 22.466
15.772 21.793
16.108 16.168
16.443 19.526
16.779 20.947
17.115 21.011
17.450 20.022
17.786 22.750
18.121 22.219
18.457 21.831
18.792 22.662
19.128 21.169
19.464 21.837
19.799 21.860
20.135 21.117
20.470 21.945
20.806 22.106
21.142 20.553
21.477 19.236
21.813 21.647
22.148 22.742
22.484 22.568
22.819 21.935
23.155 19.504
23.491 20.671
23.826 22.820
24.162 23.281
24.497 23.082
24.833 22.451
25.168 22.236
25.504 23.923
25.840 24.862
26.175 23.972
26.511 22.798
26.846 21.650
27.182 21.915
27.518 22.915
27.853 23.789
28.189 22.667
28.524 22.875
28.860 22.419
29.195 22.818
29.531 23.233
29.867 21.198
30.202 21.306
30.538 22.611
30.873 24.265
31.209 20.545
31.544 19.513
31.880 22.682
32.216 23.792
32.551 23.463
32.887 22.368
33.222 22.888
33.558 24.000
33.894 23.509
34.229 22.732
34.565 22.078
34.900 22.184
35.236 22.198
35.571 21.940
35.907 19.838
36.243 20.101
36.578 23.991
36.914 22.989
37.249 22.085
37.585 22.970
37.921 23.573
38.256 23.278
38.592 23.409
38.927 24.320
39.263 25.489
39.598 24.358
39.934 25.787
40.270 23.444
40.605 22.179
40.941 24.476
41.276 26.161
41.612 24.040
41.947 23.500
42.283 23.426
42.619 23.085
42.954 21.724
43.290 21.388
43.625 23.405
43.961 23.935
44.297 22.055
44.632 23.922
44.968 26.929
45.303 29.194
45.639 28.754
45.974 25.622
46.310 26.953
46.646 29.247
46.981 30.650
47.317 29.230
47.652 28.998
47.988 31.166
48.323 31.844
48.659 30.954
48.995 30.557
49.330 31.500
49.666 32.000
50.001 32.418
50.337 33.425
50.673 32.862
51.008 33.224
51.344 32.744
51.679 33.194
52.015 34.576
52.350 34.419
52.686 34.020
53.022 34.580
53.357 35.866
53.693 35.938
54.028 35.926
54.364 36.683
54.699 36.965
55.035 37.286
55.371 38.070
55.706 37.871
56.042 37.873
56.377 40.030
56.713 41.521
57.049 40.556
57.384 39.498
57.720 40.219
58.055 40.243
58.391 41.007
58.726 41.850
59.062 41.899
59.398 42.679
59.733 42.085
60.069 42.403
60.404 42.982
60.740 43.103
61.075 43.156
61.411 42.882
61.747 43.725
62.082 44.416
62.418 45.121
62.753 44.906
63.089 45.333
63.425 45.583
63.760 45.833
64.096 45.845
64.431 45.958
64.767 46.099
65.102 45.997
65.438 46.536
65.774 46.678
66.109 48.000
66.445 47.887
66.780 47.792
67.116 48.000
67.452 48.250
67.787 48.580
68.123 49.250
68.458 49.065
68.794 48.577
69.129 48.709
69.465 49.358
69.801 49.702
70.136 49.191
70.472 49.974
70.807 50.251
71.143 50.333
71.478 50.521
71.814 50.667
72.150 50.595
72.485 50.822
72.821 50.803
73.156 50.416
73.492 51.383
73.828 51.792
74.163 52.465
74.499 51.918
74.834 51.930
75.170 52.007
75.505 51.887
75.841 52.219
76.177 52.752
76.512 53.442
76.848 53.390
77.183 53.500
77.519 53.833
77.854 54.231
78.190 54.486
78.526 54.876
78.861 55.463
79.197 55.650
79.532 55.569
79.868 55.712
80.204 55.750
80.539 56.000
80.875 56.144
81.210 56.028
81.546 56.851
81.881 57.745
82.217 57.440
82.553 57.426
82.888 57.740
83.224 57.960
83.559 58.160
83.895 58.301
84.230 58.873
84.566 58.826
84.902 58.682
85.237 59.141
85.573 59.625
85.908 59.667
86.244 59.960
86.580 60.573
86.915 61.275
87.251 60.730
87.586 61.245
87.922 61.833
88.257 62.153
88.593 62.333
88.929 62.862
89.264 63.129
89.600 63.290
89.935 63.667
90.271 64.228
90.607 64.194
90.942 64.129
91.278 64.580
91.613 65.450
91.949 65.970
92.284 66.296
92.620 67.000
92.956 67.000
93.291 67.167
93.627 67.447
93.962 67.992
94.298 67.957
94.633 68.673
94.969 69.169
95.305 69.667
95.640 69.499
95.976 70.000
96.311 70.796
96.647 71.000
96.983 71.014
97.318 71.772
97.654 72.157
97.989 72.333
98.325 73.340
98.660 73.759
98.996 74.052
99.332 74.732
99.667 75.043
100.003 75.333
100.338 76.019
100.674 76.494
101.009 76.758
101.345 77.073
101.681 77.399
102.016 78.590
102.352 78.917
102.687 79.569
103.023 80.722
103.359 80.982
103.694 81.245
104.030 82.233
104.365 82.622
104.701 83.114
105.036 83.847
105.372 84.995
105.708 85.801
106.043 86.271
106.379 86.702
106.714 87.590
107.050 88.497
107.385 88.972
107.721 89.912
108.057 90.686
108.392 91.486
108.728 92.067
109.063 93.198
109.399 94.518
109.735 95.146
110.070 96.077
110.406 97.502
110.741 98.098
111.077 99.619
111.412 100.796
111.748 101.274
112.084 101.903
112.419 102.918
112.755 104.687
113.090 105.705
113.426 106.568
113.762 108.094
114.097 109.558
114.433 110.722
114.768 111.832
115.104 114.174
115.439 115.439
115.775 116.403
116.111 118.351
116.446 120.533
116.782 121.973
117.117 123.621
117.453 125.183
117.788 126.825
118.124 128.270
118.460 129.843
118.795 130.925
119.131 132.901
119.466 134.580
119.802 135.537
120.138 136.662
120.473 137.543
120.809 138.816
121.144 139.571
121.480 140.255
121.815 142.034
122.151 143.399
122.487 145.527
122.822 146.997
123.158 149.838
123.493 155.861
123.829 160.634
124.164 167.075
124.500 170.000
124.836 170.000
125.171 170.000
125.507 170.000
125.842 170.000
126.178 170.000
126.514 170.000
126.849 170.000
127.185 170.000
127.520 170.000
127.856 170.000
128.191 170.000
128.527 170.000
128.863 170.000
129.198 170.000
129.534 170.000
129.869 170.000
130.205 170.000
130.540 170.000
130.876 170.000
131.212 170.000
131.547 170.000
131.883 170.000
132.218 170.000
132.554 170.000
132.890 170.000
133.225 170.000
133.561 170.000
133.896 170.000
134.232 170.000
134.567 170.000
134.903 170.000
135.239 170.000
135.574 170.000
135.910 170.000
136.245 170.000
136.581 170.000
136.917 170.000
137.252 170.000
137.588 170.000
137.923 170.000
138.259 170.000
138.594 170.000
138.930 170.000
139.266 170.000
139.601 170.000
139.937 170.000
140.272 170.000
140.608 170.000
140.943 170.000
141.279 170.000
141.615 170.000
141.950 170.000
142.286 170.000
142.621 170.000
142.957 170.000
143.293 169.918
143.628 169.176
143.964 167.846
144.299 164.632
144.635 158.416
144.970 153.732
145.306 148.590
145.642 143.642
145.977 140.750
146.313 138.296
146.648 136.269
146.984 134.735
147.319 133.217
147.655 130.826
147.991 126.866
148.326 123.899
148.662 121.308
148.997 118.735
149.333 117.198
149.669 114.943
150.004 113.069
150.340 110.960
150.675 109.474
151.011 108.184
151.346 106.566
151.682 104.650
152.018 103.354
152.353 101.830
152.689 100.611
153.024 100.000
153.360 99.250
153.695 97.518
154.031 95.808
154.367 95.010
154.702 94.040
155.038 92.709
155.373 91.528
155.709 90.796
156.045 89.667
156.380 88.678
156.716 87.502
157.051 86.504
157.387 85.695
157.722 84.570
158.058 83.615
158.394 81.734
158.729 80.963
159.065 80.704
159.400 80.039
159.736 78.638
160.072 77.986
160.407 77.765
160.743 76.838
161.078 75.605
161.414 74.846
161.749 73.751
162.085 73.055
162.421 72.610
162.756 71.917
163.092 70.783
163.427 69.464
163.763 68.509
164.098 68.300
164.434 67.436
164.770 66.629
165.105 66.333
165.441 65.583
165.776 64.854
166.112 64.524
166.448 64.000
166.783 63.180
167.119 62.720
167.454 62.454
167.790 61.065
168.125 60.464
168.461 60.741
168.797 60.333
169.132 59.363
169.468 59.554
169.803 59.456
170.139 58.912
170.474 57.896
170.810 57.146
171.146 56.830
171.481 56.110
171.817 56.000
172.152 55.502
172.488 55.384
172.824 54.421
173.159 54.000
173.495 54.159
173.830 53.333
174.166 52.989
174.501 52.794
174.837 52.004
175.173 51.207
175.508 51.050
175.844 51.420
176.179 51.141
176.515 50.306
176.850 49.561
177.186 49.000
177.522 49.359
177.857 48.871
178.193 48.712
178.528 48.635
178.864 48.403
179.200 48.435
179.535 48.216
179.871 47.397
180.206 47.117
180.542 46.923
180.877 46.862
181.213 46.889
181.549 45.961
181.884 45.719
182.220 45.500
182.555 45.000
182.891 44.842
183.226 44.933
183.562 44.475
183.898 43.960
184.233 43.880
184.569 44.093
184.904 43.994
185.240 44.430
185.576 43.596
185.911 42.957
186.247 42.397
186.582 42.605
186.918 42.750
187.253 42.621
187.589 42.500
187.925 41.983
188.260 42.263
188.596 42.062
188.931 42.134
189.267 40.667
189.603 40.976
189.938 40.500
190.274 40.142
190.609 40.224
190.945 39.914
191.280 39.829
191.616 39.667
191.952 39.667
192.287 38.900
192.623 38.450
192.958 37.772
193.294 38.208
193.629 38.178
193.965 38.315
194.301 38.482
194.636 37.956
194.972 36.299
195.307 36.196
195.643 35.583
195.979 35.303
196.314 34.833
196.650 34.807
196.985 34.572
197.321 36.000
197.656 33.393
197.992 33.083
198.328 34.496
198.663 33.673
198.999 32.572
199.334 32.098
199.670 33.402
200.005 34.065
200.341 31.083
200.677 30.366
201.012 30.324
201.348 32.518
201.683 31.072
202.019 31.337
202.355 31.178
202.690 30.293
203.026 28.262
203.361 29.101
203.697 30.203
204.032 31.461
204.368 30.535
204.704 28.864
205.039 27.998
205.375 29.705
205.710 29.998
206.046 29.755
206.381 28.305
206.717 25.055
207.053 25.821
207.388 25.609
207.724 24.748
208.059 26.529
208.395 27.014
208.731 24.527
209.066 24.692
209.402 24.772
209.737 22.584
210.073 23.333
210.408 24.214
210.744 23.338
211.080 22.792
211.415 21.193
211.751 20.049
212.086 20.372
212.422 20.183
212.758 21.066
213.093 19.727
213.429 17.266
213.764 20.287
214.100 21.624
214.435 21.204
214.771 19.476
215.107 17.121
215.442 19.363
215.778 21.692
216.113 20.993
216.449 18.915
216.784 17.609
217.120 21.069
217.456 21.400
217.791 19.190
218.127 19.064
218.462 18.697
218.798 19.541
219.134 19.333
219.469 18.084
219.805 17.554
220.140 18.496
220.476 18.679
220.811 17.770
221.147 17.597
221.483 19.159
221.818 19.591
222.154 19.302
222.489 19.148
222.825 18.603
223.160 20.178
223.496 19.095
223.832 18.620
224.167 22.278
224.503 22.907
224.838 19.646
225.174 18.233
225.510 19.414
225.845 20.631
226.181 19.524
226.516 19.061
226.852 16.124
227.187 18.728
227.523 19.975
227.859 18.814
228.194 17.884
228.530 18.430
228.865 19.223
229.201 19.245
229.536 19.343
229.872 19.324
230.208 18.634
230.543 19.875
230.879 19.878
231.214 20.799
231.550 20.856
231.886 18.865
232.221 16.680
232.557 20.182
232.892 20.835
233.228 21.278
233.563 19.827
233.899 20.521
234.235 23.241
234.570 23.274
234.906 18.561
235.241 18.010
235.577 19.276
235.912 19.887
236.248 19.990
236.584 17.438
236.919 17.060
237.255 18.646
237.590 18.918
237.926 18.529
238.262 18.801
238.597 18.904
238.933 19.985
239.268 18.500
239.604 19.333
239.939 19.036
240.275 17.667
240.611 19.811
240.946 20.500
241.282 19.892
241.617 19.333
241.953 17.863
242.289 16.933
242.624 17.262
242.960 19.755
243.295 20.666
243.631 19.496
243.966 18.635
244.302 20.159
244.638 18.260
244.973 19.220
245.309 19.564
245.644 20.236
245.980 19.252
246.315 18.682
246.651 19.361
246.987 19.117
247.322 18.103
247.658 18.670
247.993 18.472
248.329 17.012
248.665 19.194
249.000 19.403
249.336 17.778
249.671 17.638
250.007 19.100
250.342 20.807
250.678 20.006
251.014 20.188
251.349 14.595
251.685 17.611
252.020 20.939
252.356 18.201
252.691 18.341
253.027 18.708
253.363 18.213
253.698 19.938
254.034 19.055
254.369 18.907
254.705 20.098
255.041 21.000
255.376 20.590
255.712 19.223
256.047 18.419
256.383 16.285
256.718 17.162
257.054 18.432
257.390 17.182
257.725 16.162
258.061 16.357
258.396 19.214
258.732 18.914
259.068 18.760
259.403 19.098
259.739 18.360
260.074 17.991
260.410 18.765
260.745 18.083
261.081 16.790
261.417 18.549
261.752 19.570
262.088 17.921
262.423 17.998
262.759 18.140
263.094 18.240
263.430 18.243
263.766 17.948
264.101 18.850
264.437 16.812
264.772 10.427
265.108 0.000
265.444 0.000
265.779 0.000
266.115 0.000
266.450 0.000
266.786 0.000
267.121 0.000
