0.000 17.667
0.507 20.667
1.015 18.333
1.523 19.333
2.030 23.000
2.537 21.000
3.045 20.333
3.553 20.333
4.060 21.667
4.568 20.333
5.075 21.667
5.582 20.333
6.090 18.000
6.597 18.667
7.105 17.333
7.613 18.333
8.120 21.000
8.627 24.000
9.135 22.000
9.642 22.000
10.150 20.333
10.658 20.333
11.165 21.000
11.672 21.667
12.180 19.333
12.688 22.000
13.195 22.667
13.703 22.000
14.210 24.000
14.717 23.667
15.225 20.000
15.733 20.667
16.240 23.000
16.747 22.333
17.255 19.667
17.763 21.667
18.270 21.000
18.778 18.333
19.285 21.333
19.792 22.000
20.300 22.333
20.808 21.667
21.315 24.000
21.823 23.000
22.330 24.000
22.837 26.333
23.345 24.000
23.853 24.333
24.360 26.333
24.868 24.000
25.375 21.000
25.882 22.000
26.390 26.333
26.897 27.667
27.405 27.333
27.913 25.333
28.420 24.667
28.927 24.667
29.435 27.000
29.942 26.333
30.450 22.333
30.958 24.000
31.465 26.000
31.972 25.667
32.480 28.333
32.987 29.000
33.495 28.667
34.002 28.333
34.510 28.333
35.018 24.333
35.525 29.667
36.033 30.667
36.540 29.000
37.048 28.333
37.555 31.000
38.062 30.333
38.570 27.667
39.077 31.000
39.585 32.000
40.092 32.000
40.600 33.000
41.107 32.667
41.615 32.667
42.123 35.333
42.630 36.667
43.138 33.000
43.645 32.333
44.153 32.333
44.660 34.000
45.167 35.000
45.675 34.333
46.182 36.333
46.690 37.000
47.197 37.333
47.705 36.667
48.213 37.333
48.720 37.667
49.228 39.333
49.735 38.667
50.243 38.000
50.750 37.333
51.257 38.667
51.765 39.000
52.272 39.000
52.780 39.000
53.287 39.333
53.795 39.667
54.303 39.333
54.810 40.000
55.318 40.333
55.825 41.000
56.333 41.000
56.840 41.667
57.347 41.333
57.855 41.667
58.362 41.667
58.870 42.333
59.377 42.333
59.885 43.000
60.393 43.000
60.900 43.000
61.408 43.000
61.915 44.000
62.423 44.333
62.930 44.000
63.438 44.000
63.945 44.000
64.452 44.667
64.960 44.667
65.467 44.333
65.975 45.667
66.482 45.000
66.990 44.667
67.497 46.000
68.005 46.333
68.512 45.333
69.020 45.333
69.527 46.000
70.035 46.667
70.543 46.333
71.050 47.667
71.558 47.333
72.065 47.000
72.573 47.667
73.080 48.333
73.588 48.667
74.095 48.333
74.603 48.667
75.110 48.667
75.618 49.000
76.125 49.333
76.632 49.667
77.140 49.667
77.647 50.333
78.155 50.667
78.662 49.667
79.170 50.667
79.677 51.333
80.185 51.667
80.692 51.333
81.200 52.333
81.707 52.333
82.215 52.667
82.723 52.667
83.230 53.333
83.738 53.333
84.245 53.667
84.753 54.333
85.260 54.667
85.768 55.000
86.275 55.667
86.783 56.000
87.290 55.667
87.798 56.333
88.305 57.000
88.812 57.000
89.320 57.333
89.827 57.333
90.335 58.333
90.842 58.667
91.350 59.000
91.857 59.333
92.365 59.667
92.872 60.333
93.380 60.667
93.887 61.000
94.395 61.667
94.902 61.667
95.410 63.000
95.918 62.667
96.425 63.000
96.933 63.667
97.440 64.333
97.948 65.000
98.455 65.000
98.963 65.333
99.470 66.333
99.978 66.000
100.485 66.667
100.993 68.000
101.500 68.000
102.007 68.333
102.515 69.000
103.022 69.333
103.530 70.333
104.037 71.000
104.545 71.667
105.052 71.333
105.560 72.000
106.067 72.667
106.575 73.333
107.082 74.000
107.590 74.667
108.098 74.667
108.605 75.000
109.113 76.000
109.620 76.333
110.128 76.667
110.635 76.667
111.143 77.000
111.650 78.333
112.158 78.000
112.665 78.667
113.173 79.333
113.680 80.000
114.188 81.000
114.695 81.333
115.202 81.667
115.710 82.333
116.217 82.333
116.725 83.000
117.232 83.333
117.740 84.000
118.247 84.333
118.755 85.333
119.262 85.333
119.770 86.000
120.277 86.333
120.785 87.333
121.293 88.000
121.800 88.667
122.308 90.000
122.815 90.333
123.323 91.000
123.830 91.333
124.338 91.667
124.845 92.667
125.353 94.000
125.860 94.667
126.368 95.000
126.875 95.667
127.382 97.000
127.890 97.000
128.398 98.333
128.905 100.000
129.413 100.667
129.920 101.667
130.428 103.333
130.935 104.000
131.443 107.000
131.950 108.000
132.458 109.000
132.965 111.667
133.473 114.000
133.980 117.667
134.488 119.333
134.995 122.000
135.503 126.667
136.010 129.000
136.518 137.333
137.025 140.667
137.533 144.667
138.040 151.000
138.548 152.667
139.055 155.000
139.562 161.667
140.070 165.333
140.577 169.667
141.085 170.000
141.592 170.000
142.100 170.000
142.607 170.000
143.115 170.000
143.622 170.000
144.130 170.000
144.637 170.000
145.145 170.000
145.652 170.000
146.160 170.000
146.667 170.000
147.175 170.000
147.682 170.000
148.190 170.000
148.697 170.000
149.205 170.000
149.712 170.000
150.220 170.000
150.727 170.000
151.235 170.000
151.742 170.000
152.250 170.000
152.758 170.000
153.265 170.000
153.773 170.000
154.280 170.000
154.788 170.000
155.295 170.000
155.803 170.000
156.310 170.000
156.818 170.000
157.325 170.000
157.833 170.000
158.340 170.000
158.848 170.000
159.355 170.000
159.863 170.000
160.370 170.000
160.878 170.000
161.385 170.000
161.893 170.000
162.400 170.000
162.908 170.000
163.415 170.000
163.923 170.000
164.430 170.000
164.938 170.000
165.445 170.000
165.952 167.667
166.460 165.667
166.967 164.333
167.475 160.333
167.982 158.000
168.490 152.667
168.997 150.000
169.505 148.000
170.012 144.667
170.520 142.667
171.027 141.667
171.535 140.000
172.042 138.000
172.550 137.000
173.057 136.667
173.565 135.667
174.072 134.333
174.580 134.000
175.087 132.667
175.595 129.000
176.102 127.667
176.610 125.000
177.117 123.667
177.625 122.667
178.133 120.333
178.640 119.667
179.148 118.000
179.655 117.333
180.163 116.000
180.670 114.333
181.178 113.667
181.685 112.000
182.193 110.667
182.700 109.667
183.208 108.333
183.715 107.667
184.223 107.333
184.730 105.667
185.238 105.000
185.745 104.333
186.253 103.667
186.760 103.333
187.268 101.333
187.775 101.000
188.283 100.333
188.790 99.000
189.298 98.667
189.805 97.000
190.312 96.000
190.820 96.000
191.327 95.000
191.835 94.333
192.342 94.667
192.850 93.333
193.357 92.667
193.865 91.000
194.372 90.667
194.880 90.000
195.387 89.333
195.895 89.667
196.402 88.333
196.910 87.667
197.417 87.667
197.925 86.667
198.432 86.667
198.940 86.333
199.447 85.667
199.955 85.333
200.462 84.000
200.970 83.667
201.477 83.333
201.985 83.000
202.492 82.333
203.000 81.667
203.508 81.000
204.015 81.000
204.523 81.000
205.030 80.333
205.538 80.000
206.045 79.333
206.553 79.000
207.060 78.000
207.568 78.000
208.075 77.667
208.583 77.000
209.090 76.667
209.598 76.333
210.105 76.333
210.613 75.667
211.120 75.333
211.628 74.667
212.135 74.667
212.643 74.333
213.150 74.667
213.658 73.667
214.165 72.667
214.673 72.000
215.180 72.667
215.688 71.667
216.195 71.000
216.702 71.333
217.210 70.667
217.717 70.000
218.225 69.667
218.732 69.333
219.240 69.333
219.747 68.667
220.255 68.667
220.762 68.000
221.270 67.667
221.777 67.000
222.285 67.000
222.792 66.667
223.300 65.000
223.807 65.000
224.315 65.000
224.822 65.000
225.330 64.667
225.837 64.333
226.345 64.000
226.852 63.667
227.360 63.667
227.867 63.667
228.375 63.000
228.883 63.333
229.390 63.000
229.898 62.333
230.405 62.333
230.913 61.667
231.420 61.000
231.928 61.333
232.435 61.333
232.943 60.667
233.450 61.000
233.958 60.667
234.465 60.000
234.973 60.333
235.480 60.333
235.988 60.000
236.495 59.000
237.003 60.000
237.510 59.667
238.018 59.333
238.525 59.000
239.033 58.333
239.540 58.000
240.048 58.333
240.555 58.333
241.062 58.000
241.570 58.000
242.077 57.333
242.585 57.000
243.092 56.333
243.600 56.333
244.107 56.333
244.615 55.667
245.122 55.333
245.630 55.000
246.137 54.000
246.645 53.333
247.152 53.000
247.660 53.000
248.167 52.667
248.675 51.667
249.182 51.000
249.690 50.000
250.197 50.333
250.705 50.000
251.212 49.333
251.720 49.000
252.227 48.000
252.735 47.333
253.242 46.667
253.750 45.333
254.258 45.000
254.765 44.667
255.273 44.000
255.780 43.333
256.288 42.667
256.795 41.333
257.302 41.333
257.810 39.333
258.318 39.000
258.825 38.000
259.332 37.000
259.840 36.000
260.348 35.000
260.855 34.000
261.362 33.333
261.870 33.667
262.378 32.667
262.885 32.333
263.392 33.000
263.900 33.333
264.408 33.000
264.915 30.667
265.422 28.667
265.930 27.667
266.438 28.000
266.945 28.000
267.453 28.000
267.960 28.000
268.467 23.000
268.975 24.667
269.483 26.000
269.990 26.000
270.497 24.000
271.005 27.000
271.513 24.667
272.020 25.000
272.527 26.000
273.035 24.667
273.543 25.000
274.050 24.667
274.557 22.000
275.065 26.667
275.573 25.333
276.080 21.000
276.587 24.000
277.095 25.333
277.603 24.000
278.110 19.667
278.617 20.000
279.125 18.667
279.633 19.667
280.140 19.667
280.647 19.333
281.155 17.667
281.663 19.000
282.170 21.000
282.677 21.000
283.185 22.000
283.693 20.667
284.200 16.667
284.707 18.333
285.215 0.000
285.723 0.000
286.230 0.000
286.737 0.000
287.245 0.000
