0.000 24.333
0.216 21.839
0.432 22.734
0.648 23.181
0.863 21.347
1.079 21.357
1.295 22.792
1.511 23.296
1.727 21.531
1.943 20.970
2.159 21.724
2.374 21.731
2.590 21.077
2.806 19.719
3.022 20.192
3.238 22.081
3.454 22.067
3.670 20.919
3.885 23.105
4.101 22.558
4.317 21.360
4.533 23.284
4.749 22.692
4.965 23.419
5.181 23.533
5.396 21.515
5.612 21.173
5.828 20.794
6.044 20.502
6.260 21.586
6.476 21.917
6.692 23.207
6.907 23.192
7.123 21.244
7.339 20.847
7.555 20.770
7.771 21.707
7.987 21.580
8.203 22.267
8.418 23.243
8.634 22.667
8.850 22.384
9.066 23.640
9.282 24.036
9.498 22.851
9.714 22.436
9.929 22.767
10.145 22.056
10.361 21.719
10.577 22.887
10.793 22.724
11.009 21.056
11.225 21.889
11.440 22.872
11.656 22.095
11.872 22.329
12.088 23.367
12.304 23.850
12.520 22.451
12.736 20.655
12.951 21.728
13.167 23.671
13.383 20.392
13.599 20.628
13.815 21.445
14.031 23.320
14.247 24.034
14.462 22.416
14.678 22.022
14.894 22.341
15.110 21.421
15.326 21.258
15.542 21.764
15.758 20.692
15.973 20.403
16.189 21.697
16.405 23.213
16.621 21.520
16.837 20.624
17.053 22.903
17.269 23.596
17.484 21.720
17.700 22.448
17.916 22.126
18.132 20.684
18.348 22.789
18.564 22.009
18.780 20.861
18.995 21.683
19.211 23.095
19.427 23.544
19.643 23.841
19.859 25.820
20.075 23.981
20.291 21.716
20.506 21.417
20.722 21.328
20.938 22.737
21.154 22.533
21.370 24.057
21.586 24.868
21.802 25.051
22.017 23.611
22.233 23.172
22.449 24.024
22.665 24.833
22.881 25.356
23.097 26.959
23.313 26.593
23.528 25.138
23.744 25.035
23.960 25.823
24.176 25.578
24.392 25.849
24.608 27.457
24.824 25.423
25.039 25.634
25.255 25.580
25.471 26.820
25.687 27.252
25.903 28.035
26.119 29.323
26.335 29.716
26.550 28.673
26.766 28.753
26.982 29.366
27.198 30.454
27.414 30.638
27.630 33.631
27.846 33.317
28.061 31.557
28.277 31.156
28.493 32.405
28.709 32.702
28.925 30.244
29.141 33.066
29.357 35.505
29.572 33.983
29.788 35.272
30.004 35.575
30.220 34.184
30.436 34.500
30.652 36.819
30.868 37.457
31.083 37.582
31.299 38.735
31.515 38.135
31.731 37.581
31.947 38.607
32.163 38.480
32.379 40.096
32.594 40.770
32.810 40.600
33.026 41.326
33.242 41.287
33.458 41.862
33.674 42.411
33.890 42.436
34.105 43.206
34.321 43.562
34.537 44.175
34.753 44.371
34.969 44.905
35.185 45.201
35.401 45.054
35.616 45.257
35.832 45.716
36.048 46.448
36.264 47.094
36.480 46.673
36.696 47.346
36.912 47.292
37.127 47.800
37.343 48.029
37.559 48.008
37.775 48.333
37.991 48.738
38.207 48.543
38.423 48.915
38.638 49.038
38.854 49.325
39.070 49.028
39.286 49.325
39.502 49.790
39.718 49.553
39.934 49.651
40.149 49.803
40.365 50.000
40.581 49.981
40.797 50.000
41.013 50.000
41.229 50.164
41.445 50.546
41.660 49.724
41.876 50.068
42.092 50.618
42.308 50.956
42.524 50.858
42.740 51.035
42.956 51.858
43.171 51.947
43.387 51.431
43.603 51.692
43.819 51.596
44.035 51.344
44.251 51.487
44.467 52.195
44.682 52.653
44.898 52.647
45.114 52.828
45.330 52.921
45.546 53.660
45.762 53.087
45.978 53.736
46.193 54.295
46.409 54.419
46.625 54.293
46.841 54.294
47.057 54.549
47.273 55.019
47.489 55.026
47.704 55.596
47.920 55.324
48.136 55.700
48.352 55.941
48.568 56.228
48.784 56.333
49.000 56.333
49.215 56.493
49.431 56.700
49.647 57.004
49.863 57.301
50.079 57.211
50.295 57.944
50.511 57.850
50.726 57.923
50.942 58.392
51.158 58.616
51.374 58.694
51.590 58.855
51.806 59.421
52.022 59.832
52.237 60.216
52.453 59.915
52.669 59.767
52.885 59.939
53.101 60.232
53.317 60.533
53.533 61.036
53.748 61.324
53.964 61.351
54.180 61.916
54.396 62.071
54.612 62.524
54.828 62.669
55.044 63.042
55.259 63.367
55.475 63.817
55.691 64.217
55.907 64.490
56.123 64.561
56.339 64.751
56.555 65.275
56.770 66.018
56.986 66.135
57.202 66.640
57.418 67.220
57.634 67.492
57.850 68.203
58.066 68.778
58.281 69.307
58.497 69.993
58.713 70.589
58.929 70.426
59.145 71.164
59.361 71.607
59.577 72.535
59.792 73.703
60.008 73.403
60.224 74.113
60.440 74.982
60.656 75.919
60.872 76.503
61.088 77.414
61.303 77.941
61.519 78.375
61.735 79.015
61.951 79.910
62.167 80.276
62.383 80.747
62.599 81.395
62.814 81.845
63.030 82.234
63.246 83.100
63.462 84.337
63.678 84.831
63.894 85.380
64.110 85.463
64.325 86.714
64.541 87.457
64.757 88.342
64.973 89.164
65.189 89.511
65.405 90.007
65.621 91.253
65.836 92.079
66.052 93.027
66.268 94.074
66.484 94.820
66.700 96.106
66.916 97.373
67.132 98.184
67.347 99.324
67.563 100.254
67.779 101.341
67.995 102.934
68.211 103.861
68.427 105.099
68.643 106.882
68.858 107.860
69.074 109.018
69.290 110.399
69.506 111.964
69.722 113.495
69.938 115.675
70.154 117.140
70.369 117.962
70.585 120.663
70.801 121.603
71.017 122.956
71.233 125.715
71.449 127.842
71.665 130.475
71.880 131.976
72.096 132.985
72.312 134.627
72.528 136.279
72.744 136.934
72.960 138.519
73.176 139.871
73.391 140.430
73.607 141.800
73.823 143.237
74.039 144.630
74.255 146.269
74.471 147.732
74.687 149.170
74.902 151.807
75.118 153.904
75.334 156.497
75.550 163.961
75.766 168.553
75.982 169.907
76.198 170.000
76.413 170.000
76.629 170.000
76.845 170.000
77.061 170.000
77.277 170.000
77.493 170.000
77.709 170.000
77.924 170.000
78.140 170.000
78.356 170.000
78.572 170.000
78.788 170.000
79.004 170.000
79.220 170.000
79.435 170.000
79.651 170.000
79.867 170.000
80.083 170.000
80.299 170.000
80.515 170.000
80.731 170.000
80.946 170.000
81.162 170.000
81.378 170.000
81.594 170.000
81.810 170.000
82.026 170.000
82.242 170.000
82.457 170.000
82.673 170.000
82.889 170.000
83.105 170.000
83.321 170.000
83.537 170.000
83.753 170.000
83.968 170.000
84.184 170.000
84.400 170.000
84.616 170.000
84.832 170.000
85.048 170.000
85.264 170.000
85.479 170.000
85.695 170.000
85.911 170.000
86.127 170.000
86.343 170.000
86.559 170.000
86.775 170.000
86.990 170.000
87.206 170.000
87.422 170.000
87.638 170.000
87.854 170.000
88.070 169.954
88.286 169.656
88.501 168.838
88.717 165.866
88.933 161.231
89.149 154.852
89.365 146.819
89.581 142.596
89.797 138.712
90.012 135.818
90.228 134.543
90.444 132.072
90.660 128.202
90.876 125.212
91.092 123.237
91.308 119.256
91.523 117.159
91.739 113.697
91.955 111.360
92.171 109.222
92.387 106.957
92.603 104.509
92.819 102.338
93.034 100.109
93.250 98.838
93.466 96.715
93.682 93.985
93.898 92.601
94.114 91.175
94.330 89.012
94.545 87.208
94.761 85.680
94.977 84.123
95.193 83.120
95.409 81.791
95.625 79.984
95.841 79.251
96.056 77.954
96.272 76.514
96.488 75.559
96.704 74.292
96.920 73.118
97.136 72.368
97.352 71.423
97.567 69.956
97.783 69.290
97.999 69.000
98.215 67.397
98.431 66.427
98.647 65.703
98.863 65.418
99.078 64.805
99.294 64.193
99.510 63.782
99.726 63.296
99.942 62.743
100.158 61.728
100.374 61.480
100.589 60.225
100.805 60.064
101.021 60.068
101.237 59.513
101.453 58.768
101.669 58.466
101.885 58.010
102.100 57.473
102.316 57.905
102.532 57.000
102.748 57.030
102.964 56.385
103.180 55.689
103.396 55.360
103.611 55.000
103.827 55.061
104.043 55.188
104.259 54.747
104.475 53.987
104.691 53.430
104.907 53.668
105.122 53.386
105.338 53.046
105.554 52.551
105.770 51.961
105.986 51.569
106.202 51.127
106.418 50.837
106.633 50.690
106.849 50.568
107.065 50.926
107.281 50.452
107.497 50.276
107.713 49.618
107.929 49.500
108.144 49.345
108.360 49.282
108.576 49.023
108.792 48.982
109.008 48.849
109.224 48.360
109.440 48.974
109.655 49.000
109.871 48.548
110.087 48.338
110.303 47.927
110.519 47.867
110.735 48.008
110.951 48.104
111.166 48.009
111.382 47.857
111.598 46.917
111.814 47.305
112.030 47.056
112.246 46.018
112.462 46.156
112.677 46.232
112.893 45.931
113.109 45.917
113.325 46.579
113.541 46.221
113.757 45.714
113.973 46.058
114.188 45.385
114.404 44.873
114.620 45.048
114.836 44.887
115.052 44.243
115.268 44.397
115.484 44.474
115.699 43.778
115.915 43.837
116.131 43.623
116.347 42.724
116.563 42.079
116.779 42.000
116.995 41.964
117.210 41.844
117.426 41.779
117.642 41.612
117.858 41.970
118.074 41.241
118.290 40.692
118.506 40.782
118.721 39.605
118.937 39.922
119.153 39.671
119.369 39.236
119.585 38.949
119.801 38.761
120.017 38.468
120.232 38.389
120.448 38.598
120.664 38.840
120.880 37.123
121.096 37.284
121.312 37.081
121.528 36.756
121.743 36.300
121.959 36.496
122.175 37.114
122.391 36.642
122.607 36.245
122.823 36.266
123.039 34.417
123.254 33.796
123.470 33.633
123.686 33.718
123.902 33.549
124.118 33.654
124.334 32.961
124.550 33.092
124.765 33.974
124.981 32.133
125.197 30.895
125.413 31.674
125.629 33.118
125.845 32.230
126.061 31.615
126.276 31.945
126.492 31.596
126.708 30.678
126.924 30.442
127.140 29.752
127.356 30.180
127.572 28.831
127.787 31.704
128.003 30.887
128.219 29.749
128.435 29.507
128.651 29.738
128.867 29.181
129.083 28.555
129.298 28.435
129.514 25.702
129.730 26.086
129.946 24.656
130.162 26.651
130.378 24.225
130.594 24.811
130.809 25.120
131.025 23.631
131.241 22.680
131.457 22.280
131.673 22.969
131.889 24.415
132.105 22.441
132.320 22.957
132.536 22.219
132.752 21.941
132.968 22.180
133.184 22.958
133.400 23.066
133.616 22.207
133.831 22.167
134.047 22.534
134.263 21.075
134.479 20.426
134.695 20.239
134.911 19.243
135.127 18.983
135.342 19.967
135.558 20.651
135.774 22.230
135.990 23.697
136.206 22.215
136.422 22.349
136.638 21.942
136.853 20.051
137.069 19.906
137.285 19.642
137.501 18.810
137.717 19.461
137.933 19.570
138.149 17.632
138.364 18.078
138.580 19.222
138.796 20.167
139.012 18.669
139.228 18.458
139.444 20.650
139.660 21.012
139.875 20.311
140.091 19.131
140.307 18.325
140.523 19.391
140.739 22.251
140.955 20.505
141.171 19.099
141.386 18.077
141.602 18.796
141.818 17.981
142.034 17.070
142.250 17.383
142.466 18.123
142.682 18.816
142.897 18.688
143.113 18.513
143.329 18.921
143.545 18.375
143.761 19.823
143.977 19.743
144.193 16.608
144.408 17.384
144.624 19.373
144.840 20.915
145.056 19.681
145.272 18.758
145.488 19.454
145.704 19.272
145.919 18.236
146.135 18.980
146.351 18.288
146.567 18.823
146.783 18.947
146.999 18.026
147.215 18.036
147.430 18.401
147.646 19.060
147.862 18.730
148.078 17.239
148.294 19.191
148.510 18.800
148.726 18.451
148.941 17.987
149.157 19.190
149.373 20.804
149.589 19.311
149.805 17.062
150.021 19.241
150.237 19.838
150.452 19.834
150.668 16.390
150.884 18.130
151.100 19.746
151.316 19.617
151.532 19.376
151.748 18.893
151.963 20.098
152.179 21.355
152.395 21.960
152.611 21.840
152.827 17.222
153.043 17.011
153.259 18.092
153.474 17.430
153.690 18.775
153.906 20.070
154.122 19.431
154.338 20.237
154.554 19.407
154.770 18.840
154.985 18.603
155.201 20.030
155.417 19.140
155.633 17.221
155.849 17.640
156.065 18.699
156.281 19.182
156.496 18.232
156.712 17.649
156.928 19.298
157.144 18.641
157.360 17.076
157.576 19.851
157.792 21.343
158.007 19.064
158.223 17.400
158.439 18.164
158.655 18.055
158.871 18.897
159.087 19.019
159.303 20.362
159.518 20.265
159.734 19.535
159.950 20.998
160.166 20.736
160.382 20.284
160.598 19.328
160.814 18.568
161.029 20.505
161.245 20.148
161.461 16.811
161.677 18.834
161.893 17.386
162.109 17.174
162.325 17.602
162.540 19.413
162.756 18.578
162.972 18.048
163.188 18.159
163.404 16.787
163.620 16.165
163.836 17.333
164.051 18.000
