0.000 17.667
0.405 18.965
0.809 19.810
1.214 18.340
1.618 18.955
2.023 19.384
2.428 21.775
2.832 21.632
3.237 19.370
3.641 18.878
4.046 19.298
4.451 17.586
4.855 18.447
5.260 21.395
5.664 20.036
6.069 17.965
6.473 19.560
6.878 20.295
7.283 20.954
7.687 21.399
8.092 20.153
8.496 19.459
8.901 19.102
9.306 18.417
9.710 17.978
10.115 19.210
10.519 19.739
10.924 19.669
11.329 19.403
11.733 18.204
12.138 17.733
12.542 18.212
12.947 18.365
13.352 20.535
13.756 22.491
14.161 22.325
14.565 21.584
14.970 22.333
15.374 22.143
15.779 21.186
16.184 21.156
16.588 19.436
16.993 20.289
17.397 20.559
17.802 19.316
18.207 19.772
18.611 18.542
19.016 18.457
19.420 18.174
19.825 20.435
20.230 20.878
20.634 18.557
21.039 17.965
21.443 19.914
21.848 21.297
22.253 21.678
22.657 22.348
23.062 22.802
23.466 23.742
23.871 23.531
24.275 22.448
24.680 22.077
25.085 22.916
25.489 22.548
25.894 20.574
26.298 23.953
26.703 24.389
27.108 23.202
27.512 21.754
27.917 21.342
28.321 22.920
28.726 25.086
29.131 25.453
29.535 24.721
29.940 24.547
30.344 24.066
30.749 25.976
31.154 28.829
31.558 29.485
31.963 28.721
32.367 27.048
32.772 28.472
33.176 30.080
33.581 30.434
33.986 29.155
34.390 29.215
34.795 29.679
35.199 30.696
35.604 31.671
36.009 31.994
36.413 33.181
36.818 32.767
37.222 33.446
37.627 34.551
38.032 33.984
38.436 36.080
38.841 36.444
39.245 36.245
39.650 37.010
40.055 36.330
40.459 37.739
40.864 39.501
41.268 40.632
41.673 40.872
42.077 40.275
42.482 40.600
42.887 41.662
43.291 41.786
43.696 41.856
44.100 42.320
44.505 42.789
44.910 43.498
45.314 44.361
45.719 44.955
46.123 45.257
46.528 45.759
46.933 45.824
47.337 46.542
47.742 46.922
48.146 46.960
48.551 47.471
48.956 48.172
49.360 48.555
49.765 48.687
50.169 49.195
50.574 50.013
50.978 50.936
51.383 50.425
51.788 50.588
52.192 50.430
52.597 50.993
53.001 51.364
53.406 51.179
53.811 52.213
54.215 52.656
54.620 52.291
55.024 52.199
55.429 52.733
55.834 53.337
56.238 54.099
56.643 54.049
57.047 53.588
57.452 54.107
57.857 54.333
58.261 54.596
58.666 55.058
59.070 55.498
59.475 55.241
59.880 55.000
60.284 55.499
60.689 56.184
61.093 56.810
61.498 56.383
61.902 55.932
62.307 56.581
62.712 56.689
63.116 57.087
63.521 57.542
63.925 57.787
64.330 57.505
64.735 58.062
65.139 58.447
65.544 58.658
65.948 58.667
66.353 59.143
66.758 59.313
67.162 59.725
67.567 59.471
67.971 59.640
68.376 59.476
68.781 60.438
69.185 60.745
69.590 60.752
69.994 60.983
70.399 61.710
70.803 61.945
71.208 62.054
71.613 62.966
72.017 62.682
72.422 62.369
72.826 62.988
73.231 63.455
73.636 63.940
74.040 64.163
74.445 64.835
74.849 64.535
75.254 65.090
75.659 65.313
76.063 65.045
76.468 65.700
76.872 66.241
77.277 66.442
77.682 66.645
78.086 66.818
78.491 67.186
78.895 67.234
79.300 67.889
79.704 68.350
80.109 68.518
80.514 68.667
80.918 69.062
81.323 69.930
81.727 70.008
82.132 70.049
82.537 70.323
82.941 71.083
83.346 71.559
83.750 72.328
84.155 72.799
84.560 73.013
84.964 73.400
85.369 73.693
85.773 73.996
86.178 74.867
86.583 75.625
86.987 75.453
87.392 76.335
87.796 77.000
88.201 76.904
88.605 77.698
89.010 78.682
89.415 79.228
89.819 79.964
90.224 80.369
90.628 81.078
91.033 81.555
91.438 81.817
91.842 82.626
92.247 83.139
92.651 83.829
93.056 84.635
93.461 85.196
93.865 85.342
94.270 86.619
94.674 87.280
95.079 88.184
95.484 88.917
95.888 89.647
96.293 90.694
96.697 91.572
97.102 92.515
97.506 93.056
97.911 93.449
98.316 95.071
98.720 95.889
99.125 96.301
99.529 97.259
99.934 98.023
100.339 98.786
100.743 99.816
101.148 100.954
101.552 102.139
101.957 103.755
102.362 104.091
102.766 105.190
103.171 106.542
103.575 108.050
103.980 108.875
104.385 109.885
104.789 111.701
105.194 113.088
105.598 113.887
106.003 116.633
106.407 117.960
106.812 118.961
107.217 120.990
107.621 123.055
108.026 124.201
108.430 125.704
108.835 127.932
109.240 130.075
109.644 131.813
110.049 133.937
110.453 134.888
110.858 135.829
111.263 136.760
111.667 137.665
112.072 139.063
112.476 140.291
112.881 141.950
113.286 144.645
113.690 146.110
114.095 150.376
114.499 155.947
114.904 160.285
115.309 164.497
115.713 168.461
116.118 169.897
116.522 170.000
116.927 170.000
117.331 170.000
117.736 170.000
118.141 170.000
118.545 170.000
118.950 170.000
119.354 170.000
119.759 170.000
120.164 170.000
120.568 170.000
120.973 170.000
121.377 170.000
121.782 170.000
122.187 170.000
122.591 170.000
122.996 170.000
123.400 170.000
123.805 170.000
124.210 170.000
124.614 170.000
125.019 170.000
125.423 170.000
125.828 170.000
126.232 170.000
126.637 170.000
127.042 170.000
127.446 170.000
127.851 170.000
128.255 170.000
128.660 170.000
129.065 170.000
129.469 170.000
129.874 170.000
130.278 170.000
130.683 170.000
131.088 170.000
131.492 170.000
131.897 170.000
132.301 170.000
132.706 170.000
133.111 170.000
133.515 170.000
133.920 170.000
134.324 170.000
134.729 170.000
135.133 170.000
135.538 170.000
135.943 170.000
136.347 170.000
136.752 170.000
137.156 170.000
137.561 170.000
137.966 170.000
138.370 169.792
138.775 168.569
139.179 164.196
139.584 156.443
139.989 151.910
140.393 145.509
140.798 138.436
141.202 131.929
141.607 127.440
142.012 121.030
142.416 116.877
142.821 113.680
143.225 111.429
143.630 108.100
144.034 105.647
144.439 104.116
144.844 102.056
145.248 99.616
145.653 97.870
146.057 95.496
146.462 94.048
146.867 92.810
147.271 91.445
147.676 89.020
148.080 88.091
148.485 86.312
148.890 84.567
149.294 83.333
149.699 81.923
150.103 80.680
150.508 80.094
150.913 79.151
151.317 77.323
151.722 76.594
152.126 75.737
152.531 74.417
152.935 73.506
153.340 72.927
153.745 72.538
154.149 71.264
154.554 70.703
154.958 70.326
155.363 69.819
155.768 68.782
156.172 68.054
156.577 68.123
156.981 67.368
157.386 67.293
157.791 67.351
158.195 66.420
158.600 65.568
159.004 64.879
159.409 64.794
159.814 64.440
160.218 64.232
160.623 64.036
161.027 63.824
161.432 63.290
161.836 62.885
162.241 62.576
162.646 62.274
163.050 61.971
163.455 61.594
163.859 61.644
164.264 61.406
164.669 60.481
165.073 59.823
165.478 59.982
165.882 60.463
166.287 60.228
166.692 59.750
167.096 59.430
167.501 59.333
167.905 59.211
168.310 58.856
168.715 58.714
169.119 58.188
169.524 58.328
169.928 57.799
170.333 57.759
170.738 57.331
171.142 56.962
171.547 56.992
171.951 56.226
172.356 55.970
172.760 55.813
173.165 55.578
173.570 55.646
173.974 55.243
174.379 54.594
174.783 53.730
175.188 53.751
175.593 53.976
175.997 54.253
176.402 54.062
176.806 53.562
177.211 52.996
177.616 52.621
178.020 51.559
178.425 51.552
178.829 51.399
179.234 50.872
179.639 50.337
180.043 50.483
180.448 50.457
180.852 50.161
181.257 49.519
181.661 49.574
182.066 49.123
182.471 48.675
182.875 48.571
183.280 48.436
183.684 48.102
184.089 48.199
184.494 47.722
184.898 47.255
185.303 47.209
185.707 47.182
186.112 47.214
186.517 46.653
186.921 46.037
187.326 45.828
187.730 45.814
188.135 45.007
188.540 44.758
188.944 44.915
189.349 44.480
189.753 44.688
190.158 43.950
190.562 43.672
190.967 43.423
191.372 43.477
191.776 43.051
192.181 42.612
192.585 42.273
192.990 42.080
193.395 41.727
193.799 41.624
194.204 41.319
194.608 41.163
195.013 41.165
195.418 41.454
195.822 41.282
196.227 41.052
196.631 40.912
197.036 40.832
197.441 40.333
197.845 40.101
198.250 40.288
198.654 39.951
199.059 39.667
199.463 39.667
199.868 39.438
200.273 39.455
200.677 39.176
201.082 38.813
201.486 39.324
201.891 38.953
202.296 38.489
202.700 38.333
203.105 38.230
203.509 37.850
203.914 37.345
204.319 36.957
204.723 36.339
205.128 36.607
205.532 36.277
205.937 35.583
206.342 34.749
206.746 35.319
207.151 35.952
207.555 34.441
207.960 34.110
208.364 34.448
208.769 33.923
209.174 33.840
209.578 34.674
209.983 34.326
210.387 33.835
210.792 34.330
211.197 32.396
211.601 30.205
212.006 32.297
212.410 32.329
212.815 31.112
213.220 30.875
213.624 31.824
214.029 30.008
214.433 28.737
214.838 30.054
215.243 30.262
215.647 30.780
216.052 28.334
216.456 27.663
216.861 29.183
217.265 29.897
217.670 28.742
218.075 26.073
218.479 25.503
218.884 26.134
219.288 26.293
219.693 25.521
220.098 24.732
220.502 25.281
220.907 25.949
221.311 26.113
221.716 26.560
222.121 24.415
222.525 22.255
222.930 22.788
223.334 22.322
223.739 24.071
224.144 23.877
224.548 22.223
224.953 23.173
225.357 23.518
225.762 20.613
226.167 21.105
226.571 21.852
226.976 21.221
227.380 21.888
227.785 23.447
228.189 22.689
228.594 21.824
228.999 21.533
229.403 21.531
229.808 22.207
230.212 23.001
230.617 22.567
231.022 20.706
231.426 16.920
231.831 20.362
232.235 19.887
232.640 20.588
233.045 19.551
233.449 19.944
233.854 17.753
234.258 18.282
234.663 19.508
235.068 20.622
235.472 18.490
235.877 19.247
236.281 20.380
236.686 19.677
237.090 18.319
237.495 16.843
237.900 16.865
238.304 19.498
238.709 21.359
239.113 19.844
239.518 19.672
239.923 18.928
240.327 19.360
240.732 18.724
241.136 18.474
241.541 18.746
241.946 19.103
242.350 19.563
242.755 20.010
243.159 21.600
243.564 20.067
243.969 19.090
244.373 18.827
244.778 19.000
245.182 22.545
245.587 21.321
245.991 19.864
246.396 19.112
246.801 19.063
247.205 18.574
247.610 18.673
248.014 19.702
248.419 19.121
248.824 19.829
249.228 19.993
249.633 18.965
250.037 16.886
250.442 17.798
250.847 18.504
251.251 18.951
251.656 18.488
252.060 18.036
252.465 19.139
252.870 19.325
253.274 18.002
253.679 16.246
254.083 18.072
254.488 19.515
254.892 19.073
255.297 18.667
