0.000  19.000
0.384  21.808
0.769  21.719
1.153  20.018
1.537  20.085
1.921  22.774
2.306  23.754
2.690  23.358
3.074  22.414
3.458  24.818
3.843  25.918
4.227  24.565
4.611  23.299
4.995  23.444
5.380  23.415
5.764  22.467
6.148  22.516
6.532  24.810
6.917  24.647
7.301  25.189
7.685  24.923
8.069  24.864
8.454  26.540
8.838  27.056
9.222  26.542
9.606  24.690
9.991  26.421
10.375  26.520
10.759  27.252
11.144  27.618
11.528  25.718
11.912  28.001
12.296  30.073
12.681  29.638
13.065  29.471
13.449  29.773
13.833  31.441
14.218  32.570
14.602  29.410
14.986  29.389
15.370  31.698
15.755  33.183
16.139  32.354
16.523  31.540
16.907  32.337
17.292  33.102
17.676  32.531
18.060  32.490
18.444  33.572
18.829  34.200
19.213  32.547
19.597  33.961
19.982  35.913
20.366  34.704
20.750  34.992
21.134  35.383
21.519  35.574
21.903  35.987
22.287  38.973
22.671  38.869
23.056  38.202
23.440  38.679
23.824  40.215
24.208  40.309
24.593  40.022
24.977  40.227
25.361  40.927
25.745  40.922
26.130  41.556
26.514  42.293
26.898  42.078
27.282  42.180
27.667  43.024
28.051  43.399
28.435  43.892
28.819  43.906
29.204  44.370
29.588  44.734
29.972  44.669
30.357  45.012
30.741  45.251
31.125  45.953
31.509  45.848
31.894  46.179
32.278  46.696
32.662  47.035
33.046  47.618
33.431  47.401
33.815  47.778
34.199  48.195
34.583  48.232
34.968  48.588
35.352  48.520
35.736  48.596
36.120  48.781
36.505  48.913
36.889  49.000
37.273  49.068
37.657  49.043
38.042  49.086
38.426  49.586
38.810  49.805
39.194  50.000
39.579  50.088
39.963  50.345
40.347  50.333
40.732  50.505
41.116  50.680
41.500  50.903
41.884  51.054
42.269  50.951
42.653  51.005
43.037  50.758
43.421  50.827
43.806  51.454
44.190  51.972
44.574  52.055
44.958  52.335
45.343  52.676
45.727  52.657
46.111  52.300
46.495  53.022
46.880  53.862
47.264  54.122
47.648  53.685
48.032  54.024
48.417  54.059
48.801  54.325
49.185  54.886
49.569  54.927
49.954  55.008
50.338  55.385
50.722  55.872
51.107  56.035
51.491  55.983
51.875  56.373
52.259  56.365
52.644  56.533
53.028  56.335
53.412  56.340
53.796  57.024
54.181  57.342
54.565  57.609
54.949  57.451
55.333  57.965
55.718  59.123
56.102  59.561
56.486  59.407
56.870  59.644
57.255  59.905
57.639  60.169
58.023  60.187
58.407  60.904
58.792  60.923
59.176  61.089
59.560  61.450
59.945  62.229
60.329  62.129
60.713  62.375
61.097  62.934
61.482  63.304
61.866  63.695
62.250  64.060
62.634  64.472
63.019  64.729
63.403  65.256
63.787  65.213
64.171  65.447
64.556  65.972
64.940  66.751
65.324  66.669
65.708  66.836
66.093  67.033
66.477  67.821
66.861  68.334
67.245  68.571
67.630  68.680
68.014  68.985
68.398  69.563
68.782  69.798
69.167  70.218
69.551  70.478
69.935  71.419
70.320  71.779
70.704  72.341
71.088  72.579
71.472  73.439
71.857  74.150
72.241  74.073
72.625  74.580
73.009  74.788
73.394  75.454
73.778  76.341
74.162  77.333
74.546  77.838
74.931  78.033
75.315  78.482
75.699  79.414
76.083  79.793
76.468  80.167
76.852  81.009
77.236  82.084
77.620  82.089
78.005  82.982
78.389  83.939
78.773  85.237
79.157  86.194
79.542  86.117
79.926  86.347
80.310  87.652
80.695  88.329
81.079  89.413
81.463  90.373
81.847  90.856
82.232  91.875
82.616  92.456
83.000  93.273
83.384  94.302
83.769  95.452
84.153  96.005
84.537  96.773
84.921  97.625
85.306  98.874
85.690  99.754
86.074  100.832
86.458  102.667
86.843  103.484
87.227  104.194
87.611  105.093
87.995  106.480
88.380  108.039
88.764  108.815
89.148  110.402
89.532  111.717
89.917  112.963
90.301  115.059
90.685  116.032
91.070  117.024
91.454  118.328
91.838  120.654
92.222  121.971
92.607  123.746
92.991  126.394
93.375  127.119
93.759  128.016
94.144  129.864
94.528  132.173
94.912  133.196
95.296  134.066
95.681  135.765
96.065  137.484
96.449  138.206
96.833  139.598
97.218  141.102
97.602  143.097
97.986  144.366
98.370  148.071
98.755  153.672
99.139  158.720
99.523  163.326
99.908  168.112
100.292  169.887
100.676  170.000
101.060  170.000
101.445  170.000
101.829  170.000
102.213  170.000
102.597  170.000
102.982  170.000
103.366  170.000
103.750  170.000
104.134  170.000
104.519  170.000
104.903  170.000
105.287  170.000
105.671  170.000
106.056  170.000
106.440  170.000
106.824  170.000
107.208  170.000
107.593  170.000
107.977  170.000
108.361  170.000
108.745  170.000
109.130  170.000
109.514  170.000
109.898  170.000
110.283  170.000
110.667  170.000
111.051  170.000
111.435  170.000
111.820  170.000
112.204  170.000
112.588  170.000
112.972  170.000
113.357  170.000
113.741  170.000
114.125  170.000
114.509  170.000
114.894  170.000
115.278  170.000
115.662  170.000
116.046  170.000
116.431  170.000
116.815  170.000
117.199  170.000
117.583  170.000
117.968  170.000
118.352  170.000
118.736  170.000
119.120  170.000
119.505  170.000
119.889  170.000
120.273  170.000
120.658  170.000
121.042  170.000
121.426  169.995
121.810  169.745
122.195  167.789
122.579  164.995
122.963  162.243
123.347  157.123
123.732  151.487
124.116  146.844
124.500  143.563
124.884  140.693
125.269  138.124
125.653  136.484
126.037  134.968
126.421  132.446
126.806  129.964
127.190  127.686
127.574  125.084
127.958  121.990
128.343  119.285
128.727  116.880
129.111  114.134
129.495  113.358
129.880  111.395
130.264  109.645
130.648  108.219
131.033  106.857
131.417  105.409
131.801  103.772
132.185  102.502
132.570  101.526
132.954  100.116
133.338  99.155
133.722  98.370
134.107  97.426
134.491  96.235
134.875  95.069
135.259  94.026
135.644  92.526
136.028  91.435
136.412  90.670
136.796  90.291
137.181  89.911
137.565  88.810
137.949  88.262
138.333  87.543
138.718  86.833
139.102  86.028
139.486  85.468
139.870  84.984
140.255  84.591
140.639  83.717
141.023  82.926
141.408  82.186
141.792  82.212
142.176  81.328
142.560  80.382
142.945  79.571
143.329  79.350
143.713  78.637
144.097  78.168
144.482  77.597
144.866  77.025
145.250  75.854
145.634  75.892
146.019  75.300
146.403  74.802
146.787  73.886
147.171  73.635
147.556  73.204
147.940  72.462
148.324  71.000
148.708  70.976
149.093  70.631
149.477  69.869
149.861  68.727
150.246  68.418
150.630  67.891
151.014  67.984
151.398  67.756
151.783  66.619
152.167  66.345
152.551  66.051
152.935  65.221
153.320  64.458
153.704  64.071
154.088  64.001
154.472  63.404
154.857  63.226
155.241  62.936
155.625  62.522
156.009  61.907
156.394  61.624
156.778  60.689
157.162  60.134
157.546  60.111
157.931  59.912
158.315  59.675
158.699  59.578
159.083  59.217
159.468  58.462
159.852  58.601
160.236  58.314
160.621  57.739
161.005  57.317
161.389  56.658
161.773  56.566
162.158  56.537
162.542  55.724
162.926  55.582
163.310  55.591
163.695  55.543
164.079  54.644
164.463  54.365
164.847  54.660
165.232  54.448
165.616  53.744
166.000  53.591
166.384  53.497
166.769  53.204
167.153  53.055
167.537  53.260
167.921  52.902
168.306  52.368
168.690  52.164
169.074  52.055
169.458  51.408
169.843  51.134
170.227  50.923
170.611  51.473
170.996  51.169
171.380  50.911
171.764  50.864
172.148  50.632
172.533  49.708
172.917  49.328
173.301  48.792
173.685  48.920
174.070  48.525
174.454  47.908
174.838  47.764
175.222  47.614
175.607  47.807
175.991  47.838
176.375  47.181
176.759  46.929
177.144  45.882
177.528  45.728
177.912  45.549
178.296  45.002
178.681  44.770
179.065  44.260
179.449  44.275
179.834  43.974
180.218  43.213
180.602  41.881
180.986  41.585
181.371  41.876
181.755  41.791
182.139  41.295
182.523  40.547
182.908  40.033
183.292  39.238
183.676  39.103
184.060  37.924
184.445  37.216
184.829  36.952
185.213  36.289
185.597  36.057
185.982  37.698
186.366  36.172
186.750  34.941
187.134  34.354
187.519  34.047
187.903  34.305
188.287  32.831
188.671  32.239
189.056  34.096
189.440  37.209
189.824  32.444
190.209  30.271
190.593  30.359
190.977  29.436
191.361  27.506
191.746  27.551
192.130  28.279
192.514  31.201
192.898  30.462
193.283  30.710
193.667  30.264
194.051  29.911
194.435  29.288
194.820  26.913
195.204  25.888
195.588  26.278
195.972  28.632
196.357  26.377
196.741  24.340
197.125  23.516
197.509  24.144
197.894  24.843
198.278  24.996
198.662  22.443
199.046  21.983
199.431  22.442
199.815  24.235
200.199  25.844
200.584  23.994
200.968  21.051
201.352  20.809
201.736  20.154
202.121  20.709
202.505  20.769
202.889  21.407
203.273  21.064
203.658  20.888
204.042  21.537
204.426  19.772
204.810  18.323
205.195  18.160
205.579  18.929
205.963  21.212
206.347  20.280
206.732  19.909
207.116  20.525
207.500  20.436
207.884  19.109
208.269  18.308
208.653  18.049
209.037  19.593
209.421  21.102
209.806  19.004
210.190  20.223
210.574  20.657
210.959  21.318
211.343  20.317
211.727  18.649
212.111  19.955
212.496  19.500
212.880  20.908
213.264  20.310
213.648  19.022
214.033  19.596
214.417  19.311
214.801  19.830
215.185  20.249
215.570  20.892
215.954  19.165
216.338  17.829
216.722  18.045
217.107  19.886
217.491  19.869
217.875  17.728
218.259  17.291
218.644  19.213
219.028  21.223
219.412  20.223
219.797  18.764
220.181  19.435
220.565  20.783
220.949  20.354
221.334  21.051
221.718  20.496
222.102  19.629
222.486  20.000
