0.000 20.000
0.306 18.204
0.612 19.802
0.917 19.414
1.223 19.623
1.529 19.029
1.835 21.288
2.141 21.739
2.447 21.561
2.752 21.105
3.058 20.334
3.364 20.136
3.670 18.705
3.976 18.369
4.281 19.129
4.587 20.034
4.893 21.210
5.199 21.600
5.505 22.291
5.810 21.282
6.116 20.837
6.422 21.424
6.728 20.909
7.034 21.382
7.340 21.237
7.645 21.069
7.951 22.271
8.257 22.083
8.563 21.954
8.869 20.583
9.174 18.636
9.480 21.102
9.786 21.988
10.092 22.190
10.398 21.348
10.703 20.378
11.009 20.077
11.315 20.729
11.621 21.445
11.927 21.873
12.233 20.402
12.538 19.766
12.844 20.771
13.150 22.206
13.456 21.816
13.762 20.767
14.067 21.072
14.373 21.408
14.679 20.919
14.985 21.911
15.291 22.879
15.597 22.876
15.902 21.425
16.208 18.829
16.514 16.844
16.820 18.175
17.126 20.575
17.431 20.324
17.737 21.054
18.043 22.574
18.349 22.147
18.655 22.522
18.960 22.065
19.266 20.034
19.572 21.715
19.878 20.794
20.184 21.281
20.490 22.439
20.795 21.607
21.101 21.626
21.407 19.964
21.713 21.122
22.019 22.303
22.324 23.730
22.630 23.523
22.936 24.702
23.242 23.423
23.548 22.833
23.853 21.166
24.159 22.149
24.465 24.661
24.771 24.499
25.077 25.097
25.383 26.032
25.688 23.686
25.994 20.286
26.300 22.758
26.606 23.911
26.912 25.156
27.217 25.783
27.523 22.843
27.829 24.519
28.135 26.436
28.441 26.267
28.746 26.538
29.052 27.817
29.358 30.313
29.664 29.816
29.970 29.135
30.276 30.108
30.581 30.284
30.887 28.720
31.193 29.670
31.499 32.029
31.805 30.779
32.110 31.184
32.416 31.258
32.722 31.612
33.028 32.908
33.334 34.808
33.640 34.065
33.945 34.718
34.251 35.480
34.557 35.554
34.863 37.577
35.169 37.283
35.474 37.647
35.780 38.083
36.086 38.805
36.392 39.514
36.698 39.460
37.003 40.067
37.309 41.068
37.615 41.466
37.921 42.185
38.227 42.812
38.533 43.488
38.838 44.571
39.144 45.022
39.450 45.519
39.756 46.236
40.062 46.342
40.367 47.205
40.673 48.333
40.979 48.338
41.285 48.605
41.591 49.263
41.896 49.718
42.202 50.416
42.508 50.739
42.814 50.818
43.120 51.393
43.426 51.961
43.731 52.667
44.037 52.668
44.343 53.014
44.649 53.333
44.955 53.533
45.260 53.613
45.566 53.666
45.872 54.410
46.178 54.535
46.484 54.529
46.790 54.489
47.095 55.331
47.401 55.830
47.707 56.193
48.013 56.462
48.319 56.572
48.624 56.557
48.930 56.341
49.236 57.041
49.542 57.120
49.848 57.230
50.153 57.708
50.459 57.674
50.765 57.853
51.071 58.240
51.377 58.376
51.683 58.379
51.988 58.692
52.294 59.231
52.600 59.485
52.906 59.587
53.212 59.585
53.517 59.704
53.823 60.014
54.129 60.427
54.435 60.825
54.741 60.691
55.046 61.076
55.352 61.820
55.658 61.732
55.964 61.850
56.270 61.982
56.576 62.499
56.881 63.005
57.187 62.821
57.493 63.322
57.799 63.978
58.105 64.045
58.410 64.260
58.716 64.815
59.022 65.139
59.328 65.332
59.634 65.708
59.940 65.514
60.245 65.881
60.551 66.696
60.857 67.250
61.163 66.749
61.469 67.216
61.774 67.721
62.080 67.938
62.386 68.283
62.692 68.598
62.998 68.440
63.303 69.186
63.609 69.853
63.915 69.668
64.221 69.823
64.527 70.067
64.833 70.592
65.138 71.083
65.444 71.952
65.750 72.041
66.056 72.399
66.362 72.827
66.667 73.229
66.973 73.600
67.279 74.100
67.585 74.633
67.891 74.812
68.196 75.032
68.502 75.299
68.808 75.385
69.114 75.939
69.420 76.308
69.726 76.673
70.031 77.585
70.337 77.888
70.643 78.363
70.949 78.570
71.255 78.910
71.560 79.883
71.866 80.227
72.172 80.493
72.478 81.022
72.784 81.876
73.090 81.960
73.395 82.449
73.701 82.896
74.007 83.125
74.313 83.676
74.619 84.348
74.924 84.852
75.230 85.789
75.536 86.593
75.842 86.856
76.148 87.574
76.453 87.816
76.759 88.196
77.065 88.724
77.371 89.191
77.677 89.635
77.983 90.267
78.288 90.551
78.594 91.200
78.900 92.376
79.206 93.520
79.512 94.124
79.817 94.976
80.123 95.467
80.429 96.221
80.735 97.467
81.041 98.247
81.346 99.467
81.652 100.618
81.958 100.678
82.264 101.194
82.570 103.003
82.876 104.003
83.181 104.719
83.487 105.396
83.793 106.835
84.099 107.562
84.405 108.892
84.710 110.133
85.016 110.859
85.322 111.592
85.628 113.476
85.934 114.766
86.239 115.708
86.545 116.972
86.851 118.831
87.157 119.712
87.463 121.086
87.769 122.460
88.074 124.172
88.380 125.662
88.686 127.159
88.992 128.583
89.298 129.932
89.603 132.395
89.909 133.880
90.215 134.039
90.521 134.963
90.827 136.138
91.133 137.071
91.438 137.612
91.744 138.222
92.050 139.401
92.356 140.870
92.662 142.071
92.967 143.220
93.273 144.935
93.579 146.977
93.885 149.733
94.191 151.933
94.496 154.740
94.802 161.637
95.108 166.933
95.414 169.464
95.720 169.988
96.026 170.000
96.331 170.000
96.637 170.000
96.943 170.000
97.249 170.000
97.555 170.000
97.860 170.000
98.166 170.000
98.472 170.000
98.778 170.000
99.084 170.000
99.389 170.000
99.695 170.000
100.001 170.000
100.307 170.000
100.613 170.000
100.919 170.000
101.224 170.000
101.530 170.000
101.836 170.000
102.142 170.000
102.448 170.000
102.753 170.000
103.059 170.000
103.365 170.000
103.671 170.000
103.977 170.000
104.283 170.000
104.588 170.000
104.894 170.000
105.200 170.000
105.506 170.000
105.812 170.000
106.117 170.000
106.423 170.000
106.729 170.000
107.035 170.000
107.341 170.000
107.646 170.000
107.952 170.000
108.258 170.000
108.564 170.000
108.870 170.000
109.176 170.000
109.481 170.000
109.787 170.000
110.093 170.000
110.399 170.000
110.705 170.000
111.010 170.000
111.316 170.000
111.622 170.000
111.928 170.000
112.234 169.880
112.539 168.712
112.845 162.885
113.151 157.163
113.457 150.336
113.763 143.211
114.069 139.689
114.374 136.232
114.680 129.721
114.986 123.258
115.292 119.829
115.598 117.162
115.903 112.818
116.209 109.472
116.515 107.401
116.821 105.287
117.127 103.711
117.433 102.092
117.738 100.150
118.044 98.591
118.350 97.348
118.656 95.629
118.962 94.733
119.267 93.635
119.573 92.187
119.879 91.317
120.185 90.758
120.491 90.026
120.796 88.488
121.102 86.961
121.408 86.278
121.714 84.572
122.020 83.952
122.326 83.456
122.631 82.364
122.937 80.435
123.243 79.501
123.549 79.175
123.855 78.015
124.160 76.875
124.466 75.796
124.772 73.494
125.078 72.951
125.384 72.449
125.689 71.940
125.995 70.294
126.301 69.495
126.607 68.193
126.913 67.570
127.219 66.657
127.524 66.171
127.830 64.895
128.136 64.523
128.442 63.878
128.748 62.955
129.053 61.641
129.359 60.842
129.665 60.529
129.971 59.661
130.277 58.408
130.582 57.794
130.888 57.023
131.194 56.478
131.500 56.123
131.806 55.595
132.112 55.206
132.417 55.001
132.723 54.230
133.029 53.519
133.335 52.985
133.641 52.994
133.946 51.930
134.252 50.985
134.558 51.039
134.864 50.627
135.170 50.001
135.476 49.205
135.781 48.848
136.087 48.981
136.393 48.640
136.699 47.622
137.005 47.472
137.310 47.381
137.616 47.041
137.922 46.547
138.228 46.338
138.534 46.336
138.839 45.945
139.145 45.255
139.451 44.267
139.757 43.829
140.063 44.763
140.369 43.790
140.674 43.084
140.980 42.675
141.286 42.523
141.592 42.615
141.898 42.257
142.203 41.958
142.509 41.725
142.815 41.521
143.121 40.817
143.427 40.634
143.732 41.166
144.038 40.419
144.344 40.014
144.650 40.266
144.956 40.091
145.262 39.646
145.567 39.035
145.873 39.333
146.179 38.185
146.485 38.039
146.791 37.649
147.096 37.066
147.402 37.504
147.708 37.715
148.014 37.364
148.320 37.329
148.626 36.676
148.931 36.190
149.237 37.498
149.543 36.957
149.849 36.444
150.155 35.769
150.460 35.440
150.766 35.770
151.072 35.708
151.378 36.111
151.684 35.569
151.989 35.621
152.295 36.026
152.601 35.532
152.907 34.858
153.213 33.667
153.519 35.504
153.824 33.928
154.130 34.457
154.436 34.538
154.742 33.579
155.048 33.481
155.353 33.266
155.659 32.801
155.965 33.617
156.271 34.347
156.577 32.556
156.882 33.525
157.188 32.202
157.494 31.281
157.800 30.997
158.106 30.414
158.412 30.344
158.717 32.199
159.023 32.518
159.329 30.987
159.635 31.140
159.941 32.026
160.246 30.058
160.552 29.224
160.858 27.980
161.164 29.165
161.470 31.166
161.775 30.719
162.081 30.329
162.387 32.672
162.693 32.842
162.999 31.798
163.305 30.852
163.610 30.708
163.916 31.426
164.222 29.140
164.528 28.391
164.834 28.459
165.139 28.021
165.445 29.068
165.751 26.327
166.057 26.421
166.363 27.385
166.669 26.208
166.974 24.848
167.280 24.349
167.586 25.309
167.892 25.188
168.198 26.413
168.503 25.099
168.809 26.167
169.115 24.928
169.421 21.821
169.727 21.775
170.032 25.127
170.338 24.985
170.644 23.310
170.950 22.454
171.256 23.197
171.562 23.649
171.867 22.721
172.173 21.579
172.479 23.170
172.785 24.168
173.091 21.902
173.396 21.869
173.702 22.249
174.008 21.336
174.314 20.362
174.620 20.839
174.925 21.220
175.231 20.504
175.537 19.872
175.843 18.613
176.149 20.566
176.455 21.694
176.760 20.240
177.066 21.326
177.372 20.213
177.678 21.527
177.984 21.505
178.289 19.349
178.595 19.263
178.901 18.707
179.207 19.125
179.513 17.611
179.819 18.653
180.124 18.403
180.430 18.815
180.736 19.594
181.042 19.296
181.348 19.656
181.653 17.800
181.959 17.881
182.265 20.445
182.571 20.034
182.877 19.263
183.182 17.988
183.488 18.432
183.794 21.199
184.100 21.433
184.406 19.856
184.712 19.197
185.017 20.008
185.323 19.768
185.629 18.039
185.935 18.937
186.241 18.988
186.546 17.105
186.852 19.499
187.158 17.706
187.464 18.689
187.770 19.537
188.075 19.021
188.381 19.760
188.687 20.475
188.993 19.003
189.299 18.942
189.605 20.082
189.910 19.128
190.216 17.901
190.522 17.825
190.828 19.318
191.134 19.711
191.439 19.817
191.745 20.063
192.051 18.304
192.357 16.269
192.663 18.054
192.969 18.373
193.274 17.276
193.580 17.283
193.886 16.553
194.192 17.141
194.498 20.775
194.803 19.557
195.109 20.064
195.415 20.914
195.721 20.686
196.027 21.492
196.332 20.184
196.638 19.490
196.944 19.198
197.250 21.179
197.556 19.712
197.862 17.735
198.167 16.472
198.473 18.951
198.779 20.769
199.085 20.968
199.391 20.525
199.696 18.668
200.002 18.783
200.308 19.636
200.614 17.692
200.920 18.834
201.225 19.379
201.531 20.416
201.837 19.298
202.143 20.526
202.449 18.102
202.755 19.608
203.060 20.691
203.366 18.934
203.672 21.379
203.978 20.571
204.284 20.690
204.589 21.466
204.895 20.938
205.201 18.345
205.507 19.677
205.813 20.073
206.118 20.667
206.424 21.009
206.730 18.526
207.036 17.017
207.342 19.177
207.648 19.868
207.953 15.909
208.259 17.082
208.565 17.541
208.871 16.943
209.177 17.335
209.482 18.552
209.788 18.936
210.094 19.509
210.400 20.376
210.706 21.514
211.012 21.227
211.317 21.231
211.623 20.626
211.929 19.019
212.235 19.243
212.541 22.395
212.846 19.880
213.152 19.564
213.458 19.461
213.764 19.177
214.070 19.865
214.375 19.407
214.681 18.682
214.987 19.729
215.293 18.896
215.599 18.476
215.905 18.483
216.210 17.874
216.516 17.371
216.822 17.620
217.128 18.103
217.434 19.317
217.739 18.887
218.045 17.856
218.351 19.388
218.657 19.915
218.963 19.391
219.268 16.666
219.574 17.206
219.880 18.953
220.186 18.713
220.492 21.552
220.798 21.711
221.103 20.039
221.409 20.125
221.715 20.964
222.021 20.846
222.327 19.067
222.632 19.737
222.938 19.674
223.244 20.322
223.550 21.177
223.856 20.160
224.162 18.720
224.467 18.290
224.773 20.000
