0.000 21.667
0.324 20.968
0.648 21.915
0.972 23.049
1.296 20.506
1.621 18.229
1.945 19.076
2.269 20.047
2.593 20.926
2.917 19.773
3.241 19.632
3.565 19.800
3.889 21.381
4.214 22.530
4.538 19.001
4.862 19.888
5.186 21.132
5.510 21.763
5.834 21.692
6.158 21.117
6.482 19.373
6.806 20.319
7.131 20.226
7.455 20.946
7.779 20.802
8.103 20.737
8.427 21.801
8.751 21.320
9.075 21.076
9.399 20.743
9.724 19.817
10.048 18.622
10.372 17.765
10.696 17.790
11.020 17.515
11.344 18.060
11.668 20.577
11.992 20.553
12.316 20.067
12.641 18.534
12.965 18.662
13.289 20.379
13.613 19.708
13.937 20.483
14.261 20.210
14.585 19.577
14.909 20.034
15.234 20.283
15.558 21.145
15.882 20.238
16.206 19.095
16.530 20.445
16.854 20.843
17.178 21.857
17.502 21.304
17.826 20.882
18.151 20.674
18.475 19.404
18.799 19.895
19.123 21.151
19.447 20.883
19.771 17.506
20.095 20.581
20.419 22.400
20.744 24.103
21.068 23.027
21.392 23.295
21.716 22.061
22.040 21.788
22.364 22.183
22.688 23.891
23.012 23.343
23.336 24.304
23.661 22.461
23.985 22.383
24.309 21.224
24.633 21.302
24.957 21.069
25.281 19.770
25.605 19.713
25.929 21.465
26.254 18.662
26.578 20.227
26.902 22.275
27.226 22.378
27.550 22.273
27.874 21.862
28.198 22.253
28.522 23.982
28.846 23.905
29.171 23.966
29.495 23.473
29.819 25.401
30.143 25.220
30.467 24.436
30.791 24.894
31.115 25.058
31.439 26.621
31.764 25.838
32.088 26.702
32.412 29.142
32.736 27.725
33.060 28.230
33.384 29.372
33.708 30.377
34.032 30.178
34.356 29.398
34.681 30.103
35.005 31.721
35.329 32.879
35.653 32.759
35.977 31.500
36.301 32.549
36.625 34.607
36.949 35.477
37.274 34.406
37.598 36.081
37.922 35.430
38.246 36.584
38.570 37.980
38.894 37.666
39.218 37.704
39.542 40.400
39.866 40.440
40.191 40.232
40.515 39.914
40.839 40.730
41.163 42.054
41.487 42.775
41.811 43.734
42.135 44.322
42.459 44.622
42.784 45.238
43.108 45.644
43.432 46.062
43.756 46.976
44.080 47.876
44.404 48.370
44.728 48.888
45.052 48.827
45.376 49.057
45.701 49.832
46.025 50.087
46.349 50.354
46.673 50.867
46.997 51.566
47.321 52.108
47.645 52.315
47.969 52.784
48.294 53.037
48.618 53.250
48.942 53.779
49.266 54.958
49.590 55.322
49.914 55.336
50.238 54.995
50.562 55.573
50.886 55.805
51.211 55.952
51.535 56.488
51.859 56.737
52.183 57.028
52.507 57.000
52.831 57.007
53.155 57.312
53.479 57.757
53.804 57.988
54.128 58.300
54.452 58.704
54.776 58.374
55.100 58.644
55.424 58.940
55.748 59.483
56.072 59.667
56.396 59.667
56.721 59.730
57.045 60.174
57.369 60.339
57.693 60.549
58.017 60.550
58.341 61.100
58.665 61.596
58.989 61.651
59.314 61.177
59.638 61.857
59.962 62.122
60.286 62.192
60.610 62.752
60.934 62.999
61.258 63.070
61.582 63.446
61.906 63.937
62.231 64.099
62.555 64.168
62.879 64.333
63.203 64.657
63.527 65.037
63.851 65.299
64.175 65.405
64.499 65.352
64.824 65.777
65.148 66.356
65.472 66.656
65.796 66.927
66.120 67.325
66.444 67.579
66.768 67.920
67.092 68.333
67.416 68.326
67.741 68.582
68.065 68.997
68.389 68.926
68.713 69.217
69.037 69.643
69.361 69.975
69.685 70.270
70.009 70.500
70.334 70.359
70.658 71.004
70.982 71.769
71.306 72.174
71.630 73.039
71.954 73.316
72.278 73.253
72.602 73.451
72.926 74.088
73.251 74.122
73.575 74.788
73.899 75.539
74.223 76.059
74.547 76.272
74.871 76.024
75.195 76.720
75.519 76.931
75.844 76.930
76.168 77.608
76.492 78.118
76.816 78.976
77.140 79.578
77.464 79.554
77.788 80.156
78.112 80.700
78.436 81.171
78.761 81.327
79.085 81.708
79.409 82.462
79.733 83.671
80.057 83.493
80.381 84.295
80.705 84.857
81.029 85.121
81.354 85.378
81.678 85.634
82.002 86.777
82.326 87.839
82.650 88.023
82.974 88.464
83.298 88.979
83.622 89.972
83.946 90.585
84.271 90.685
84.595 91.012
84.919 91.989
85.243 92.935
85.567 93.434
85.891 94.168
86.215 95.331
86.539 95.580
86.864 96.018
87.188 97.455
87.512 97.958
87.836 98.825
88.160 99.366
88.484 100.387
88.808 101.506
89.132 102.227
89.456 102.852
89.781 104.066
90.105 105.381
90.429 106.643
90.753 107.250
91.077 107.899
91.401 109.001
91.725 110.438
92.049 111.190
92.374 112.083
92.698 114.678
93.022 116.244
93.346 116.333
93.670 117.112
93.994 118.649
94.318 120.395
94.642 121.941
94.966 123.042
95.291 125.286
95.615 126.762
95.939 127.965
96.263 129.833
96.587 131.469
96.911 132.833
97.235 134.307
97.559 135.000
97.884 135.153
98.208 136.217
98.532 137.368
98.856 137.951
99.180 139.375
99.504 141.173
99.828 142.395
100.152 143.671
100.476 145.744
100.801 149.138
101.125 152.704
101.449 158.441
101.773 162.894
102.097 166.106
102.421 168.208
102.745 169.900
103.069 170.000
103.394 170.000
103.718 170.000
104.042 170.000
104.366 170.000
104.690 170.000
105.014 170.000
105.338 170.000
105.662 170.000
105.986 170.000
106.311 170.000
106.635 170.000
106.959 170.000
107.283 170.000
107.607 170.000
107.931 170.000
108.255 170.000
108.579 170.000
108.904 170.000
109.228 170.000
109.552 170.000
109.876 170.000
110.200 170.000
110.524 170.000
110.848 170.000
111.172 170.000
111.496 170.000
111.821 170.000
112.145 170.000
112.469 170.000
112.793 170.000
113.117 170.000
113.441 170.000
113.765 170.000
114.089 170.000
114.414 170.000
114.738 170.000
115.062 170.000
115.386 170.000
115.710 170.000
116.034 170.000
116.358 170.000
116.682 170.000
117.006 170.000
117.331 170.000
117.655 170.000
117.979 170.000
118.303 170.000
118.627 170.000
118.951 170.000
119.275 170.000
119.599 170.000
119.924 170.000
120.248 168.400
120.572 164.044
120.896 157.382
121.220 147.941
121.544 143.344
121.868 140.676
122.192 137.373
122.516 131.536
122.841 127.481
123.165 123.160
123.489 118.894
123.813 114.283
124.137 112.422
124.461 109.823
124.785 106.915
125.109 105.398
125.434 104.175
125.758 102.195
126.082 100.535
126.406 99.029
126.730 97.676
127.054 95.885
127.378 94.558
127.702 93.280
128.026 92.014
128.351 91.689
128.675 91.001
128.999 89.570
129.323 87.562
129.647 87.161
129.971 85.592
130.295 84.232
130.619 83.866
130.944 83.386
131.268 81.728
131.592 80.294
131.916 79.445
132.240 79.069
132.564 77.692
132.888 76.665
133.212 75.335
133.536 73.009
133.861 72.881
134.185 72.476
134.509 71.861
134.833 70.241
135.157 69.314
135.481 68.151
135.805 67.630
136.129 66.577
136.454 66.108
136.778 65.180
137.102 64.679
137.426 63.922
137.750 63.305
138.074 62.022
138.398 61.132
138.722 60.897
139.046 60.429
139.371 59.237
139.695 58.936
140.019 57.909
140.343 56.488
140.667 56.982
140.991 56.211
141.315 55.626
141.639 54.921
141.964 55.029
142.288 53.857
142.612 53.562
142.936 53.056
143.260 52.545
143.584 51.961
143.908 52.051
144.232 51.838
144.556 51.033
144.881 50.055
145.205 49.573
145.529 49.470
145.853 48.896
146.177 48.393
146.501 47.944
146.825 47.891
147.149 47.691
147.474 47.251
147.798 46.553
148.122 46.585
148.446 46.052
148.770 45.761
149.094 45.356
149.418 45.517
149.742 45.179
150.066 44.267
150.391 43.446
150.715 43.399
151.039 43.264
151.363 43.556
151.687 43.481
152.011 43.240
152.335 42.786
152.659 42.709
152.984 42.868
153.308 42.101
153.632 41.727
153.956 41.591
154.280 41.605
154.604 41.002
154.928 40.449
155.252 40.541
155.576 40.755
155.901 40.665
156.225 40.470
156.549 39.755
156.873 39.535
157.197 39.371
157.521 38.637
157.845 38.619
158.169 38.589
158.494 38.527
158.818 37.992
159.142 37.761
159.466 37.854
159.790 38.355
160.114 38.865
160.438 36.764
160.762 37.589
161.086 37.520
161.411 36.550
161.735 36.994
162.059 37.095
162.383 36.872
162.707 36.066
163.031 37.462
163.355 36.886
163.679 35.553
164.004 35.550
164.328 36.216
164.652 38.039
164.976 36.783
165.300 37.491
165.624 36.487
165.948 34.960
166.272 34.692
166.596 34.700
166.921 34.443
167.245 34.063
167.569 33.932
167.893 33.365
168.217 33.316
168.541 33.338
168.865 33.001
169.189 32.783
169.514 33.393
169.838 32.424
170.162 31.995
170.486 32.629
170.810 32.997
171.134 33.179
171.458 33.405
171.782 32.074
172.106 31.161
172.431 31.631
172.755 32.673
173.079 30.074
173.403 29.188
173.727 29.655
174.051 28.688
174.375 28.235
174.699 31.693
175.024 28.922
175.348 29.077
175.672 28.021
175.996 27.857
176.320 30.101
176.644 30.477
176.968 28.366
177.292 27.871
177.616 26.852
177.941 27.917
178.265 28.070
178.589 28.255
178.913 25.921
179.237 26.172
179.561 25.967
179.885 23.993
180.209 23.073
180.534 25.142
180.858 26.838
181.182 28.085
181.506 26.736
181.830 24.334
182.154 24.281
182.478 24.716
182.802 25.293
183.126 24.281
183.451 24.503
183.775 24.413
184.099 22.787
184.423 21.115
184.747 22.636
185.071 21.563
185.395 21.920
185.719 23.459
186.044 23.046
186.368 22.738
186.692 17.721
187.016 16.081
187.340 19.285
187.664 20.222
187.988 19.828
188.312 19.126
188.636 20.192
188.961 19.623
189.285 18.966
189.609 19.886
189.933 18.871
190.257 18.628
190.581 20.789
190.905 21.446
191.229 20.257
191.554 20.332
191.878 20.889
192.202 20.547
192.526 19.841
192.850 19.088
193.174 18.847
193.498 20.585
193.822 21.010
194.146 19.607
194.471 19.561
194.795 20.504
195.119 21.526
195.443 18.506
195.767 19.914
196.091 19.338
196.415 18.467
196.739 19.246
197.064 19.408
197.388 17.440
197.712 17.448
198.036 15.856
198.360 18.557
198.684 18.067
199.008 17.905
199.332 17.548
199.656 18.334
199.981 19.637
200.305 19.185
200.629 17.415
200.953 18.962
201.277 18.578
201.601 17.097
201.925 19.051
202.249 19.888
202.574 19.542
202.898 18.367
203.222 18.524
203.546 18.120
203.870 18.367
204.194 19.802
204.518 18.704
204.842 19.250
205.166 18.423
205.491 20.177
205.815 18.771
206.139 18.656
206.463 19.496
206.787 20.921
207.111 21.071
207.435 19.721
207.759 19.945
208.084 19.511
208.408 19.085
208.732 19.298
209.056 21.058
209.380 21.637
209.704 18.664
210.028 18.173
210.352 19.411
210.676 22.287
211.001 20.145
211.325 20.673
211.649 20.759
211.973 20.845
212.297 20.863
212.621 17.284
212.945 17.640
213.269 19.832
213.594 19.879
213.918 18.917
214.242 19.731
214.566 20.226
214.890 19.019
215.214 18.008
215.538 18.139
215.862 19.069
216.186 20.304
216.511 17.738
216.835 14.457
217.159 18.471
217.483 19.851
217.807 15.838
218.131 15.147
218.455 16.853
218.779 20.061
219.104 19.501
219.428 18.671
219.752 17.517
220.076 18.106
220.400 19.575
220.724 21.030
221.048 18.459
221.372 16.206
221.697 18.402
222.021 19.874
222.345 19.716
222.669 19.572
222.993 18.601
223.317 18.442
223.641 20.564
223.965 20.389
224.289 20.343
224.614 20.859
224.938 21.667
