0.000 20.000
0.278 17.731
0.556 19.982
0.834 22.162
1.113 20.871
1.391 18.806
1.669 21.997
1.947 21.193
2.225 19.833
2.503 21.649
2.781 21.910
3.060 20.846
3.338 21.039
3.616 20.196
3.894 21.491
4.172 21.603
4.450 20.172
4.728 19.907
5.007 21.309
5.285 18.609
5.563 18.565
5.841 20.714
6.119 21.888
6.397 21.493
6.675 21.431
6.954 21.582
7.232 21.328
7.510 22.552
7.788 20.545
8.066 17.843
8.344 21.124
8.622 22.262
8.901 20.556
9.179 22.336
9.457 21.043
9.735 19.236
10.013 17.204
10.291 20.711
10.569 19.085
10.847 19.544
11.126 19.944
11.404 20.125
11.682 19.344
11.960 20.092
12.238 20.297
12.516 19.741
12.794 20.292
13.073 20.034
13.351 19.807
13.629 21.220
13.907 20.794
14.185 22.751
14.463 22.660
14.741 22.813
15.020 22.536
15.298 22.514
15.576 20.100
15.854 21.362
16.132 22.454
16.410 22.839
16.688 20.722
16.967 19.811
17.245 21.889
17.523 20.278
17.801 20.132
18.079 20.391
18.357 21.104
18.635 21.857
18.914 22.240
19.192 20.761
19.470 20.137
19.748 19.468
20.026 19.926
20.304 23.007
20.582 22.899
20.861 21.011
21.139 20.526
21.417 20.978
21.695 20.983
21.973 21.807
22.251 25.107
22.529 24.071
22.808 20.572
23.086 18.983
23.364 19.133
23.642 19.119
23.920 21.312
24.198 22.400
24.476 23.305
24.755 22.841
25.033 22.934
25.311 22.784
25.589 23.950
25.867 24.585
26.145 24.797
26.423 25.868
26.702 24.976
26.980 25.109
27.258 23.400
27.536 24.577
27.814 26.064
28.092 25.199
28.370 24.437
28.649 25.913
28.927 28.654
29.205 27.760
29.483 28.505
29.761 27.891
30.039 26.487
30.317 27.748
30.595 28.216
30.874 30.844
31.152 32.449
31.430 29.004
31.708 30.041
31.986 33.044
32.264 32.533
32.542 32.224
32.821 32.980
33.099 33.496
33.377 32.919
33.655 33.633
33.933 34.991
34.211 35.616
34.489 34.912
34.768 35.842
35.046 36.371
35.324 36.571
35.602 37.271
35.880 39.363
36.158 38.609
36.436 39.358
36.715 40.166
36.993 40.424
37.271 41.923
37.549 44.333
37.827 43.713
38.105 43.271
38.383 43.947
38.662 45.108
38.940 45.780
39.218 46.430
39.496 46.613
39.774 47.160
40.052 47.816
40.330 47.930
40.609 48.485
40.887 48.828
41.165 49.347
41.443 49.619
41.721 49.793
41.999 50.531
42.277 50.989
42.556 51.382
42.834 51.701
43.112 52.100
43.390 52.328
43.668 52.499
43.946 53.536
44.224 53.481
44.503 54.286
44.781 53.929
45.059 54.119
45.337 54.404
45.615 55.075
45.893 54.813
46.171 55.629
46.450 55.449
46.728 55.545
47.006 55.881
47.284 55.833
47.562 55.898
47.840 56.331
48.118 55.879
48.397 56.411
48.675 56.831
48.953 56.890
49.231 56.732
49.509 57.383
49.787 57.941
50.065 58.001
50.343 58.236
50.622 58.357
50.900 58.252
51.178 58.596
51.456 58.174
51.734 58.654
52.012 59.699
52.290 59.941
52.569 59.534
52.847 59.827
53.125 60.696
53.403 60.380
53.681 60.559
53.959 61.047
54.237 61.639
54.516 61.320
54.794 62.485
55.072 62.382
55.350 62.091
55.628 62.422
55.906 62.899
56.184 63.585
56.463 63.746
56.741 64.667
57.019 64.749
57.297 64.530
57.575 64.840
57.853 65.377
58.131 65.480
58.410 66.097
58.688 66.323
58.966 66.259
59.244 66.536
59.522 67.116
59.800 67.563
60.078 67.970
60.357 68.639
60.635 68.666
60.913 68.667
61.191 68.704
61.469 69.571
61.747 69.785
62.025 70.000
62.304 70.171
62.582 70.678
62.860 71.261
63.138 71.009
63.416 71.011
63.694 71.818
63.972 72.702
64.251 73.248
64.529 73.609
64.807 73.442
65.085 73.897
65.363 74.812
65.641 75.068
65.919 75.436
66.198 75.980
66.476 76.030
66.754 76.506
67.032 76.755
67.310 77.388
67.588 77.873
67.866 78.399
68.145 79.018
68.423 79.525
68.701 80.085
68.979 80.717
69.257 81.144
69.535 81.670
69.813 81.894
70.091 82.002
70.370 82.166
70.648 83.009
70.926 84.148
71.204 84.290
71.482 84.626
71.760 85.230
72.038 86.242
72.317 86.516
72.595 87.058
72.873 87.700
73.151 88.126
73.429 89.045
73.707 89.904
73.985 90.405
74.264 91.075
74.542 91.709
74.820 92.458
75.098 93.341
75.376 93.803
75.654 94.483
75.932 95.073
76.211 96.182
76.489 96.983
76.767 97.931
77.045 99.306
77.323 99.998
77.601 100.497
77.879 100.663
78.158 101.287
78.436 103.386
78.714 104.638
78.992 104.834
79.270 105.652
79.548 106.565
79.826 107.569
80.105 108.679
80.383 110.487
80.661 110.986
80.939 112.712
81.217 113.932
81.495 115.141
81.773 116.503
82.052 117.740
82.330 118.778
82.608 120.092
82.886 121.872
83.164 123.655
83.442 124.476
83.720 125.958
83.999 127.895
84.277 129.307
84.555 130.718
84.833 132.486
85.111 133.521
85.389 134.518
85.667 135.442
85.946 136.016
86.224 136.970
86.502 137.934
86.780 138.780
87.058 139.539
87.336 140.925
87.614 142.054
87.893 143.450
88.171 144.866
88.449 145.874
88.727 147.078
89.005 150.859
89.283 154.451
89.561 157.678
89.839 162.867
90.118 167.933
90.396 169.734
90.674 169.990
90.952 170.000
91.230 170.000
91.508 170.000
91.786 170.000
92.065 170.000
92.343 170.000
92.621 170.000
92.899 170.000
93.177 170.000
93.455 170.000
93.733 170.000
94.012 170.000
94.290 170.000
94.568 170.000
94.846 170.000
95.124 170.000
95.402 170.000
95.680 170.000
95.959 170.000
96.237 170.000
96.515 170.000
96.793 170.000
97.071 170.000
97.349 170.000
97.627 170.000
97.906 170.000
98.184 170.000
98.462 170.000
98.740 170.000
99.018 170.000
99.296 170.000
99.574 170.000
99.853 170.000
100.131 170.000
100.409 170.000
100.687 170.000
100.965 170.000
101.243 170.000
101.521 170.000
101.800 170.000
102.078 170.000
102.356 170.000
102.634 170.000
102.912 170.000
103.190 170.000
103.468 170.000
103.747 170.000
104.025 170.000
104.303 170.000
104.581 170.000
104.859 170.000
105.137 170.000
105.415 169.513
105.694 166.678
105.972 160.948
106.250 151.411
106.528 144.614
106.806 141.678
107.084 138.767
107.362 134.481
107.641 131.279
107.919 126.574
108.197 121.175
108.475 117.993
108.753 115.086
109.031 111.079
109.309 108.929
109.587 108.078
109.866 106.170
110.144 104.188
110.422 101.984
110.700 100.719
110.978 99.516
111.256 98.314
111.534 97.068
111.813 95.615
112.091 94.629
112.369 93.230
112.647 91.298
112.925 89.890
113.203 87.657
113.481 86.189
113.760 84.849
114.038 83.708
114.316 82.091
114.594 81.132
114.872 80.031
115.150 78.539
115.428 76.905
115.707 75.202
115.985 73.757
116.263 72.559
116.541 71.947
116.819 71.080
117.097 69.957
117.375 69.514
117.654 68.696
117.932 66.768
118.210 65.957
118.488 64.688
118.766 63.552
119.044 63.015
119.322 62.600
119.601 61.945
119.879 61.205
120.157 60.327
120.435 59.108
120.713 57.621
120.991 57.340
121.269 56.686
121.548 56.064
121.826 55.575
122.104 54.771
122.382 54.427
122.660 53.626
122.938 53.234
123.216 52.122
123.495 51.857
123.773 51.312
124.051 50.813
124.329 49.822
124.607 49.360
124.885 48.670
125.163 48.605
125.442 47.811
125.720 46.998
125.998 46.640
126.276 46.526
126.554 45.691
126.832 45.327
127.110 45.147
127.389 44.728
127.667 44.023
127.945 43.698
128.223 43.226
128.501 42.920
128.779 42.313
129.057 41.612
129.335 41.017
129.614 41.081
129.892 41.014
130.170 40.882
130.448 40.557
130.726 40.014
131.004 39.804
131.282 39.725
131.561 39.131
131.839 38.921
132.117 38.154
132.395 37.680
132.673 37.509
132.951 37.391
133.229 37.668
133.508 37.604
133.786 37.221
134.064 36.429
134.342 36.491
134.620 37.335
134.898 38.665
135.176 37.543
135.455 37.843
135.733 37.483
136.011 35.220
136.289 34.146
136.567 34.567
136.845 34.807
137.123 34.466
137.402 33.460
137.680 34.064
137.958 33.434
138.236 32.462
138.514 32.714
138.792 32.846
139.070 32.455
139.349 32.208
139.627 31.860
139.905 31.546
140.183 31.409
140.461 31.333
140.739 32.214
141.017 32.916
141.296 31.842
141.574 31.277
141.852 30.210
142.130 32.857
142.408 34.497
142.686 34.551
142.964 33.423
143.243 33.351
143.521 35.968
143.799 33.572
144.077 34.214
144.355 34.138
144.633 32.655
144.911 28.895
145.190 29.081
145.468 32.549
145.746 30.634
146.024 28.124
146.302 27.711
146.580 28.204
146.858 32.933
147.137 31.167
147.415 27.938
147.693 27.800
147.971 28.404
148.249 28.978
148.527 27.488
148.805 27.743
149.083 27.621
149.362 27.890
149.640 26.339
149.918 26.810
150.196 24.755
150.474 25.048
150.752 24.944
151.030 25.731
151.309 26.096
151.587 25.813
151.865 27.284
152.143 28.277
152.421 28.896
152.699 24.924
152.977 24.492
153.256 25.838
153.534 27.604
153.812 26.903
154.090 25.812
154.368 26.055
154.646 23.843
154.924 22.552
155.203 26.808
155.481 27.310
155.759 25.256
156.037 23.814
156.315 24.407
156.593 23.313
156.871 21.616
157.150 22.904
157.428 24.372
157.706 23.904
157.984 21.350
158.262 22.255
158.540 23.020
158.818 22.669
159.097 21.022
159.375 20.570
159.653 20.737
159.931 21.132
160.209 20.714
160.487 20.010
160.765 19.803
161.044 20.367
161.322 20.405
161.600 20.916
161.878 23.086
162.156 21.929
162.434 21.226
162.712 17.794
162.991 18.357
163.269 19.969
163.547 22.224
163.825 23.321
164.103 21.644
164.381 18.303
164.659 18.597
164.938 19.296
165.216 20.054
165.494 18.322
165.772 17.347
166.050 21.167
166.328 19.526
166.606 20.152
166.885 22.831
167.163 21.507
167.441 20.384
167.719 19.953
167.997 19.498
168.275 19.647
168.553 17.676
168.831 17.420
169.110 17.928
169.388 19.829
169.666 19.267
169.944 18.217
170.222 20.381
170.500 21.457
170.778 20.534
171.057 19.717
171.335 20.002
171.613 19.911
171.891 19.164
172.169 18.795
172.447 19.144
172.725 19.020
173.004 19.976
173.282 20.160
173.560 19.966
173.838 19.678
174.116 20.670
174.394 18.631
174.672 18.356
174.951 20.363
175.229 20.682
175.507 20.057
175.785 19.752
176.063 22.069
176.341 18.289
176.619 19.283
176.898 19.853
177.176 17.968
177.454 18.391
177.732 19.174
178.010 19.265
178.288 18.890
178.566 19.530
178.845 20.084
179.123 17.811
179.401 19.775
179.679 19.093
179.957 18.755
180.235 19.951
180.513 20.243
180.792 21.423
181.070 18.652
181.348 20.192
181.626 20.097
181.904 18.789
182.182 17.552
182.460 18.862
182.739 17.278
183.017 20.313
183.295 21.339
183.573 18.842
183.851 18.633
184.129 18.891
184.407 19.329
184.686 18.760
184.964 18.577
185.242 20.007
185.520 19.427
185.798 19.278
186.076 19.286
186.354 19.054
186.633 19.364
186.911 18.368
187.189 18.346
187.467 18.645
187.745 20.303
188.023 20.256
188.301 19.282
188.579 17.306
188.858 17.320
189.136 18.799
189.414 18.844
189.692 18.180
189.970 17.565
190.248 17.656
190.526 17.835
190.805 17.288
191.083 18.629
191.361 19.431
191.639 18.751
191.917 19.150
192.195 18.153
192.473 18.089
192.752 19.811
193.030 22.203
193.308 22.872
193.586 19.065
193.864 16.896
194.142 18.228
194.420 17.856
194.699 22.046
194.977 22.326
195.255 18.996
195.533 18.175
195.811 17.444
196.089 18.631
196.367 21.333
