0.000 19.333
0.201 22.721
0.401 21.495
0.602 19.091
0.802 20.416
1.003 20.813
1.204 21.267
1.404 22.375
1.605 22.408
1.805 21.338
2.006 21.115
2.207 21.058
2.407 19.840
2.608 18.027
2.808 21.444
3.009 22.196
3.210 21.632
3.410 22.049
3.611 22.419
3.812 22.504
4.012 22.195
4.213 21.541
4.413 21.452
4.614 22.018
4.815 21.456
5.015 22.923
5.216 22.972
5.416 19.251
5.617 19.525
5.818 21.055
6.018 20.991
6.219 20.342
6.419 20.959
6.620 21.307
6.821 20.156
7.021 20.847
7.222 21.035
7.422 23.127
7.623 22.080
7.824 21.254
8.024 22.171
8.225 22.020
8.425 21.400
8.626 21.846
8.827 23.279
9.027 21.656
9.228 20.391
9.428 22.305
9.629 22.710
9.830 22.578
10.030 23.657
10.231 22.792
10.432 21.161
10.632 19.197
10.833 20.646
11.033 20.463
11.234 21.985
11.435 22.128
11.635 20.095
11.836 19.936
12.036 20.236
12.237 19.308
12.438 18.222
12.638 17.480
12.839 18.791
13.039 20.914
13.240 21.435
13.441 21.429
13.641 21.620
13.842 20.911
14.042 21.046
14.243 21.962
14.444 19.514
14.644 19.832
14.845 22.508
15.045 24.317
15.246 24.278
15.447 23.225
15.647 24.800
15.848 23.786
16.048 21.003
16.249 21.521
16.450 23.575
16.650 23.339
16.851 22.256
17.051 21.762
17.252 20.421
17.453 21.461
17.653 24.211
17.854 24.348
18.055 23.915
18.255 23.878
18.456 23.624
18.656 22.374
18.857 20.740
19.058 21.881
19.258 22.862
19.459 24.724
19.659 25.272
19.860 26.491
20.061 23.922
20.261 25.502
20.462 26.814
20.662 26.344
20.863 25.577
21.064 25.695
21.264 26.924
21.465 27.425
21.665 26.941
21.866 27.282
22.067 26.534
22.267 26.093
22.468 26.362
22.668 27.688
22.869 28.837
23.070 28.497
23.270 29.932
23.471 30.110
23.671 27.824
23.872 26.608
24.073 29.418
24.273 30.560
24.474 28.933
24.675 30.852
24.875 33.144
25.076 31.613
25.276 32.125
25.477 33.022
25.678 32.715
25.878 32.374
26.079 33.251
26.279 33.815
26.480 34.991
26.681 34.999
26.881 33.969
27.082 35.666
27.282 35.614
27.483 37.224
27.684 35.858
27.884 35.563
28.085 35.818
28.285 37.185
28.486 38.392
28.687 38.826
28.887 38.219
29.088 38.839
29.288 38.611
29.489 38.790
29.690 40.443
29.890 41.714
30.091 41.302
30.291 42.382
30.492 42.741
30.693 42.220
30.893 42.661
31.094 43.659
31.295 43.795
31.495 43.846
31.696 44.431
31.896 44.823
32.097 45.671
32.298 45.612
32.498 45.621
32.699 46.598
32.899 46.565
33.100 46.649
33.301 47.297
33.501 47.659
33.702 47.827
33.902 48.092
34.103 48.130
34.304 48.445
34.504 48.038
34.705 48.648
34.905 48.629
35.106 49.203
35.307 49.451
35.507 49.793
35.708 50.131
35.908 50.150
36.109 50.133
36.310 50.439
36.510 50.537
36.711 50.198
36.911 50.637
37.112 50.625
37.313 50.804
37.513 50.912
37.714 51.229
37.914 51.492
38.115 51.341
38.316 51.089
38.516 50.824
38.717 51.497
38.918 51.700
39.118 51.672
39.319 51.789
39.519 51.672
39.720 51.980
39.921 52.170
40.121 52.333
40.322 52.604
40.522 52.826
40.723 53.147
40.924 53.229
41.124 53.333
41.325 53.488
41.525 53.679
41.726 53.207
41.927 54.169
42.127 54.625
42.328 54.470
42.528 54.649
42.729 54.685
42.930 55.473
43.130 55.509
43.331 55.436
43.531 55.700
43.732 55.945
43.933 55.835
44.133 55.974
44.334 55.961
44.534 56.660
44.735 56.993
44.936 57.138
45.136 57.632
45.337 57.057
45.538 57.539
45.738 58.032
45.939 58.607
46.139 58.700
46.340 58.555
46.541 58.838
46.741 58.747
46.942 59.345
47.142 60.154
47.343 60.402
47.544 60.276
47.744 60.102
47.945 60.771
48.145 61.090
48.346 61.272
48.547 61.770
48.747 61.892
48.948 62.068
49.148 62.709
49.349 63.065
49.550 63.328
49.750 63.612
49.951 63.667
50.151 63.186
50.352 63.514
50.553 64.390
50.753 64.935
50.954 64.771
51.154 65.159
51.355 65.939
51.556 66.103
51.756 66.909
51.957 66.669
52.158 67.273
52.358 67.592
52.559 67.745
52.759 68.759
52.960 69.333
53.161 69.669
53.361 70.019
53.562 70.316
53.762 71.011
53.963 71.588
54.164 72.238
54.364 73.006
54.565 73.445
54.765 74.126
54.966 74.977
55.167 75.125
55.367 75.411
55.568 76.401
55.768 77.227
55.969 77.666
56.170 78.582
56.370 79.320
56.571 79.354
56.771 80.074
56.972 81.298
57.173 81.662
57.373 81.994
57.574 82.596
57.774 83.499
57.975 84.232
58.176 84.670
58.376 85.231
58.577 85.984
58.777 86.629
58.978 87.113
59.179 88.042
59.379 89.164
59.580 90.372
59.781 90.671
59.981 90.967
60.182 91.873
60.382 93.153
60.583 93.880
60.784 94.692
60.984 96.071
61.185 97.432
61.385 98.629
61.586 99.313
61.787 100.332
61.987 101.950
62.188 103.003
62.388 104.400
62.589 105.433
62.790 106.202
62.990 107.392
63.191 109.081
63.391 110.357
63.592 111.580
63.793 113.492
63.993 114.865
64.194 116.612
64.394 117.244
64.595 118.860
64.796 121.516
64.996 123.314
65.197 124.874
65.397 126.956
65.598 128.832
65.799 130.937
65.999 133.346
66.200 134.256
66.401 135.443
66.601 136.797
66.802 137.841
67.002 138.903
67.203 140.324
67.404 141.398
67.604 142.707
67.805 143.914
68.005 145.002
68.206 146.829
68.407 148.832
68.607 150.488
68.808 153.186
69.008 154.566
69.209 157.629
69.410 165.952
69.610 169.571
69.811 170.000
70.011 170.000
70.212 170.000
70.413 170.000
70.613 170.000
70.814 170.000
71.014 170.000
71.215 170.000
71.416 170.000
71.616 170.000
71.817 170.000
72.017 170.000
72.218 170.000
72.419 170.000
72.619 170.000
72.820 170.000
73.021 170.000
73.221 170.000
73.422 170.000
73.622 170.000
73.823 170.000
74.024 170.000
74.224 170.000
74.425 170.000
74.625 170.000
74.826 170.000
75.027 170.000
75.227 170.000
75.428 170.000
75.628 170.000
75.829 170.000
76.030 170.000
76.230 170.000
76.431 170.000
76.631 170.000
76.832 170.000
77.033 170.000
77.233 170.000
77.434 170.000
77.634 170.000
77.835 170.000
78.036 170.000
78.236 170.000
78.437 170.000
78.637 170.000
78.838 170.000
79.039 170.000
79.239 170.000
79.440 170.000
79.641 170.000
79.841 170.000
80.042 170.000
80.242 170.000
80.443 170.000
80.644 170.000
80.844 170.000
81.045 169.966
81.245 169.741
81.446 167.924
81.647 165.210
81.847 158.330
82.048 149.640
82.248 144.008
82.449 139.695
82.650 137.460
82.850 136.018
83.051 133.153
83.251 129.243
83.452 126.525
83.653 123.890
83.853 120.087
84.054 117.793
84.254 114.022
84.455 111.695
84.656 109.376
84.856 106.049
85.057 104.049
85.257 101.407
85.458 99.009
85.659 97.652
85.859 95.826
86.060 93.159
86.260 91.308
86.461 90.230
86.662 87.780
86.862 86.498
87.063 84.743
87.264 83.381
87.464 82.132
87.665 80.563
87.865 79.196
88.066 78.327
88.267 77.286
88.467 75.773
88.668 74.665
88.868 72.911
89.069 71.899
89.270 71.299
89.470 70.198
89.671 69.099
89.871 68.759
90.072 67.656
90.273 66.698
90.473 65.990
90.674 65.006
90.874 64.786
91.075 64.280
91.276 63.770
91.476 63.618
91.677 62.410
91.877 62.025
92.078 61.354
92.279 61.147
92.479 61.117
92.680 60.764
92.880 59.963
93.081 59.225
93.282 59.146
93.482 58.649
93.683 58.364
93.884 58.509
94.084 57.528
94.285 57.276
94.485 56.803
94.686 56.290
94.887 55.969
95.087 55.514
95.288 55.427
95.488 55.535
95.689 55.129
95.890 54.489
96.090 53.683
96.291 54.071
96.491 53.370
96.692 53.333
96.893 52.776
97.093 52.618
97.294 52.828
97.494 52.461
97.695 52.446
97.896 52.338
98.096 51.595
98.297 50.697
98.497 50.049
98.698 50.106
98.899 49.868
99.099 50.600
99.300 50.384
99.500 49.622
99.701 49.135
99.902 49.064
100.102 48.880
100.303 49.321
100.504 48.983
100.704 48.686
100.905 48.774
101.105 48.743
101.306 49.167
101.507 48.466
101.707 48.062
101.908 48.264
102.108 48.091
102.309 48.032
102.510 48.154
102.710 48.158
102.911 47.574
103.111 47.333
103.312 47.361
103.513 47.020
103.713 46.875
103.914 46.612
104.114 46.621
104.315 46.689
104.516 46.346
104.716 46.256
104.917 45.906
105.117 45.205
105.318 45.150
105.519 45.168
105.719 45.181
105.920 44.890
106.120 44.618
106.321 44.123
106.522 43.122
106.722 43.538
106.923 43.246
107.123 42.845
107.324 42.971
107.525 42.287
107.725 41.667
107.926 41.547
108.127 41.333
108.327 41.298
108.528 40.889
108.728 40.674
108.929 40.211
109.130 40.545
109.330 40.369
109.531 39.860
109.731 39.433
109.932 39.021
110.133 38.716
110.333 38.636
110.534 38.977
110.734 38.594
110.935 38.670
111.136 39.353
111.336 37.761
111.537 37.441
111.737 37.384
111.938 37.488
112.139 38.341
112.339 38.805
112.540 37.280
112.740 35.969
112.941 35.648
113.142 36.667
113.342 36.028
113.543 34.961
113.743 33.513
113.944 34.666
114.145 34.280
114.345 33.764
114.546 33.439
114.747 33.770
114.947 33.203
115.148 33.029
115.348 33.536
115.549 34.427
115.750 33.126
115.950 31.422
116.151 32.759
116.351 34.826
116.552 33.117
116.753 32.162
116.953 32.225
117.154 30.865
117.354 29.933
117.555 29.663
117.756 30.107
117.956 32.147
118.157 31.935
118.357 29.287
118.558 28.818
118.759 29.109
118.959 28.572
119.160 27.503
119.360 27.513
119.561 25.652
119.762 25.093
119.962 24.632
120.163 25.337
120.363 24.390
120.564 22.845
120.765 24.252
120.965 25.494
121.166 23.670
121.367 24.811
121.567 25.478
121.768 24.911
121.968 24.587
122.169 23.238
122.370 22.928
122.570 22.924
122.771 23.058
122.971 22.911
123.172 21.823
123.373 22.170
123.573 22.507
123.774 19.829
123.974 19.336
124.175 20.856
124.376 21.999
124.576 20.195
124.777 18.370
124.977 17.870
125.178 18.325
125.379 18.095
125.579 19.812
125.780 21.427
125.980 20.055
126.181 21.255
126.382 22.041
126.582 21.094
126.783 21.892
126.983 22.650
127.184 21.560
127.385 20.188
127.585 19.311
127.786 19.929
127.986 20.413
128.187 19.110
128.388 21.292
128.588 20.938
128.789 19.345
128.990 19.392
129.190 20.887
129.391 21.194
129.591 18.416
129.792 19.385
129.993 20.405
130.193 18.909
130.394 17.687
130.594 18.069
130.795 17.903
130.996 18.151
131.196 20.667
131.397 19.521
131.597 17.983
131.798 18.231
131.999 19.198
132.199 20.723
132.400 19.856
132.600 19.224
132.801 21.149
133.002 21.374
133.202 16.194
133.403 18.037
133.603 17.051
133.804 18.367
134.005 19.902
134.205 16.909
134.406 17.671
134.606 19.289
134.807 20.172
135.008 18.337
135.208 16.943
135.409 17.603
135.610 20.092
135.810 20.338
136.011 20.032
136.211 20.139
136.412 18.109
136.613 17.505
136.813 18.283
137.014 19.382
137.214 19.568
137.415 19.770
137.616 20.597
137.816 20.466
138.017 18.337
138.217 17.135
138.418 17.055
138.619 17.518
138.819 16.823
139.020 17.532
139.220 17.665
139.421 16.844
139.622 18.475
139.822 20.053
140.023 21.257
140.223 22.030
140.424 20.960
140.625 19.807
140.825 19.230
141.026 19.780
141.226 18.372
141.427 16.809
141.628 17.011
141.828 18.195
142.029 18.561
142.230 19.018
142.430 20.511
142.631 20.900
142.831 19.921
143.032 19.732
143.233 19.232
143.433 18.258
143.634 19.040
143.834 19.199
144.035 18.138
144.236 17.353
144.436 18.262
144.637 20.105
144.837 20.177
145.038 19.310
145.239 18.427
145.439 19.071
145.640 18.504
145.840 19.126
146.041 18.958
146.242 18.842
146.442 19.410
146.643 18.741
146.843 19.393
147.044 20.709
147.245 19.572
147.445 18.428
147.646 19.570
147.846 19.736
148.047 16.030
148.248 15.029
148.448 18.961
148.649 19.477
148.850 19.903
149.050 18.621
149.251 17.942
149.451 17.936
149.652 18.217
149.853 17.287
150.053 17.959
150.254 18.280
150.454 16.500
150.655 15.140
150.856 15.333
