0.000 22.000
0.346 21.861
0.692 21.226
1.039 22.080
1.385 22.898
1.731 22.920
2.077 22.851
2.424 21.180
2.770 22.195
3.116 22.354
3.462 22.653
3.809 21.434
4.155 19.532
4.501 19.767
4.847 20.977
5.194 22.807
5.540 21.149
5.886 21.438
6.232 21.972
6.578 24.748
6.925 23.178
7.271 22.895
7.617 21.670
7.963 22.347
8.310 23.330
8.656 23.565
9.002 21.757
9.348 21.431
9.695 21.368
10.041 22.700
10.387 22.891
10.733 20.994
11.079 22.886
11.426 23.297
11.772 22.398
12.118 21.264
12.464 22.790
12.811 23.580
13.157 23.984
13.503 23.713
13.849 23.003
14.196 24.858
14.542 24.091
14.888 21.910
15.234 19.830
15.581 22.399
15.927 22.737
16.273 21.171
16.619 19.504
16.965 20.152
17.312 23.599
17.658 23.461
18.004 23.544
18.350 21.979
18.697 21.840
19.043 23.460
19.389 23.663
19.735 22.784
20.082 22.092
20.428 21.045
20.774 22.301
21.120 22.943
21.467 23.096
21.813 23.094
22.159 23.282
22.505 22.813
22.851 21.495
23.198 22.627
23.544 23.431
23.890 22.736
24.236 22.616
24.583 22.453
24.929 21.293
25.275 21.987
25.621 22.337
25.968 21.478
26.314 22.214
26.660 21.696
27.006 20.715
27.352 21.451
27.699 22.189
28.045 22.666
28.391 22.046
28.737 22.943
29.084 22.794
29.430 24.482
29.776 24.470
30.122 23.624
30.469 21.256
30.815 21.823
31.161 23.857
31.507 23.459
31.854 21.069
32.200 18.762
32.546 22.108
32.892 23.282
33.238 22.544
33.585 20.495
33.931 22.914
34.277 23.415
34.623 24.100
34.970 24.741
35.316 24.310
35.662 24.871
36.008 26.626
36.355 25.199
36.701 22.762
37.047 23.539
37.393 24.993
37.740 24.872
38.086 23.868
38.432 22.947
38.778 25.399
39.124 23.669
39.471 23.132
39.817 23.807
40.163 22.811
40.509 23.527
40.856 24.577
41.202 23.445
41.548 22.958
41.894 26.116
42.241 28.045
42.587 26.859
42.933 25.509
43.279 26.094
43.625 28.563
43.972 29.045
44.318 28.300
44.664 26.549
45.010 26.954
45.357 26.713
45.703 28.571
46.049 30.161
46.395 30.438
46.742 30.136
47.088 30.430
47.434 31.240
47.780 32.259
48.127 31.431
48.473 30.830
48.819 31.604
49.165 34.446
49.511 33.991
49.858 33.719
50.204 32.916
50.550 34.791
50.896 35.422
51.243 34.685
51.589 35.294
51.935 36.925
52.281 37.584
52.628 36.758
52.974 36.900
53.320 37.745
53.666 38.175
54.013 38.000
54.359 38.378
54.705 39.578
55.051 39.831
55.397 41.484
55.744 40.545
56.090 40.231
56.436 40.785
56.782 42.400
57.129 42.501
57.475 42.183
57.821 42.664
58.167 42.808
58.514 43.137
58.860 43.042
59.206 43.387
59.552 44.170
59.898 44.325
60.245 44.549
60.591 44.363
60.937 44.547
61.283 45.015
61.630 45.240
61.976 45.593
62.322 46.060
62.668 46.019
63.015 46.744
63.361 46.658
63.707 46.901
64.053 47.221
64.400 47.916
64.746 48.052
65.092 48.023
65.438 48.162
65.784 47.904
66.131 48.564
66.477 48.644
66.823 48.892
67.169 49.266
67.516 49.177
67.862 49.287
68.208 48.776
68.554 49.242
68.901 49.434
69.247 49.845
69.593 50.317
69.939 50.418
70.286 50.340
70.632 50.452
70.978 50.974
71.324 50.979
71.670 51.012
72.017 51.256
72.363 51.242
72.709 51.691
73.055 51.854
73.402 52.311
73.748 52.454
74.094 52.960
74.440 53.049
74.787 53.151
75.133 53.291
75.479 53.804
75.825 53.792
76.171 54.263
76.518 53.933
76.864 54.074
77.210 54.667
77.556 54.839
77.903 55.152
78.249 55.370
78.595 55.386
78.941 55.385
79.288 55.647
79.634 55.725
79.980 55.991
80.326 56.500
80.673 56.682
81.019 56.662
81.365 56.976
81.711 57.943
82.057 58.110
82.404 57.842
82.750 58.524
83.096 58.406
83.442 58.500
83.789 59.246
84.135 59.642
84.481 59.859
84.827 60.104
85.174 60.944
85.520 61.010
85.866 61.162
86.212 60.920
86.559 62.023
86.905 62.532
87.251 62.499
87.597 62.487
87.943 62.819
88.290 63.097
88.636 63.705
88.982 64.000
89.328 63.595
89.675 64.291
90.021 65.099
90.367 65.570
90.713 65.874
91.060 66.101
91.406 66.328
91.752 66.419
92.098 66.808
92.444 67.013
92.791 67.658
93.137 67.919
93.483 67.833
93.829 68.537
94.176 69.257
94.522 69.468
94.868 69.406
95.214 69.830
95.561 70.829
95.907 71.255
96.253 71.307
96.599 72.037
96.946 72.665
97.292 73.062
97.638 73.115
97.984 73.330
98.330 73.986
98.677 74.591
99.023 74.670
99.369 75.368
99.715 76.066
100.062 76.583
100.408 76.565
100.754 77.524
101.100 78.737
101.447 79.043
101.793 78.984
102.139 79.286
102.485 79.633
102.832 80.074
103.178 81.545
103.524 81.795
103.870 82.592
104.216 83.332
104.563 83.526
104.909 84.373
105.255 85.054
105.601 86.223
105.948 86.746
106.294 87.470
106.640 88.736
106.986 89.079
107.333 89.266
107.679 90.231
108.025 91.385
108.371 91.999
108.717 93.078
109.064 94.348
109.410 95.631
109.756 95.800
110.102 97.309
110.449 98.708
110.795 99.292
111.141 99.750
111.487 101.339
111.834 102.530
112.180 103.472
112.526 104.690
112.872 105.704
113.219 106.917
113.565 107.811
113.911 109.577
114.257 111.115
114.603 112.079
114.950 113.312
115.296 114.972
115.642 116.803
115.988 118.120
116.335 119.586
116.681 122.032
117.027 123.321
117.373 124.634
117.720 126.407
118.066 128.041
118.412 129.434
118.758 130.564
119.105 132.060
119.451 133.583
119.797 135.406
120.143 136.376
120.489 137.264
120.836 138.267
121.182 138.949
121.528 140.040
121.874 141.268
122.221 143.327
122.567 144.905
122.913 147.477
123.259 150.128
123.606 155.248
123.952 164.186
124.298 168.619
124.644 169.836
124.990 170.000
125.337 170.000
125.683 170.000
126.029 170.000
126.375 170.000
126.722 170.000
127.068 170.000
127.414 170.000
127.760 170.000
128.107 170.000
128.453 170.000
128.799 170.000
129.145 170.000
129.492 170.000
129.838 170.000
130.184 170.000
130.530 170.000
130.876 170.000
131.223 170.000
131.569 170.000
131.915 170.000
132.261 170.000
132.608 170.000
132.954 170.000
133.300 170.000
133.646 170.000
133.993 170.000
134.339 170.000
134.685 170.000
135.031 170.000
135.378 170.000
135.724 170.000
136.070 170.000
136.416 170.000
136.762 170.000
137.109 170.000
137.455 170.000
137.801 170.000
138.147 170.000
138.494 170.000
138.840 170.000
139.186 170.000
139.532 170.000
139.879 170.000
140.225 170.000
140.571 170.000
140.917 170.000
141.263 170.000
141.610 170.000
141.956 170.000
142.302 170.000
142.648 170.000
142.995 170.000
143.341 170.000
143.687 170.000
144.033 169.771
144.380 169.040
144.726 167.810
145.072 164.086
145.418 157.300
145.765 153.226
146.111 147.275
146.457 142.518
146.803 140.340
147.149 138.534
147.496 136.524
147.842 134.487
148.188 133.085
148.534 129.768
148.881 126.201
149.227 123.831
149.573 121.722
149.919 119.229
150.266 115.980
150.612 114.150
150.958 113.048
151.304 111.431
151.651 109.218
151.997 107.726
152.343 106.743
152.689 105.081
153.035 103.263
153.382 101.854
153.728 100.671
154.074 99.679
154.420 98.673
154.767 98.426
155.113 97.059
155.459 95.454
155.805 94.730
156.152 92.893
156.498 91.804
156.844 91.062
157.190 90.432
157.536 89.243
157.883 88.456
158.229 87.965
158.575 86.986
158.921 85.531
159.268 84.517
159.614 83.954
159.960 82.529
160.306 81.414
160.653 80.746
160.999 80.415
161.345 79.583
161.691 78.561
162.038 77.289
162.384 76.818
162.730 75.781
163.076 74.897
163.422 74.865
163.769 73.350
164.115 72.519
164.461 71.972
164.807 71.522
165.154 70.383
165.500 69.004
165.846 68.651
166.192 68.358
166.539 67.453
166.885 66.657
167.231 66.480
167.577 65.226
167.924 64.611
168.270 64.319
168.616 64.348
168.962 63.783
169.308 63.160
169.655 63.116
170.001 62.129
170.347 61.574
170.693 60.832
171.040 61.035
171.386 60.291
171.732 59.468
172.078 59.041
172.425 58.508
172.771 58.265
173.117 57.987
173.463 57.688
173.809 56.485
174.156 56.317
174.502 56.128
174.848 55.580
175.194 54.830
175.541 54.667
175.887 54.642
176.233 54.286
176.579 53.814
176.926 53.604
177.272 52.878
177.618 52.378
177.964 51.970
178.311 51.970
178.657 51.280
179.003 50.449
179.349 50.183
179.695 50.404
180.042 50.256
180.388 49.512
180.734 49.175
181.080 49.042
181.427 48.000
181.773 47.775
182.119 48.179
182.465 48.294
182.812 47.457
183.158 47.259
183.504 47.033
183.850 46.338
184.197 46.565
184.543 46.174
184.889 45.884
185.235 45.176
185.581 45.322
185.928 45.333
186.274 45.239
186.620 44.856
186.966 44.419
187.313 43.836
187.659 43.251
188.005 43.861
188.351 43.682
188.698 43.550
189.044 43.239
189.390 43.255
189.736 43.098
190.082 43.012
190.429 42.667
190.775 42.507
191.121 42.289
191.467 41.459
191.814 40.903
192.160 41.071
192.506 41.387
192.852 40.773
193.199 40.930
193.545 40.228
193.891 39.928
194.237 39.955
194.584 39.196
194.930 39.313
195.276 39.199
195.622 38.469
195.968 38.713
196.315 39.499
196.661 39.214
197.007 37.834
197.353 37.218
197.700 37.425
198.046 36.399
198.392 35.941
198.738 36.023
199.085 35.422
199.431 35.435
199.777 34.903
200.123 33.796
200.470 33.762
200.816 34.696
201.162 36.668
201.508 34.572
201.854 34.853
202.201 33.786
202.547 32.047
202.893 32.442
203.239 32.374
203.586 30.360
203.932 30.447
204.278 30.566
204.624 30.026
204.971 31.167
205.317 32.136
205.663 32.185
206.009 30.270
206.355 27.473
206.702 27.148
207.048 27.137
207.394 26.277
207.740 27.486
208.087 28.168
208.433 29.312
208.779 27.568
209.125 24.806
209.472 24.594
209.818 25.576
210.164 26.910
210.510 27.189
210.857 27.791
211.203 26.628
211.549 27.787
211.895 25.727
212.241 24.220
212.588 21.149
212.934 23.709
213.280 25.556
213.626 26.438
213.973 22.922
214.319 20.526
214.665 21.211
215.011 22.209
215.358 20.391
215.704 18.877
216.050 20.852
216.396 20.380
216.743 20.026
217.089 19.342
217.435 19.265
217.781 20.594
218.127 19.913
218.474 19.519
218.820 17.879
219.166 20.043
219.512 21.273
219.859 20.602
220.205 19.011
220.551 19.107
220.897 18.821
221.244 20.320
221.590 17.790
221.936 16.074
222.282 18.767
222.628 19.969
222.975 20.351
223.321 18.726
223.667 17.168
224.013 17.279
224.360 17.908
224.706 19.472
225.052 19.278
225.398 20.199
225.745 20.816
226.091 19.456
226.437 16.545
226.783 17.607
227.130 18.415
227.476 17.351
227.822 16.625
228.168 18.172
228.514 17.734
228.861 18.229
229.207 18.904
229.553 17.002
229.899 18.373
230.246 19.571
230.592 19.264
230.938 20.559
231.284 21.375
231.631 18.220
231.977 16.050
232.323 18.356
232.669 19.942
233.016 20.227
233.362 19.296
233.708 18.406
234.054 20.701
234.400 22.113
234.747 19.646
235.093 17.472
235.439 17.092
235.785 18.354
236.132 21.067
236.478 19.748
236.824 16.878
237.170 17.702
237.517 20.131
237.863 22.202
238.209 20.780
238.555 19.709
238.902 19.011
239.248 18.403
239.594 18.433
239.940 18.186
240.286 18.460
240.633 21.307
240.979 19.814
241.325 18.425
241.671 18.044
242.018 18.612
242.364 17.970
242.710 18.463
243.056 19.530
243.403 20.352
243.749 19.011
244.095 19.957
244.441 20.933
244.787 20.741
245.134 19.477
245.480 18.359
245.826 16.215
246.172 17.218
246.519 17.885
246.865 18.342
247.211 21.336
247.557 21.588
247.904 22.301
248.250 20.398
248.596 17.298
248.942 17.808
249.289 17.227
249.635 18.689
249.981 18.660
250.327 19.564
250.673 19.704
251.020 19.464
251.366 17.109
251.712 16.188
252.058 17.858
252.405 17.485
252.751 19.001
253.097 19.848
253.443 22.619
253.790 21.755
254.136 20.603
254.482 20.290
254.828 19.617
255.174 19.001
255.521 18.398
255.867 21.651
256.213 19.983
256.559 19.317
256.906 18.435
257.252 18.381
257.598 19.514
257.944 19.393
258.291 17.914
258.637 19.804
258.983 20.742
259.329 20.960
259.676 20.042
260.022 18.717
260.368 17.163
260.714 17.637
261.060 19.270
261.407 17.915
261.753 18.298
262.099 17.580
262.445 17.636
262.792 17.823
263.138 17.124
263.484 16.445
263.830 17.287
264.177 18.236
264.523 18.832
264.869 17.159
265.215 10.962
265.562 1.268
265.908 0.000
266.254 0.000
266.600 0.000
266.946 0.000
267.293 0.000
267.639 0.000
