0.000 19.000
0.274 21.483
0.548 20.414
0.822 20.213
1.095 20.333
1.369 20.207
1.643 19.823
1.917 21.095
2.191 21.925
2.465 21.900
2.738 20.860
3.012 19.318
3.286 19.730
3.560 17.533
3.834 17.830
4.108 19.944
4.381 20.664
4.655 20.328
4.929 19.314
5.203 21.741
5.477 18.950
5.751 19.174
6.024 22.353
6.298 22.935
6.572 23.208
6.846 22.364
7.120 21.176
7.394 21.181
7.667 21.537
7.941 19.904
8.215 20.588
8.489 21.239
8.763 20.492
9.037 19.428
9.310 18.736
9.584 18.698
9.858 19.757
10.132 22.315
10.406 22.148
10.680 18.560
10.953 19.268
11.227 21.158
11.501 21.221
11.775 22.132
12.049 21.501
12.323 22.087
12.596 22.937
12.870 21.685
13.144 21.348
13.418 21.711
13.692 22.509
13.966 21.731
14.240 24.245
14.513 23.022
14.787 22.054
15.061 20.897
15.335 20.599
15.609 22.746
15.883 21.902
16.156 19.671
16.430 21.086
16.704 20.575
16.978 21.449
17.252 20.369
17.526 21.592
17.799 23.429
18.073 20.816
18.347 19.298
18.621 19.828
18.895 22.720
19.169 23.999
19.442 20.487
19.716 19.967
19.990 21.385
20.264 21.616
20.538 22.348
20.812 20.650
21.085 19.550
21.359 17.960
21.633 20.048
21.907 20.583
22.181 20.563
22.455 20.523
22.728 21.204
23.002 21.692
23.276 21.321
23.550 21.885
23.824 23.126
24.098 23.386
24.371 23.663
24.645 20.981
24.919 22.713
25.193 23.518
25.467 24.093
25.741 23.417
26.014 22.103
26.288 26.629
26.562 25.978
26.836 24.592
27.110 23.986
27.384 24.254
27.658 24.701
27.931 24.352
28.205 26.463
28.479 26.504
28.753 26.825
29.027 26.716
29.301 26.693
29.574 26.929
29.848 27.928
30.122 29.874
30.396 28.997
30.670 28.798
30.944 28.590
31.217 29.023
31.491 30.027
31.765 29.951
32.039 30.601
32.313 30.320
32.587 30.675
32.860 30.465
33.134 29.607
33.408 30.458
33.682 33.541
33.956 36.594
34.230 36.220
34.503 35.111
34.777 35.498
35.051 35.622
35.325 37.405
35.599 38.880
35.873 39.108
36.146 37.859
36.420 39.247
36.694 39.497
36.968 41.126
37.242 42.376
37.516 43.097
37.789 43.360
38.063 42.464
38.337 43.295
38.611 44.287
38.885 45.067
39.159 45.776
39.432 46.493
39.706 46.934
39.980 47.797
40.254 47.440
40.528 47.951
40.802 48.624
41.076 49.075
41.349 49.454
41.623 49.992
41.897 49.817
42.171 50.440
42.445 50.941
42.719 51.504
42.992 52.104
43.266 52.416
43.540 52.826
43.814 53.283
44.088 53.848
44.362 53.592
44.635 53.328
44.909 54.179
45.183 54.333
45.457 54.359
45.731 54.876
46.005 55.042
46.278 55.184
46.552 55.061
46.826 55.502
47.100 55.918
47.374 56.076
47.648 56.446
47.921 56.320
48.195 56.085
48.469 56.962
48.743 57.052
49.017 57.142
49.291 57.138
49.564 57.321
49.838 57.527
50.112 58.044
50.386 58.239
50.660 58.340
50.934 58.553
51.207 58.813
51.481 58.890
51.755 59.421
52.029 60.000
52.303 59.710
52.577 59.531
52.850 59.884
53.124 60.163
53.398 60.224
53.672 60.380
53.946 61.135
54.220 61.430
54.494 61.185
54.767 62.055
55.041 62.499
55.315 62.592
55.589 62.506
55.863 62.943
56.137 63.312
56.410 63.690
56.684 64.125
56.958 64.734
57.232 64.911
57.506 64.988
57.780 65.434
58.053 65.374
58.327 65.613
58.601 66.010
58.875 65.736
59.149 66.285
59.423 67.077
59.696 67.261
59.970 67.872
60.244 68.349
60.518 68.693
60.792 68.500
61.066 68.801
61.339 68.980
61.613 69.568
61.887 70.000
62.161 69.971
62.435 70.686
62.709 71.096
62.982 71.077
63.256 71.496
63.530 71.955
63.804 72.670
64.078 73.121
64.352 73.400
64.625 73.617
64.899 74.385
65.173 74.819
65.447 75.092
65.721 75.690
65.995 76.328
66.268 76.357
66.542 76.694
66.816 77.086
67.090 77.686
67.364 77.965
67.638 78.358
67.912 78.919
68.185 79.694
68.459 80.266
68.733 80.525
69.007 81.155
69.281 81.681
69.555 81.983
69.828 82.042
70.102 82.032
70.376 83.018
70.650 84.316
70.924 84.164
71.198 84.911
71.471 85.679
71.745 86.261
72.019 86.751
72.293 87.323
72.567 87.957
72.841 88.189
73.114 89.227
73.388 89.868
73.662 90.465
73.936 91.235
74.210 91.875
74.484 92.555
74.757 93.373
75.031 93.861
75.305 94.501
75.579 95.093
75.853 96.309
76.127 97.037
76.400 98.330
76.674 99.610
76.948 100.022
77.222 100.505
77.496 100.705
77.770 101.560
78.043 103.743
78.317 104.639
78.591 104.865
78.865 105.688
79.139 106.587
79.413 107.714
79.686 108.802
79.960 110.574
80.234 111.051
80.508 112.839
80.782 114.017
81.056 115.285
81.330 116.564
81.603 117.824
81.877 118.847
82.151 120.174
82.425 122.014
82.699 123.686
82.973 124.570
83.246 126.037
83.520 127.944
83.794 129.311
84.068 130.819
84.342 132.480
84.616 133.550
84.889 134.549
85.163 135.470
85.437 136.029
85.711 137.082
85.985 137.914
86.259 138.780
86.532 139.608
86.806 140.994
87.080 141.971
87.354 143.444
87.628 144.799
87.902 145.938
88.175 147.544
88.449 150.992
88.723 154.389
88.997 157.913
89.271 163.720
89.545 168.141
89.818 169.737
90.092 170.000
90.366 170.000
90.640 170.000
90.914 170.000
91.188 170.000
91.461 170.000
91.735 170.000
92.009 170.000
92.283 170.000
92.557 170.000
92.831 170.000
93.104 170.000
93.378 170.000
93.652 170.000
93.926 170.000
94.200 170.000
94.474 170.000
94.748 170.000
95.021 170.000
95.295 170.000
95.569 170.000
95.843 170.000
96.117 170.000
96.391 170.000
96.664 170.000
96.938 170.000
97.212 170.000
97.486 170.000
97.760 170.000
98.034 170.000
98.307 170.000
98.581 170.000
98.855 170.000
99.129 170.000
99.403 170.000
99.677 170.000
99.950 170.000
100.224 170.000
100.498 170.000
100.772 170.000
101.046 170.000
101.320 170.000
101.593 170.000
101.867 170.000
102.141 170.000
102.415 170.000
102.689 170.000
102.963 170.000
103.236 170.000
103.510 170.000
103.784 170.000
104.058 170.000
104.332 170.000
104.606 169.657
104.879 165.616
105.153 157.386
105.427 149.385
105.701 144.212
105.975 141.409
106.249 136.747
106.522 133.920
106.796 130.957
107.070 127.051
107.344 121.314
107.618 118.316
107.892 114.659
108.166 112.310
108.439 109.932
108.713 107.794
108.987 105.804
109.261 104.543
109.535 103.205
109.809 101.118
110.082 99.561
110.356 97.994
110.630 96.820
110.904 95.904
111.178 95.022
111.452 92.214
111.725 90.585
111.999 88.948
112.273 87.061
112.547 86.209
112.821 84.811
113.095 82.593
113.368 81.640
113.642 80.620
113.916 79.110
114.190 77.384
114.464 76.189
114.738 74.215
115.011 73.066
115.285 72.064
115.559 70.989
115.833 70.074
116.107 69.086
116.381 68.226
116.654 66.453
116.928 65.612
117.202 64.545
117.476 63.403
117.750 62.622
118.024 62.315
118.297 60.944
118.571 60.181
118.845 59.715
119.119 58.918
119.393 57.976
119.667 57.602
119.940 56.669
120.214 55.896
120.488 55.528
120.762 54.463
121.036 53.458
121.310 53.452
121.584 52.072
121.857 51.491
122.131 51.403
122.405 50.747
122.679 50.298
122.953 50.012
123.227 49.890
123.500 48.409
123.774 47.892
124.048 47.240
124.322 46.917
124.596 47.066
124.870 46.259
125.143 45.091
125.417 44.462
125.691 44.258
125.965 43.813
126.239 44.090
126.513 43.994
126.786 42.465
127.060 42.541
127.334 42.282
127.608 41.969
127.882 41.223
128.156 40.544
128.429 40.976
128.703 40.086
128.977 40.124
129.251 39.661
129.525 39.256
129.799 39.237
130.072 39.416
130.346 38.570
130.620 38.476
130.894 37.006
131.168 36.764
131.442 36.936
131.715 37.093
131.989 37.009
132.263 36.696
132.537 36.836
132.811 36.109
133.085 34.869
133.358 35.031
133.632 37.488
133.906 36.958
134.180 36.760
134.454 34.160
134.728 32.532
135.002 33.006
135.275 33.859
135.549 33.531
135.823 34.293
136.097 32.533
136.371 31.667
136.645 31.667
136.918 31.762
137.192 31.680
137.466 32.259
137.740 33.165
138.014 33.150
138.288 31.948
138.561 30.978
138.835 31.806
139.109 31.038
139.383 32.368
139.657 33.980
139.931 32.873
140.204 32.328
140.478 31.904
140.752 32.295
141.026 32.726
141.300 32.959
141.574 34.276
141.847 34.421
142.121 33.084
142.395 28.601
142.669 29.566
142.943 32.724
143.217 33.627
143.490 31.096
143.764 31.941
144.038 30.434
144.312 27.649
144.586 28.880
144.860 29.752
145.133 30.185
145.407 28.153
145.681 26.819
145.955 26.697
146.229 25.891
146.503 28.942
146.776 29.588
147.050 29.432
147.324 29.934
147.598 26.935
147.872 27.449
148.146 28.310
148.420 26.703
148.693 27.316
148.967 26.972
149.241 24.356
149.515 25.707
149.789 26.959
150.063 26.716
150.336 26.610
150.610 25.343
150.884 26.073
151.158 27.326
151.432 28.018
151.706 26.144
151.979 26.064
152.253 26.453
152.527 24.595
152.801 23.049
153.075 25.531
153.349 25.854
153.622 25.493
153.896 23.922
154.170 22.486
154.444 23.443
154.718 24.621
154.992 24.383
155.265 25.411
155.539 23.133
155.813 20.146
156.087 20.510
156.361 22.032
156.635 22.312
156.908 22.762
157.182 22.624
157.456 21.834
157.730 22.710
158.004 21.046
158.278 20.049
158.551 20.959
158.825 20.954
159.099 20.116
159.373 19.982
159.647 23.486
159.921 23.269
160.194 20.429
160.468 20.163
160.742 19.731
161.016 19.228
161.290 19.930
161.564 21.764
161.838 21.383
162.111 21.040
162.385 20.647
162.659 20.050
162.933 19.374
163.207 21.482
163.481 18.830
163.754 19.604
164.028 19.735
164.302 19.169
164.576 19.034
164.850 19.976
165.124 19.836
165.397 19.234
165.671 18.687
165.945 17.290
166.219 16.581
166.493 17.234
166.767 18.938
167.040 17.536
167.314 17.728
167.588 18.084
167.862 19.119
168.136 19.515
168.410 18.859
168.683 19.303
168.957 18.417
169.231 16.616
169.505 17.030
169.779 18.936
170.053 19.320
170.326 18.160
170.600 18.811
170.874 20.085
171.148 20.919
171.422 20.389
171.696 18.173
171.969 18.073
172.243 17.933
172.517 18.451
172.791 18.828
173.065 20.733
173.339 20.889
173.612 18.373
173.886 17.888
174.160 17.693
174.434 19.710
174.708 19.815
174.982 18.493
175.256 17.870
175.529 18.199
175.803 20.243
176.077 21.088
176.351 20.239
176.625 18.169
176.899 18.433
177.172 18.977
177.446 19.537
177.720 19.058
177.994 19.200
178.268 19.187
178.542 19.766
178.815 18.605
179.089 20.233
179.363 20.773
179.637 20.753
179.911 19.131
180.185 18.240
180.458 19.287
180.732 20.304
181.006 20.541
181.280 19.787
181.554 18.668
181.828 17.647
182.101 18.360
182.375 20.428
182.649 21.923
182.923 21.625
183.197 22.241
183.471 22.124
183.744 19.752
184.018 18.013
184.292 16.730
184.566 19.731
184.840 22.242
185.114 19.848
185.387 18.651
185.661 20.460
185.935 19.724
186.209 18.020
186.483 16.204
186.757 14.885
187.031 18.233
187.304 20.191
187.578 19.066
187.852 18.298
188.126 18.404
188.400 18.480
188.674 19.910
188.947 20.227
189.221 18.753
189.495 18.470
189.769 18.468
190.043 18.815
190.317 18.949
190.590 18.768
190.864 16.430
191.138 20.158
191.412 19.884
191.686 19.353
191.960 18.840
192.233 20.937
192.507 20.762
192.781 18.415
193.055 19.605
193.329 19.922
193.603 18.072
193.876 17.003
194.150 20.057
194.424 22.000
