0.000 23.000
0.359 22.154
0.717 20.443
1.076 20.400
1.434 22.310
1.793 22.704
2.151 20.959
2.510 18.283
2.869 20.211
3.227 22.123
3.586 23.803
3.944 21.482
4.303 21.486
4.662 23.039
5.020 23.523
5.379 23.100
5.737 23.007
6.096 21.086
6.454 23.679
6.813 23.121
7.172 20.767
7.530 20.291
7.889 21.855
8.247 24.326
8.606 23.463
8.964 19.946
9.323 21.121
9.682 22.694
10.040 21.827
10.399 21.420
10.757 21.593
11.116 22.162
11.475 23.192
11.833 22.889
12.192 20.458
12.550 20.794
12.909 21.289
13.267 21.964
13.626 19.635
13.985 21.547
14.343 22.193
14.702 23.200
15.060 21.046
15.419 21.343
15.777 22.629
16.136 23.476
16.495 22.417
16.853 22.249
17.212 22.894
17.570 22.771
17.929 21.784
18.288 22.378
18.646 22.349
19.005 22.074
19.363 21.244
19.722 23.757
20.080 23.027
20.439 21.826
20.798 22.054
21.156 23.302
21.515 21.938
21.873 19.933
22.232 20.883
22.590 20.732
22.949 21.251
23.308 20.551
23.666 21.798
24.025 23.228
24.383 25.007
24.742 22.198
25.101 21.480
25.459 22.011
25.818 22.125
26.176 22.991
26.535 23.103
26.893 22.852
27.252 19.856
27.611 20.910
27.969 22.276
28.328 19.654
28.686 21.340
29.045 22.492
29.403 23.391
29.762 23.761
30.121 24.054
30.479 24.128
30.838 24.030
31.196 23.904
31.555 23.491
31.914 21.280
32.272 22.069
32.631 23.833
32.989 23.500
33.348 25.268
33.706 23.682
34.065 24.181
34.424 22.853
34.782 22.496
35.141 23.987
35.499 23.381
35.858 23.084
36.217 22.540
36.575 24.136
36.934 24.650
37.292 26.171
37.651 26.688
38.009 28.433
38.368 27.328
38.727 27.141
39.085 28.687
39.444 29.480
39.802 28.226
40.161 27.238
40.519 28.380
40.878 30.153
41.237 32.174
41.595 31.243
41.954 29.710
42.312 31.347
42.671 30.800
43.030 30.809
43.388 30.866
43.747 32.223
44.105 32.543
44.464 33.189
44.822 31.073
45.181 30.810
45.540 31.753
45.898 33.733
46.257 34.465
46.615 34.383
46.974 36.550
47.332 36.735
47.691 35.758
48.050 36.302
48.408 36.670
48.767 36.563
49.125 36.594
49.484 37.062
49.843 37.511
50.201 38.819
50.560 38.459
50.918 38.551
51.277 39.180
51.635 40.807
51.994 40.383
52.353 40.731
52.711 41.375
53.070 41.289
53.428 41.625
53.787 42.440
54.145 42.952
54.504 42.748
54.863 42.926
55.221 43.602
55.580 43.544
55.938 43.539
56.297 44.378
56.656 44.752
57.014 44.851
57.373 44.848
57.731 45.089
58.090 45.731
58.448 45.654
58.807 46.022
59.166 46.495
59.524 46.137
59.883 46.400
60.241 46.641
60.600 47.011
60.958 47.459
61.317 47.954
61.676 48.252
62.034 48.296
62.393 48.376
62.751 48.601
63.110 48.587
63.469 48.667
63.827 48.668
64.186 48.949
64.544 49.197
64.903 49.627
65.261 49.634
65.620 49.614
65.979 49.417
66.337 50.114
66.696 50.471
67.054 50.642
67.413 50.657
67.771 50.844
68.130 50.834
68.489 50.800
68.847 51.332
69.206 51.527
69.564 51.810
69.923 51.851
70.282 51.841
70.640 51.845
70.999 52.351
71.357 52.995
71.716 53.258
72.074 53.759
72.433 53.995
72.792 54.099
73.150 54.225
73.509 54.779
73.867 54.387
74.226 54.638
74.584 55.076
74.943 55.212
75.302 55.487
75.660 55.676
76.019 55.951
76.377 56.586
76.736 56.739
77.095 56.889
77.453 57.046
77.812 57.717
78.170 57.773
78.529 57.987
78.887 57.724
79.246 58.362
79.605 59.197
79.963 59.180
80.322 59.374
80.680 58.781
81.039 59.447
81.397 59.793
81.756 60.052
82.115 60.828
82.473 61.073
82.832 61.171
83.190 61.112
83.549 61.299
83.908 61.336
84.266 61.806
84.625 62.513
84.983 63.151
85.342 63.455
85.700 63.386
86.059 64.028
86.418 64.388
86.776 64.457
87.135 64.691
87.493 65.241
87.852 65.477
88.210 65.676
88.569 65.811
88.928 66.362
89.286 66.875
89.645 67.091
90.003 66.731
90.362 66.824
90.721 67.555
91.079 68.566
91.438 69.251
91.796 69.633
92.155 70.036
92.513 70.512
92.872 71.211
93.231 71.000
93.589 71.638
93.948 72.785
94.306 72.681
94.665 72.791
95.024 73.494
95.382 74.621
95.741 74.213
96.099 74.449
96.458 74.861
96.816 75.803
97.175 76.409
97.534 76.425
97.892 76.994
98.251 77.711
98.609 78.510
98.968 79.125
99.326 79.596
99.685 80.097
100.044 80.519
100.402 81.080
100.761 81.802
101.119 82.080
101.478 82.958
101.837 84.358
102.195 85.199
102.554 85.677
102.912 86.098
103.271 86.911
103.629 87.544
103.988 88.748
104.347 90.125
104.705 90.971
105.064 91.478
105.422 92.012
105.781 93.415
106.139 94.441
106.498 94.971
106.857 95.850
107.215 96.638
107.574 97.730
107.932 98.482
108.291 99.830
108.650 100.901
109.008 101.580
109.367 102.595
109.725 103.948
110.084 105.213
110.442 106.154
110.801 107.332
111.160 108.670
111.518 110.905
111.877 111.919
112.235 112.935
112.594 114.814
112.952 116.209
113.311 116.731
113.670 117.884
114.028 120.143
114.387 121.755
114.745 122.900
115.104 125.184
115.463 126.792
115.821 127.495
116.180 128.295
116.538 130.685
116.897 132.531
117.255 133.354
117.614 134.474
117.973 136.153
118.331 137.635
118.690 138.239
119.048 139.486
119.407 141.727
119.765 143.447
120.124 145.137
120.483 149.673
120.841 155.478
121.200 160.020
121.558 164.293
121.917 168.796
122.276 169.984
122.634 170.000
122.993 170.000
123.351 170.000
123.710 170.000
124.068 170.000
124.427 170.000
124.786 170.000
125.144 170.000
125.503 170.000
125.861 170.000
126.220 170.000
126.578 170.000
126.937 170.000
127.296 170.000
127.654 170.000
128.013 170.000
128.371 170.000
128.730 170.000
129.089 170.000
129.447 170.000
129.806 170.000
130.164 170.000
130.523 170.000
130.881 170.000
131.240 170.000
131.599 170.000
131.957 170.000
132.316 170.000
132.674 170.000
133.033 170.000
133.391 170.000
133.750 170.000
134.109 170.000
134.467 170.000
134.826 170.000
135.184 170.000
135.543 170.000
135.902 170.000
136.260 170.000
136.619 170.000
136.977 170.000
137.336 170.000
137.694 170.000
138.053 170.000
138.412 170.000
138.770 170.000
139.129 170.000
139.487 170.000
139.846 170.000
140.204 170.000
140.563 170.000
140.922 170.000
141.280 170.000
141.639 170.000
141.997 170.000
142.356 169.482
142.715 168.102
143.073 165.483
143.432 159.772
143.790 154.491
144.149 149.916
144.507 144.310
144.866 141.298
145.225 138.859
145.583 137.098
145.942 135.005
146.300 133.607
146.659 131.496
147.018 127.525
147.376 124.615
147.735 122.295
148.093 120.192
148.452 117.083
148.810 114.735
149.169 113.435
149.528 112.176
149.886 109.898
150.245 108.182
150.603 107.137
150.962 105.855
151.320 103.986
151.679 102.375
152.038 101.149
152.396 99.956
152.755 98.985
153.113 98.578
153.472 98.082
153.831 96.231
154.189 95.114
154.548 93.964
154.906 92.239
155.265 91.364
155.623 90.834
155.982 90.064
156.341 89.127
156.699 88.273
157.058 87.931
157.416 86.757
157.775 85.230
158.133 84.791
158.492 83.789
158.851 82.487
159.209 81.600
159.568 80.995
159.926 80.487
160.285 79.498
160.644 78.016
161.002 77.184
161.361 76.959
161.719 76.352
162.078 75.254
162.436 74.321
162.795 73.642
163.154 72.901
163.512 71.988
163.871 71.646
164.229 70.956
164.588 69.903
164.946 69.167
165.305 68.680
165.664 68.277
166.022 67.585
166.381 67.181
166.739 66.700
167.098 65.536
167.457 65.129
167.815 64.528
168.174 63.671
168.532 63.432
168.891 63.090
169.249 62.506
169.608 61.911
169.967 61.785
170.325 61.570
170.684 60.936
171.042 60.231
171.401 59.995
171.759 59.621
172.118 58.918
172.477 58.645
172.835 58.195
173.194 57.503
173.552 57.047
173.911 56.559
174.270 56.434
174.628 56.421
174.987 55.655
175.345 54.830
175.704 55.009
176.062 54.639
176.421 54.460
176.780 53.465
177.138 52.982
177.497 52.885
177.855 52.589
178.214 52.394
178.572 52.010
178.931 51.688
179.290 51.142
179.648 50.688
180.007 50.398
180.365 49.992
180.724 49.778
181.083 49.644
181.441 49.542
181.800 49.021
182.158 48.477
182.517 48.372
182.875 47.874
183.234 47.182
183.593 47.038
183.951 47.234
184.310 46.859
184.668 46.633
185.027 46.460
185.385 46.196
185.744 44.868
186.103 44.637
186.461 44.699
186.820 44.954
187.178 44.725
187.537 44.502
187.896 44.284
188.254 44.025
188.613 44.168
188.971 44.422
189.330 44.156
189.688 43.531
190.047 42.875
190.406 43.010
190.764 43.092
191.123 42.723
191.481 42.759
191.840 42.524
192.198 42.051
192.557 41.678
192.916 40.899
193.274 40.675
193.633 40.378
193.991 40.027
194.350 40.015
194.709 39.611
195.067 39.522
195.426 39.159
195.784 40.340
196.143 39.129
196.501 37.903
196.860 37.812
197.219 38.163
197.577 39.037
197.936 36.417
198.294 36.118
198.653 35.667
199.011 35.756
199.370 35.189
199.729 34.934
200.087 35.145
200.446 34.767
200.804 33.448
201.163 34.137
201.522 33.378
201.880 32.865
202.239 33.258
202.597 33.637
202.956 34.886
203.314 32.920
203.673 30.858
204.032 33.425
204.390 32.845
204.749 31.474
205.107 31.384
205.466 29.876
205.824 28.011
206.183 27.008
206.542 26.314
206.900 28.190
207.259 27.124
207.617 28.734
207.976 28.842
208.335 28.564
208.693 27.861
209.052 26.958
209.410 28.844
209.769 29.217
210.127 28.685
210.486 26.860
210.845 25.069
211.203 25.463
211.562 25.466
211.920 24.449
212.279 22.780
212.637 25.226
212.996 25.001
213.355 24.912
213.713 24.712
214.072 25.192
214.430 23.271
214.789 21.543
215.148 23.274
215.506 23.304
215.865 21.950
216.223 21.800
216.582 22.545
216.940 21.805
217.299 20.848
217.658 21.231
218.016 20.885
218.375 20.042
218.733 19.249
219.092 19.021
219.451 20.623
219.809 21.047
220.168 19.151
220.526 19.680
220.885 19.575
221.243 20.001
221.602 20.938
221.961 19.575
222.319 20.229
222.678 20.534
223.036 19.762
223.395 18.461
223.753 20.140
224.112 20.402
224.471 19.541
224.829 19.334
225.188 18.677
225.546 18.756
225.905 19.993
226.264 19.552
226.622 18.050
226.981 17.670
227.339 17.225
227.698 20.321
228.056 20.221
228.415 16.802
228.774 20.877
229.132 20.247
229.491 18.600
229.849 18.928
230.208 21.024
230.566 21.721
230.925 20.542
231.284 20.864
231.642 21.905
232.001 20.564
232.359 17.408
232.718 17.165
233.077 16.428
233.435 18.633
233.794 17.527
234.152 18.807
234.511 19.925
234.869 17.184
235.228 18.739
235.587 18.577
235.945 19.013
236.304 18.252
236.662 18.108
237.021 19.285
237.379 19.762
237.738 18.993
238.097 17.706
238.455 18.034
238.814 18.443
239.172 20.406
239.531 21.949
239.890 21.681
240.248 19.638
240.607 18.170
240.965 17.892
241.324 17.904
241.682 18.177
242.041 20.995
242.400 20.846
242.758 20.420
243.117 19.438
243.475 18.876
243.834 19.203
244.192 20.599
244.551 20.714
244.910 19.478
245.268 19.662
245.627 19.438
245.985 17.965
246.344 16.980
246.703 17.005
247.061 18.081
247.420 18.500
247.778 18.803
248.137 18.261
248.495 19.128
248.854 20.431
249.213 19.351
249.571 18.791
249.930 18.466
250.288 18.914
250.647 20.308
251.005 19.539
251.364 19.247
251.723 19.296
252.081 19.879
252.440 19.362
252.798 19.420
253.157 19.451
253.516 20.609
253.874 20.690
254.233 17.119
254.591 18.044
254.950 17.399
255.308 19.348
255.667 19.932
256.026 18.064
256.384 16.386
256.743 18.974
257.101 19.434
257.460 19.495
257.818 19.313
258.177 17.632
258.536 18.507
258.894 21.416
259.253 19.981
259.611 18.541
259.970 18.104
260.329 21.577
260.687 21.181
261.046 20.233
261.404 19.642
261.763 19.408
262.121 19.106
262.480 18.360
262.839 18.186
263.197 16.202
263.556 11.482
263.914 3.515E-10
