0.000 19.000
0.265 20.869
0.529 21.156
0.794 19.705
1.058 19.307
1.323 21.197
1.588 21.663
1.852 19.701
2.117 21.107
2.381 21.680
2.646 22.327
2.910 21.573
3.175 21.294
3.440 20.516
3.704 18.480
3.969 19.422
4.233 20.799
4.498 21.652
4.763 21.487
5.027 21.722
5.292 20.512
5.556 21.279
5.821 21.815
6.086 22.004
6.350 22.583
6.615 22.355
6.879 21.974
7.144 21.617
7.409 21.704
7.673 20.614
7.938 19.326
8.202 20.040
8.467 22.113
8.731 21.811
8.996 21.117
9.261 21.640
9.525 22.200
9.790 21.713
10.054 19.780
10.319 19.641
10.584 22.195
10.848 20.683
11.113 20.202
11.377 20.347
11.642 21.659
11.907 20.972
12.171 20.279
12.436 19.678
12.700 20.020
12.965 20.935
13.230 22.110
13.494 22.539
13.759 21.653
14.023 20.487
14.288 22.492
14.552 22.901
14.817 22.235
15.082 22.913
15.346 22.872
15.611 21.886
15.875 21.600
16.140 22.432
16.405 23.698
16.669 24.031
16.934 21.273
17.198 20.982
17.463 22.801
17.728 22.574
17.992 19.436
18.257 19.848
18.521 22.429
18.786 22.467
19.050 20.012
19.315 19.357
19.580 20.959
19.844 21.038
20.109 23.980
20.373 24.747
20.638 23.430
20.903 22.783
21.167 22.198
21.432 24.466
21.696 25.331
21.961 23.482
22.226 24.537
22.490 24.111
22.755 24.274
23.019 24.448
23.284 23.399
23.549 24.207
23.813 25.923
24.078 25.219
24.342 25.268
24.607 27.082
24.871 26.859
25.136 26.811
25.401 29.938
25.665 27.893
25.930 25.990
26.194 28.801
26.459 30.988
26.724 30.698
26.988 30.860
27.253 29.210
27.517 31.416
27.782 30.873
28.047 30.327
28.311 31.612
28.576 33.069
28.840 31.362
29.105 31.311
29.369 31.092
29.634 32.695
29.899 33.802
30.163 34.744
30.428 35.676
30.692 35.411
30.957 35.021
31.222 37.363
31.486 37.154
31.751 37.343
32.015 37.981
32.280 40.367
32.545 41.462
32.809 40.521
33.074 40.982
33.338 42.161
33.603 42.951
33.868 43.207
34.132 43.542
34.397 43.838
34.661 45.080
34.926 45.887
35.190 46.067
35.455 46.293
35.720 47.162
35.984 47.883
36.249 48.178
36.513 48.546
36.778 48.720
37.043 48.968
37.307 49.710
37.572 50.329
37.836 50.346
38.101 50.929
38.366 51.162
38.630 51.842
38.895 52.131
39.159 52.718
39.424 52.576
39.689 52.348
39.953 53.096
40.218 53.048
40.482 53.240
40.747 53.743
41.011 54.347
41.276 54.453
41.541 54.719
41.805 54.495
42.070 54.811
42.334 54.944
42.599 55.163
42.864 55.519
43.128 55.634
43.393 55.347
43.657 55.612
43.922 56.108
44.187 56.662
44.451 56.542
44.716 56.377
44.980 56.387
45.245 56.991
45.509 57.569
45.774 57.450
46.039 57.665
46.303 57.518
46.568 57.689
46.832 58.614
47.097 58.946
47.362 58.940
47.626 58.723
47.891 59.209
48.155 59.479
48.420 59.645
48.685 59.759
48.949 60.107
49.214 60.815
49.478 61.401
49.743 61.524
50.008 61.754
50.272 62.049
50.537 62.161
50.801 62.308
51.066 62.650
51.330 62.557
51.595 63.220
51.860 63.922
52.124 63.856
52.389 63.675
52.653 64.029
52.918 64.407
53.183 64.602
53.447 64.750
53.712 65.042
53.976 65.429
54.241 66.283
54.506 66.377
54.770 66.470
55.035 67.132
55.299 67.536
55.564 67.436
55.828 68.003
56.093 68.450
56.358 68.407
56.622 68.920
56.887 69.012
57.151 69.476
57.416 70.104
57.681 70.550
57.945 70.962
58.210 71.500
58.474 71.656
58.739 71.800
59.004 72.540
59.268 73.000
59.533 73.090
59.797 73.833
60.062 74.134
60.327 74.610
60.591 75.293
60.856 75.773
61.120 75.713
61.385 75.997
61.649 77.013
61.914 77.455
62.179 78.014
62.443 78.658
62.708 78.590
62.972 78.819
63.237 80.301
63.502 80.653
63.766 80.924
64.031 81.350
64.295 81.870
64.560 82.354
64.825 82.790
65.089 83.114
65.354 83.969
65.618 84.237
65.883 84.956
66.148 85.829
66.412 86.483
66.677 87.135
66.941 87.633
67.206 88.487
67.470 88.873
67.735 89.513
68.000 90.197
68.264 91.022
68.529 91.344
68.793 92.240
69.058 93.239
69.323 93.339
69.587 94.146
69.852 95.582
70.116 96.219
70.381 97.002
70.646 97.400
70.910 98.230
71.175 99.085
71.439 100.200
71.704 100.966
71.968 101.757
72.233 102.896
72.498 103.236
72.762 104.279
73.027 105.468
73.291 106.483
73.556 107.494
73.821 108.627
74.085 109.531
74.350 110.100
74.614 111.415
74.879 112.652
75.144 114.261
75.408 115.924
75.673 117.366
75.937 118.157
76.202 119.505
76.467 120.584
76.731 121.831
76.996 123.540
77.260 125.397
77.525 126.871
77.789 129.168
78.054 130.994
78.319 132.146
78.583 133.425
78.848 134.196
79.112 134.756
79.377 135.988
79.642 136.793
79.906 137.448
80.171 138.136
80.435 138.847
80.700 140.074
80.965 141.256
81.229 142.318
81.494 143.789
81.758 145.509
82.023 147.002
82.287 148.679
82.552 151.101
82.817 154.996
83.081 158.080
83.346 161.977
83.610 167.353
83.875 169.741
84.140 170.000
84.404 170.000
84.669 170.000
84.933 170.000
85.198 170.000
85.463 170.000
85.727 170.000
85.992 170.000
86.256 170.000
86.521 170.000
86.786 170.000
87.050 170.000
87.315 170.000
87.579 170.000
87.844 170.000
88.108 170.000
88.373 170.000
88.638 170.000
88.902 170.000
89.167 170.000
89.431 170.000
89.696 170.000
89.961 170.000
90.225 170.000
90.490 170.000
90.754 170.000
91.019 170.000
91.284 170.000
91.548 170.000
91.813 170.000
92.077 170.000
92.342 170.000
92.607 170.000
92.871 170.000
93.136 170.000
93.400 170.000
93.665 170.000
93.929 170.000
94.194 170.000
94.459 170.000
94.723 170.000
94.988 170.000
95.252 170.000
95.517 170.000
95.782 170.000
96.046 170.000
96.311 170.000
96.575 170.000
96.840 170.000
97.105 170.000
97.369 170.000
97.634 170.000
97.898 170.000
98.163 169.416
98.427 165.513
98.692 158.125
98.957 149.584
99.221 144.020
99.486 141.322
99.750 136.925
100.015 133.875
100.280 130.960
100.544 127.091
100.809 121.138
101.073 118.270
101.338 114.606
101.603 112.267
101.867 109.944
102.132 107.734
102.396 105.810
102.661 104.580
102.926 103.224
103.190 101.097
103.455 99.588
103.719 97.849
103.984 96.740
104.248 95.861
104.513 94.753
104.778 92.031
105.042 90.580
105.307 88.498
105.571 87.010
105.836 86.042
106.101 84.376
106.365 82.082
106.630 81.403
106.894 80.296
107.159 78.730
107.424 77.025
107.688 75.544
107.953 73.782
108.217 72.906
108.482 71.781
108.746 70.238
109.011 69.373
109.276 68.452
109.540 67.236
109.805 65.677
110.069 65.307
110.334 64.090
110.599 63.201
110.863 62.569
111.128 61.589
111.392 60.529
111.657 59.481
111.922 59.335
112.186 57.945
112.451 57.582
112.715 57.109
112.980 56.465
113.245 55.826
113.509 55.319
113.774 53.732
114.038 53.237
114.303 52.346
114.567 51.932
114.832 51.581
115.097 50.805
115.361 49.426
115.626 49.703
115.890 49.321
116.155 48.629
116.420 47.913
116.684 47.211
116.949 46.979
117.213 46.678
117.478 46.077
117.743 44.789
118.007 44.894
118.272 44.625
118.536 44.115
118.801 43.546
119.066 43.098
119.330 42.141
119.595 41.727
119.859 42.002
120.124 41.466
120.388 41.047
120.653 40.597
120.918 40.078
121.182 40.059
121.447 39.307
121.711 38.468
121.976 38.286
122.241 38.482
122.505 38.343
122.770 39.258
123.034 37.996
123.299 37.202
123.564 36.660
123.828 36.608
124.093 36.670
124.357 36.138
124.622 36.249
124.886 35.481
125.151 35.265
125.416 35.663
125.680 35.841
125.945 35.128
126.209 35.992
126.474 32.991
126.739 33.095
127.003 32.223
127.268 32.255
127.532 32.423
127.797 33.222
128.062 33.307
128.326 31.849
128.591 31.247
128.855 31.621
129.120 31.940
129.385 32.214
129.649 32.494
129.914 32.367
130.178 32.237
130.443 33.186
130.707 33.930
130.972 33.507
131.237 32.813
131.501 35.796
131.766 32.311
132.030 33.850
132.295 33.221
132.560 32.437
132.824 32.858
133.089 31.849
133.353 32.182
133.618 35.251
133.883 34.604
134.147 31.370
134.412 28.391
134.676 28.133
134.941 30.072
135.206 29.185
135.470 29.787
135.735 30.674
135.999 28.868
136.264 28.440
136.528 28.646
136.793 31.511
137.058 29.930
137.322 28.082
137.587 29.237
137.851 27.424
138.116 26.653
138.381 28.629
138.645 29.668
138.910 26.920
139.174 23.742
139.439 27.625
139.704 29.120
139.968 29.035
140.233 28.227
140.497 27.105
140.762 27.850
141.026 25.617
141.291 27.382
141.556 28.826
141.820 27.506
142.085 25.950
142.349 24.628
142.614 24.117
142.879 27.285
143.143 27.498
143.408 26.439
143.672 26.246
143.937 25.856
144.202 24.140
144.466 26.837
144.731 26.115
144.995 24.023
145.260 25.050
145.525 25.182
145.789 24.911
146.054 25.523
146.318 24.324
146.583 25.052
146.847 25.902
147.112 25.249
147.377 25.418
147.641 24.899
147.906 21.982
148.170 22.756
148.435 24.842
148.700 24.304
148.964 22.139
149.229 20.058
149.493 19.691
149.758 21.896
150.023 21.121
150.287 21.628
150.552 20.595
150.816 20.080
151.081 20.805
151.345 22.233
151.610 22.905
151.875 19.821
152.139 18.179
152.404 18.139
152.668 18.567
152.933 18.667
153.198 18.989
153.462 20.922
153.727 22.292
153.991 21.465
154.256 19.570
154.521 19.433
154.785 18.982
155.050 16.107
155.314 18.630
155.579 21.331
155.844 18.912
156.108 18.621
156.373 18.661
156.637 19.909
156.902 20.417
157.166 21.401
157.431 21.261
157.696 21.026
157.960 19.824
158.225 18.618
158.489 17.993
158.754 17.659
159.019 17.200
159.283 18.587
159.548 18.037
159.812 18.056
160.077 17.710
160.342 16.365
160.606 17.230
160.871 19.569
161.135 18.944
161.400 18.892
161.665 19.019
161.929 17.635
162.194 19.028
162.458 20.867
162.723 20.540
162.987 20.210
163.252 19.059
163.517 18.404
163.781 18.052
164.046 18.761
164.310 19.750
164.575 19.845
164.840 20.443
165.104 19.666
165.369 19.557
165.633 18.918
165.898 19.611
166.163 17.998
166.427 16.586
166.692 18.403
166.956 18.424
167.221 18.763
167.485 18.991
167.750 19.147
168.015 18.136
168.279 18.750
168.544 20.372
168.808 20.158
169.073 19.734
169.338 19.078
169.602 19.393
169.867 20.816
170.131 19.282
170.396 19.344
170.661 19.490
170.925 18.864
171.190 18.440
171.454 18.294
171.719 19.409
171.984 17.386
172.248 17.284
172.513 17.819
172.777 17.944
173.042 18.303
173.306 18.483
173.571 18.634
173.836 16.997
174.100 14.154
174.365 15.191
174.629 18.900
174.894 18.888
175.159 18.082
175.423 17.772
175.688 19.316
175.952 21.174
176.217 21.113
176.482 19.937
176.746 21.195
177.011 20.384
177.275 16.937
177.540 17.103
177.805 18.008
178.069 18.532
178.334 18.250
178.598 19.146
178.863 20.398
179.127 19.313
179.392 18.394
179.657 18.786
179.921 18.874
180.186 17.871
180.450 20.883
180.715 16.807
180.980 15.904
181.244 17.828
181.509 20.471
181.773 20.095
182.038 18.255
182.303 19.333
