0.0000 21.667
0.0658 19.938
0.1316 17.233
0.1974 17.760
0.2633 19.946
0.3291 21.307
0.3949 22.007
0.4607 21.992
0.5265 21.103
0.5923 22.409
0.6581 21.007
0.7240 20.075
0.7898 21.714
0.8556 22.662
0.9214 19.696
0.9872 20.819
1.0530 21.007
1.1188 20.270
1.1847 21.887
1.2505 21.111
1.3163 20.276
1.3821 20.043
1.4479 22.146
1.5137 22.736
1.5795 21.742
1.6454 22.210
1.7112 21.564
1.7770 21.763
1.8428 21.524
1.9086 22.982
1.9744 23.698
2.0402 19.884
2.1061 21.045
2.1719 22.914
2.2377 20.333
2.3035 19.035
2.3693 20.147
2.4351 21.631
2.5009 21.681
2.5667 22.206
2.6326 21.868
2.6984 22.711
2.7642 23.331
2.8300 21.796
2.8958 20.953
2.9616 20.753
3.0274 20.049
3.0933 18.138
3.1591 17.308
3.2249 19.414
3.2907 19.884
3.3565 20.194
3.4223 21.486
3.4881 23.162
3.5540 23.509
3.6198 22.803
3.6856 22.950
3.7514 21.974
3.8172 21.843
3.8830 22.323
3.9488 20.179
4.0147 19.712
4.0805 21.062
4.1463 19.846
4.2121 19.476
4.2779 19.515
4.3437 19.098
4.4095 19.801
4.4754 21.333
4.5412 21.555
4.6070 20.207
4.6728 19.671
4.7386 20.222
4.8044 19.541
4.8702 20.069
4.9361 23.097
5.0019 22.063
5.0677 19.294
5.1335 20.136
5.1993 19.893
5.2651 20.824
5.3309 23.037
5.3968 22.788
5.4626 21.185
5.5284 21.653
5.5942 23.586
5.6600 21.294
5.7258 19.475
5.7916 21.188
5.8575 21.663
5.9233 23.237
5.9891 24.123
6.0549 23.103
6.1207 22.745
6.1865 22.714
6.2523 22.594
6.3182 20.969
6.3840 21.340
6.4498 21.099
6.5156 19.986
6.5814 22.926
6.6472 23.686
6.7130 21.411
6.7789 21.768
6.8447 22.228
6.9105 22.325
6.9763 20.545
7.0421 20.858
7.1079 22.838
7.1737 22.971
7.2395 23.545
7.3054 24.000
7.3712 24.137
7.4370 23.946
7.5028 25.360
7.5686 24.593
7.6344 24.347
7.7002 27.201
7.7661 23.947
7.8319 25.779
7.8977 25.980
7.9635 23.214
8.0293 23.263
8.0951 23.022
8.1609 25.077
8.2268 26.454
8.2926 25.153
8.3584 26.994
8.4242 27.081
8.4900 28.155
8.5558 29.755
8.6216 29.346
8.6875 28.102
8.7533 29.594
8.8191 29.110
8.8849 29.653
8.9507 29.826
9.0165 30.826
9.0823 30.382
9.1482 32.137
9.2140 32.758
9.2798 31.105
9.3456 31.486
9.4114 31.153
9.4772 31.988
9.5430 32.965
9.6089 31.810
9.6747 32.973
9.7405 32.580
9.8063 33.779
9.8721 34.545
9.9379 35.528
10.0037 36.429
10.0696 35.943
10.1354 35.680
10.2012 34.994
10.2670 35.768
10.3328 37.172
10.3986 36.939
10.4644 37.863
10.5303 39.104
10.5961 38.901
10.6619 39.326
10.7277 39.948
10.7935 40.188
10.8593 40.459
10.9251 41.214
10.9910 42.146
11.0568 42.590
11.1226 42.667
11.1884 43.157
11.2542 44.174
11.3200 44.667
11.3858 44.975
11.4517 45.379
11.5175 45.264
11.5833 45.629
11.6491 46.562
11.7149 47.217
11.7807 47.253
11.8465 47.129
11.9123 47.773
11.9782 47.904
12.0440 48.333
12.1098 48.824
12.1756 49.153
12.2414 49.600
12.3072 50.109
12.3730 50.191
12.4389 49.949
12.5047 50.104
12.5705 50.438
12.6363 50.871
12.7021 51.364
12.7679 50.910
12.8337 51.086
12.8996 51.526
12.9654 52.000
13.0312 52.097
13.0970 51.817
13.1628 52.311
13.2286 52.533
13.2944 52.463
13.3603 52.990
13.4261 52.991
13.4919 53.011
13.5577 53.443
13.6235 53.613
13.6893 53.317
13.7551 53.169
13.8210 53.341
13.8868 53.448
13.9526 54.359
14.0184 54.226
14.0842 54.514
14.1500 54.788
14.2158 54.607
14.2817 55.218
14.3475 55.333
14.4133 55.390
14.4791 55.934
14.5449 55.904
14.6107 56.195
14.6765 56.673
14.7424 57.003
14.8082 57.334
14.8740 57.653
14.9398 58.260
15.0056 57.932
15.0714 58.205
15.1372 58.173
15.2031 58.323
15.2689 58.959
15.3347 58.732
15.4005 58.364
15.4663 58.410
15.5321 59.102
15.5979 59.735
15.6638 59.686
15.7296 60.251
15.7954 60.554
15.8612 60.661
15.9270 60.678
15.9928 60.963
16.0586 61.152
16.1245 61.543
16.1903 62.358
16.2561 62.736
16.3219 62.415
16.3877 62.618
16.4535 62.920
16.5193 63.770
16.5851 63.924
16.6510 63.714
16.7168 64.273
16.7826 64.516
16.8484 64.701
16.9142 65.409
16.9800 65.660
17.0458 65.713
17.1117 66.160
17.1775 66.582
17.2433 66.743
17.3091 67.077
17.3749 67.751
17.4407 68.215
17.5065 68.302
17.5724 68.725
17.6382 69.000
17.7040 69.398
17.7698 70.017
17.8356 70.495
17.9014 71.083
17.9672 71.338
18.0331 71.934
18.0989 72.659
18.1647 72.943
18.2305 73.361
18.2963 73.885
18.3621 74.216
18.4279 74.655
18.4938 75.493
18.5596 76.068
18.6254 76.287
18.6912 76.492
18.7570 77.061
18.8228 77.706
18.8886 77.961
18.9545 78.294
19.0203 78.811
19.0861 79.165
19.1519 79.709
19.2177 80.335
19.2835 80.821
19.3493 81.177
19.4152 81.667
19.4810 82.090
19.5468 82.603
19.6126 83.258
19.6784 84.004
19.7442 84.707
19.8100 85.411
19.8759 86.008
19.9417 86.535
20.0075 87.216
20.0733 87.891
20.1391 88.762
20.2049 89.726
20.2707 89.887
20.3366 90.288
20.4024 91.536
20.4682 92.410
20.5340 93.148
20.5998 93.740
20.6656 94.175
20.7314 95.051
20.7973 95.893
20.8631 97.122
20.9289 98.370
20.9947 99.184
21.0605 100.437
21.1263 101.051
21.1921 101.707
21.2579 102.713
21.3238 103.552
21.3896 104.204
21.4554 106.005
21.5212 106.851
21.5870 108.765
21.6528 109.701
21.7186 110.312
21.7845 112.013
21.8503 113.094
21.9161 114.926
21.9819 115.700
22.0477 116.730
22.1135 119.349
22.1793 120.340
22.2452 121.438
22.3110 124.152
22.3768 125.687
22.4426 128.622
22.5084 129.314
22.5742 130.910
22.6400 133.491
22.7059 133.974
22.7717 134.618
22.8375 136.502
22.9033 137.089
22.9691 138.509
23.0349 139.475
23.1007 140.254
23.1666 141.755
23.2324 142.495
23.2982 144.572
23.3640 145.283
23.4298 146.361
23.4956 148.310
23.5614 149.424
23.6273 150.761
23.6931 153.702
23.7589 155.920
23.8247 160.308
23.8905 165.070
23.9563 169.005
24.0221 169.982
24.0880 170.000
24.1538 170.000
24.2196 170.000
24.2854 170.000
24.3512 170.000
24.4170 170.000
24.4828 170.000
24.5487 170.000
24.6145 170.000
24.6803 170.000
24.7461 170.000
24.8119 170.000
24.8777 170.000
24.9435 170.000
25.0094 170.000
25.0752 170.000
25.1410 170.000
25.2068 170.000
25.2726 170.000
25.3384 170.000
25.4042 170.000
25.4701 170.000
25.5359 170.000
25.6017 170.000
25.6675 170.000
25.7333 170.000
25.7991 170.000
25.8649 170.000
25.9307 170.000
25.9966 170.000
26.0624 170.000
26.1282 170.000
26.1940 170.000
26.2598 170.000
26.3256 170.000
26.3914 170.000
26.4573 170.000
26.5231 170.000
26.5889 170.000
26.6547 170.000
26.7205 170.000
26.7863 170.000
26.8521 170.000
26.9180 170.000
26.9838 170.000
27.0496 170.000
27.1154 170.000
27.1812 170.000
27.2470 170.000
27.3128 170.000
27.3787 170.000
27.4445 170.000
27.5103 170.000
27.5761 170.000
27.6419 169.716
27.7077 168.283
27.7735 165.432
27.8394 159.938
27.9052 150.832
27.9710 145.613
28.0368 140.364
28.1026 138.200
28.1684 136.243
28.2342 133.827
28.3001 131.119
28.3659 127.601
28.4317 122.286
28.4975 119.143
28.5633 114.966
28.6291 112.477
28.6949 110.230
28.7608 106.729
28.8266 104.313
28.8924 100.451
28.9582 98.402
29.0240 96.232
29.0898 92.969
29.1556 90.948
29.2215 88.873
29.2873 85.626
29.3531 84.101
29.4189 80.949
29.4847 79.151
29.5505 77.149
29.6163 74.341
29.6822 73.148
29.7480 71.976
29.8138 69.702
29.8796 68.053
29.9454 66.084
30.0112 65.051
30.0770 63.746
30.1429 62.425
30.2087 61.359
30.2745 60.723
30.3403 59.516
30.4061 58.944
30.4719 57.634
30.5377 57.353
30.6035 56.995
30.6694 56.488
30.7352 56.766
30.8010 56.426
30.8668 56.162
30.9326 55.900
30.9984 55.984
31.0642 55.865
31.1301 56.308
31.1959 55.976
31.2617 55.723
31.3275 55.670
31.3933 55.678
31.4591 55.600
31.5249 55.332
31.5908 55.583
31.6566 55.582
31.7224 55.273
31.7882 55.040
31.8540 54.810
31.9198 55.040
31.9856 55.195
32.0515 54.903
32.1173 54.556
32.1831 54.488
32.2489 54.536
32.3147 54.225
32.3805 53.783
32.4463 53.331
32.5122 53.425
32.5780 53.385
32.6438 53.467
32.7096 53.040
32.7754 52.634
32.8412 52.661
32.9070 52.481
32.9729 52.438
33.0387 52.438
33.1045 52.082
33.1703 51.696
33.2361 51.842
33.3019 52.117
33.3677 51.669
33.4336 51.258
33.4994 51.049
33.5652 50.854
33.6310 50.525
33.6968 49.926
33.7626 49.498
33.8284 49.361
33.8943 49.331
33.9601 49.240
34.0259 49.016
34.0917 48.523
34.1575 47.876
34.2233 47.728
34.2891 47.226
34.3550 46.385
34.4208 46.352
34.4866 46.331
34.5524 46.093
34.6182 45.982
34.6840 45.857
34.7498 45.442
34.8157 45.118
34.8815 44.352
34.9473 44.308
35.0131 44.134
35.0789 43.867
35.1447 43.694
35.2105 43.643
35.2763 43.374
35.3422 42.257
35.4080 42.000
35.4738 41.887
35.5396 41.564
35.6054 42.085
35.6712 41.905
35.7370 41.533
35.8029 41.519
35.8687 41.262
35.9345 41.213
36.0003 40.588
36.0661 40.333
36.1319 40.292
36.1977 39.981
36.2636 39.836
36.3294 40.194
36.3952 39.689
36.4610 39.969
36.5268 39.647
36.5926 39.421
36.6584 39.468
36.7243 39.486
36.7901 39.211
36.8559 38.604
36.9217 39.021
36.9875 38.336
37.0533 38.613
37.1191 38.709
37.1850 38.636
37.2508 38.129
37.3166 38.328
37.3824 37.958
37.4482 38.856
37.5140 38.040
37.5798 37.938
37.6457 36.959
37.7115 37.031
37.7773 36.395
37.8431 36.631
37.9089 36.626
37.9747 36.103
38.0405 36.240
38.1064 36.001
38.1722 35.297
38.2380 35.170
38.3038 34.517
38.3696 34.720
38.4354 34.249
38.5012 33.740
38.5671 34.524
38.6329 33.958
38.6987 33.835
38.7645 33.372
38.8303 33.387
38.8961 33.000
38.9619 33.335
39.0278 33.159
39.0936 32.286
39.1594 31.690
39.2252 32.133
39.2910 31.753
39.3568 29.688
39.4226 27.658
39.4885 27.309
39.5543 28.247
39.6201 28.877
39.6859 30.010
39.7517 29.585
39.8175 28.591
39.8833 29.516
39.9492 29.807
40.0150 29.638
40.0808 28.876
40.1466 26.090
40.2124 26.315
40.2782 27.061
40.3440 25.062
40.4098 24.457
40.4757 24.981
40.5415 26.442
40.6073 26.837
40.6731 25.149
40.7389 24.445
40.8047 23.423
40.8705 22.828
40.9364 24.239
41.0022 25.304
41.0680 23.777
41.1338 21.947
41.1996 21.172
41.2654 21.449
41.3312 22.564
41.3971 21.941
41.4629 21.324
41.5287 21.558
41.5945 21.642
41.6603 21.615
41.7261 20.101
41.7919 19.541
41.8578 18.561
41.9236 19.513
41.9894 21.425
42.0552 19.319
42.1210 18.649
42.1868 18.594
42.2526 19.415
42.3185 19.328
42.3843 19.670
42.4501 19.347
42.5159 18.420
42.5817 17.245
42.6475 20.463
42.7133 20.434
42.7792 19.077
42.8450 19.510
42.9108 18.232
42.9766 18.403
43.0424 20.138
43.1082 18.804
43.1740 18.638
43.2399 21.086
43.3057 22.245
43.3715 20.680
43.4373 21.538
43.5031 20.786
43.5689 20.574
43.6347 18.492
43.7006 18.268
43.7664 18.703
43.8322 19.979
43.8980 21.070
43.9638 19.262
44.0296 18.260
44.0954 18.813
44.1613 19.871
44.2271 16.889
44.2929 16.069
44.3587 19.762
44.4245 21.313
44.4903 18.702
44.5561 16.992
44.6219 19.404
44.6878 19.313
44.7536 18.621
44.8194 18.356
44.8852 16.836
44.9510 17.882
45.0168 19.436
45.0826 20.229
45.1485 31.880
45.2143 29.021
45.2801 20.528
45.3459 19.169
45.4117 20.017
45.4775 19.396
45.5433 20.363
45.6092 22.998
45.6750 20.066
45.7408 17.143
45.8066 19.619
45.8724 20.221
45.9382 17.923
46.0040 18.013
46.0699 17.706
46.1357 18.087
46.2015 17.663
46.2673 17.842
46.3331 17.715
46.3989 18.576
46.4647 19.927
46.5306 18.118
46.5964 16.861
46.6622 17.179
46.7280 17.692
46.7938 17.183
46.8596 17.272
46.9254 19.855
46.9913 21.477
47.0571 19.117
47.1229 19.343
47.1887 20.226
47.2545 18.701
47.3203 18.425
47.3861 17.318
47.4520 17.890
47.5178 18.712
47.5836 17.705
47.6494 17.554
47.7152 20.203
47.7810 21.901
47.8468 20.581
47.9127 19.466
47.9785 18.337
48.0443 16.853
48.1101 15.553
48.1759 16.250
48.2417 18.351
48.3075 20.349
48.3734 20.502
48.4392 19.942
48.5050 19.046
48.5708 18.726
48.6366 18.932
48.7024 19.021
48.7682 18.319
48.8341 18.197
48.8999 17.548
48.9657 16.358
49.0315 17.339
49.0973 18.117
49.1631 15.805
49.2289 15.780
49.2948 19.242
49.3606 19.750
49.4264 19.081
49.4922 19.074
49.5580 19.259
49.6238 19.021
49.6896 18.535
49.7554 19.599
49.8213 18.642
49.8871 19.394
49.9529 19.420
50.0187 18.295
50.0845 17.457
50.1503 19.131
50.2161 19.344
50.2820 18.509
50.3478 20.955
50.4136 21.637
50.4794 19.302
50.5452 18.372
50.6110 19.125
50.6768 17.613
50.7427 15.574
50.8085 16.502
50.8743 17.487
50.9401 18.331
51.0059 17.051
51.0717 17.263
51.1375 15.993
51.2034 15.379
51.2692 15.902
51.3350 16.976
51.4008 17.128
51.4666 16.598
51.5324 15.932
51.5982 16.738
51.6641 19.437
51.7299 19.694
51.7957 21.496
51.8615 20.667
