0.000 19.000
0.507 19.362
1.015 20.032
1.522 21.061
2.030 21.081
2.537 16.677
3.045 18.503
3.552 21.610
4.060 21.699
4.567 19.515
5.075 19.081
5.582 19.911
6.090 18.146
6.597 17.982
7.104 17.239
7.612 19.788
8.119 19.408
8.627 19.127
9.134 21.824
9.642 20.205
10.149 18.828
10.657 19.915
11.164 20.289
11.672 19.225
12.179 18.359
12.687 16.557
13.194 19.385
13.701 20.879
14.209 22.566
14.716 21.018
15.224 21.395
15.731 20.376
16.239 18.757
16.746 19.601
17.254 19.592
17.761 17.849
18.269 19.789
18.776 20.496
19.284 20.641
19.791 20.563
20.299 19.819
20.806 17.490
21.313 19.170
21.821 21.203
22.328 22.268
22.836 20.002
23.343 20.008
23.851 22.521
24.358 22.051
24.866 22.594
25.373 22.093
25.881 21.094
26.388 22.559
26.896 23.262
27.403 23.195
27.910 22.889
28.418 22.427
28.925 23.461
29.433 24.469
29.940 25.618
30.448 24.696
30.955 24.173
31.463 24.507
31.970 24.626
32.478 22.259
32.985 24.930
33.493 26.600
34.000 26.146
34.507 23.200
35.015 25.620
35.522 27.844
36.030 25.676
36.537 27.582
37.045 28.143
37.552 26.958
38.060 28.667
38.567 29.281
39.075 30.715
39.582 29.136
40.090 30.417
40.597 28.549
41.104 26.748
41.612 31.655
42.119 31.336
42.627 29.981
43.134 29.719
43.642 30.406
44.149 30.074
44.657 32.446
45.164 34.560
45.672 31.456
46.179 30.403
46.687 34.923
47.194 33.342
47.701 34.187
48.209 32.870
48.716 34.667
49.224 34.118
49.731 35.000
50.239 35.201
50.746 34.951
51.254 34.667
51.761 34.000
52.269 34.583
52.776 36.000
53.284 38.361
53.791 39.285
54.299 36.333
54.806 36.437
55.313 37.344
55.821 38.554
56.328 38.653
56.836 38.547
57.343 39.296
57.851 39.000
58.358 39.728
58.866 40.136
59.373 39.667
59.881 40.523
60.388 40.852
60.896 41.333
61.403 41.000
61.910 41.507
62.418 41.169
62.925 41.330
63.433 41.989
63.940 42.333
64.448 42.333
64.955 42.298
65.463 42.478
65.970 42.667
66.478 43.530
66.985 43.667
67.493 43.924
68.000 43.791
68.507 43.696
69.015 44.550
69.522 44.446
70.030 45.000
70.537 44.980
71.045 45.333
71.552 45.667
72.060 46.185
72.567 45.755
73.075 45.916
73.582 46.667
74.090 46.000
74.597 46.856
75.104 46.402
75.612 46.731
76.119 47.060
76.627 46.779
77.134 47.385
77.642 47.619
78.149 47.465
78.657 48.627
79.164 48.559
79.672 48.365
80.179 48.083
80.687 48.357
81.194 49.647
81.701 49.682
82.209 50.012
82.716 50.333
83.224 50.993
83.731 50.666
84.239 50.991
84.746 50.983
85.254 51.629
85.761 51.034
86.269 52.000
86.776 52.308
87.284 52.667
87.791 52.934
88.299 53.259
88.806 54.128
89.313 54.198
89.821 54.186
90.328 54.947
90.836 55.552
91.343 55.211
91.851 55.601
92.358 55.528
92.866 56.000
93.373 56.179
93.881 56.163
94.388 57.496
94.896 57.577
95.403 58.000
95.910 59.040
96.418 59.362
96.925 59.789
97.433 60.114
97.940 60.325
98.448 60.333
98.955 61.301
99.463 61.748
99.970 61.943
100.478 61.931
100.985 62.862
101.493 63.191
102.000 63.228
102.507 63.850
103.015 64.667
103.522 65.175
104.030 65.351
104.537 66.001
105.045 66.659
105.552 66.477
106.060 67.310
106.567 68.484
107.075 68.813
107.582 68.476
108.090 69.528
108.597 69.731
109.104 70.725
109.612 70.713
110.119 71.211
110.627 71.118
111.134 71.895
111.642 73.000
112.149 73.227
112.657 73.667
113.164 74.137
113.672 74.239
114.179 74.577
114.687 75.495
115.194 76.087
115.701 76.433
116.209 76.371
116.716 76.667
117.224 77.737
117.731 78.148
118.239 78.493
118.746 78.613
119.254 79.234
119.761 80.484
120.269 80.750
120.776 81.183
121.284 81.765
121.791 81.823
122.299 81.949
122.806 82.603
123.313 83.264
123.821 83.627
124.328 83.982
124.836 84.328
125.343 84.998
125.851 85.342
126.358 86.681
126.866 87.678
127.373 88.030
127.881 89.371
128.388 90.023
128.896 90.388
129.403 90.427
129.910 91.070
130.418 92.373
130.925 93.710
131.433 94.381
131.940 95.000
132.448 95.945
132.955 97.000
133.463 97.270
133.970 98.333
134.478 100.523
134.985 101.440
135.493 101.920
136.000 103.832
136.507 104.982
137.015 107.483
137.522 108.950
138.030 109.700
138.537 112.355
139.045 114.451
139.552 118.109
140.060 119.985
140.567 122.426
141.075 126.667
141.582 129.410
142.090 137.735
142.597 140.864
143.104 145.246
143.612 151.945
144.119 154.146
144.627 156.447
145.134 163.081
145.642 166.888
146.149 169.835
146.657 170.000
147.164 170.000
147.672 170.000
148.179 170.000
148.687 170.000
149.194 170.000
149.701 170.000
150.209 170.000
150.716 170.000
151.224 170.000
151.731 170.000
152.239 170.000
152.746 170.000
153.254 170.000
153.761 170.000
154.269 170.000
154.776 170.000
155.284 170.000
155.791 170.000
156.299 170.000
156.806 170.000
157.313 170.000
157.821 170.000
158.328 170.000
158.836 170.000
159.343 170.000
159.851 170.000
160.358 170.000
160.866 170.000
161.373 170.000
161.881 170.000
162.388 170.000
162.896 170.000
163.403 170.000
163.910 170.000
164.418 170.000
164.925 170.000
165.433 170.000
165.940 170.000
166.448 170.000
166.955 170.000
167.463 170.000
167.970 170.000
168.478 170.000
168.985 170.000
169.493 170.000
170.000 170.000
170.507 170.000
171.015 170.000
171.522 167.700
172.030 165.667
172.537 164.417
173.045 160.516
173.552 158.099
174.060 152.935
174.567 150.231
175.075 148.062
175.582 144.864
176.090 142.806
176.597 141.667
177.104 140.156
177.612 138.246
178.119 137.000
178.627 136.667
179.134 135.761
179.642 134.333
180.149 133.795
180.657 132.454
181.164 129.000
181.672 127.552
182.179 125.000
182.687 123.667
183.194 122.540
183.701 120.072
184.209 119.397
184.716 118.000
185.224 117.048
185.731 115.707
186.239 113.881
186.746 113.357
187.254 112.159
187.761 110.667
188.269 109.667
188.776 108.162
189.284 107.492
189.791 106.975
190.299 105.484
190.806 104.813
191.313 104.333
191.821 103.471
192.328 102.735
192.836 100.723
193.343 100.585
193.851 99.910
194.358 99.000
194.866 98.228
195.373 96.776
195.881 96.000
196.388 95.305
196.896 94.529
197.403 94.094
197.910 94.423
198.418 92.838
198.925 92.415
199.433 90.488
199.940 90.667
200.448 90.528
200.955 89.065
201.463 89.122
201.970 87.781
202.478 87.386
202.985 86.814
203.493 85.225
204.000 85.790
204.507 85.444
205.015 85.366
205.522 84.724
206.030 83.692
206.537 82.729
207.045 82.700
207.552 82.359
208.060 82.009
208.567 81.338
209.075 81.000
209.582 80.997
210.090 79.652
210.597 79.965
211.104 79.589
211.612 78.608
212.119 78.262
212.627 77.306
213.134 77.571
213.642 77.262
214.149 76.333
214.657 76.202
215.164 75.808
215.672 75.281
216.179 74.888
216.687 74.547
217.194 73.936
217.701 73.932
218.209 73.639
218.716 73.362
219.224 73.092
219.731 71.916
220.239 71.157
220.746 71.445
221.254 71.281
221.761 70.799
222.269 70.373
222.776 69.899
223.284 68.775
223.791 69.200
224.299 68.879
224.806 68.750
225.313 68.280
225.821 68.333
226.328 67.393
226.836 67.051
227.343 67.043
227.851 66.184
228.358 65.514
228.866 65.000
229.373 65.333
229.881 65.165
230.388 64.492
230.896 64.147
231.403 63.489
231.910 63.485
232.418 63.667
232.925 63.288
233.433 63.280
233.940 62.802
234.448 62.930
234.955 63.128
235.463 62.753
235.970 62.667
236.478 61.795
236.985 61.555
237.493 61.559
238.000 61.207
238.507 61.468
239.015 61.143
239.522 60.425
240.030 60.421
240.537 60.333
241.045 60.000
241.552 60.592
242.060 60.525
242.567 61.132
243.075 60.874
243.582 60.372
244.090 60.114
244.597 59.232
245.104 59.240
245.612 58.957
246.119 58.961
246.627 58.931
247.134 58.303
247.642 57.640
248.149 57.644
248.657 56.685
249.164 56.623
249.672 56.979
250.179 55.667
250.687 55.664
251.194 55.998
251.701 55.661
252.209 54.657
252.716 53.667
253.224 53.298
253.731 52.667
254.239 51.693
254.746 51.607
255.254 51.034
255.761 50.667
256.269 49.916
256.776 48.574
257.284 48.616
257.791 48.279
258.298 47.333
258.806 46.062
259.313 45.667
259.821 44.859
260.328 44.075
260.836 43.079
261.343 44.168
261.851 43.333
262.358 41.576
262.866 40.716
263.373 39.296
263.881 38.897
264.388 38.333
264.896 38.445
265.403 37.552
265.910 35.571
266.418 35.949
266.925 35.254
267.433 35.547
267.940 34.198
268.448 32.722
268.955 32.140
269.463 32.000
269.970 29.849
270.478 27.644
270.985 29.551
271.493 31.686
272.000 31.838
272.507 30.010
273.015 28.667
273.522 26.026
274.030 28.347
274.537 27.663
275.045 24.032
275.552 23.904
276.060 26.534
276.567 25.722
277.075 24.462
277.582 27.121
278.090 25.864
278.597 23.226
279.104 23.655
279.612 26.018
280.119 23.697
280.627 22.249
281.134 21.651
281.642 22.267
282.149 22.667
282.657 24.081
283.164 22.000
283.672 21.115
284.179 22.265
284.687 19.925
285.194 18.607
285.701 23.837
286.209 21.158
286.716 19.764
287.224 20.845
287.731 20.828
288.239 19.333
288.746 20.366
289.254 22.362
289.761 22.976
290.269 16.818
290.776 0.000
291.284 0.000
291.791 0.000
292.298 0.000
292.806 0.000
